1.998399999999999636e+03 4.382904602306225667e-06
2.000100000000000364e+03 3.295598045785258251e-06
2.001800000000001546e+03 4.654312000030587174e-06
2.003500000000000000e+03 3.672173404810008554e-06
2.005100000000000364e+03 5.050925949017080632e-06
2.006800000000001546e+03 4.080352410523232461e-06
2.008500000000000000e+03 5.399587187852678573e-06
2.010100000000000364e+03 4.318681981839931009e-06
2.011800000000001546e+03 5.585389036390320788e-06
2.013500000000000000e+03 4.503670093752520595e-06
2.015100000000000364e+03 5.823838642594016827e-06
2.016800000000001546e+03 4.821383295257882760e-06
2.018500000000000000e+03 6.146041472277004962e-06
2.020100000000000364e+03 5.053956089549338640e-06
2.021800000000001546e+03 6.191815276356790278e-06
2.023500000000000000e+03 4.943407377182737135e-06
2.025100000000000364e+03 5.947059608345159366e-06
2.026800000000001546e+03 4.661129733283680976e-06
2.028500000000000000e+03 5.662582470240649624e-06
2.030100000000000364e+03 4.396578761799807371e-06
2.031800000000001546e+03 5.386656944354674837e-06
2.033500000000000000e+03 4.147534100300301263e-06
2.035100000000000364e+03 5.168602267426277607e-06
2.036800000000001546e+03 3.976625635951434942e-06
2.038500000000000000e+03 5.042115469162785832e-06
2.040199999999998454e+03 3.840017185317747949e-06
2.041800000000001546e+03 4.845953919756416602e-06
2.043500000000000000e+03 3.596205106441830671e-06
2.045199999999998454e+03 4.578383350424335583e-06
2.046800000000001546e+03 3.394865251433061413e-06
2.048500000000000000e+03 4.458942617352573759e-06
2.050199999999998454e+03 3.373152335056024188e-06
2.051800000000001546e+03 4.447754164669659342e-06
2.053500000000000000e+03 3.302685047580137758e-06
2.055199999999998454e+03 4.249157844594229910e-06
2.056800000000001546e+03 3.016285699612931815e-06
2.058500000000000000e+03 3.912195055115613176e-06
2.060199999999998454e+03 2.667682757249156348e-06
2.061800000000001546e+03 3.568124204173092779e-06
2.063500000000000000e+03 2.387312016382491242e-06
2.065199999999998454e+03 3.325613206739715800e-06
2.066800000000001546e+03 2.194276484977330897e-06
2.068500000000000000e+03 3.199512125584825713e-06
2.070199999999998454e+03 2.101637157066151078e-06
2.071800000000001546e+03 3.065899782690958234e-06
2.073500000000000000e+03 1.960823644964317935e-06
2.075199999999998454e+03 2.904571970560200772e-06
2.076899999999999636e+03 1.868653570588987881e-06
2.078500000000000000e+03 2.904139995118914736e-06
2.080199999999998454e+03 1.982420597880646955e-06
2.081899999999999636e+03 3.065615109142629327e-06
2.083500000000000000e+03 2.146839228944235408e-06
2.085199999999998454e+03 3.207710014597755723e-06
2.086899999999999636e+03 2.302417465276710320e-06
2.088500000000000000e+03 3.380001686832397289e-06
2.090199999999998454e+03 2.574627626987911398e-06
2.091899999999999636e+03 3.671228195766386513e-06
2.093500000000000000e+03 2.852138872348062096e-06
2.095199999999998454e+03 3.844609696416315869e-06
2.096899999999999636e+03 2.934615631498651561e-06
2.098500000000000000e+03 3.867383970100009710e-06
2.100199999999998454e+03 2.991321564545125348e-06
2.101899999999999636e+03 3.999621831243016183e-06
2.103500000000000000e+03 3.262243593393140950e-06
2.105199999999998454e+03 4.346978469595495274e-06
2.106899999999999636e+03 3.719514488556690554e-06
2.108500000000000000e+03 4.863682007064422117e-06
2.110199999999998454e+03 4.344000969140058442e-06
2.111899999999999636e+03 5.544209706933839059e-06
2.113600000000000364e+03 5.062366137120926973e-06
2.115199999999998454e+03 6.244896733323335376e-06
2.116899999999999181e+03 5.723292344959407199e-06
2.118600000000000819e+03 6.853143689136556173e-06
2.120199999999998454e+03 6.388277995806779618e-06
2.121899999999999181e+03 7.431854488741496898e-06
2.123600000000000819e+03 6.916097641622350645e-06
2.125199999999998454e+03 7.843659651080814809e-06
2.126899999999999181e+03 7.243634963750113184e-06
2.128600000000000819e+03 8.067924552484953036e-06
2.130199999999998454e+03 7.618464067828541560e-06
2.131899999999999181e+03 8.842499456374556461e-06
2.133600000000000819e+03 8.945708437924085595e-06
2.135199999999998454e+03 1.080093845252616537e-05
2.136899999999999181e+03 1.165225891027448064e-05
2.138600000000000819e+03 1.381341006887082891e-05
2.140199999999998454e+03 1.472240080152523804e-05
2.141899999999999181e+03 1.667042720291684867e-05
2.143600000000000819e+03 1.761125498759977189e-05
2.145199999999998454e+03 1.966489886462899616e-05
2.146899999999999181e+03 2.101061440064256236e-05
2.148600000000000819e+03 2.348911507553819782e-05
2.150300000000001546e+03 2.495080530477681541e-05
2.151899999999999181e+03 2.733292350948657735e-05
2.153600000000000819e+03 2.921694743618492537e-05
2.155300000000001546e+03 3.219414267902841301e-05
2.156899999999999181e+03 3.493526998454336515e-05
2.158600000000000819e+03 3.894338645691229145e-05
2.160300000000001546e+03 4.254643384066637661e-05
2.161899999999999181e+03 4.719384537952679850e-05
2.163600000000000819e+03 5.173511310261970949e-05
2.165300000000001546e+03 5.798664320866137836e-05
2.166899999999999181e+03 6.470143752261006340e-05
2.168600000000000819e+03 7.325596326533625904e-05
2.170300000000001546e+03 8.364799010374606792e-05
2.171899999999999181e+03 9.604541095266609511e-05
2.173600000000000819e+03 1.121679269739387285e-04
2.175300000000001546e+03 1.314273152456415627e-04
2.176899999999999181e+03 1.574822200655932923e-04
2.178600000000000819e+03 1.873963172470236201e-04
2.180300000000001546e+03 2.268754075368129160e-04
2.181899999999999181e+03 2.786644985118530817e-04
2.183600000000000819e+03 3.454485369924938098e-04
2.185300000000001546e+03 4.443766014933796965e-04
2.187000000000000000e+03 5.836994229430508309e-04
2.188600000000000819e+03 8.085788498379270365e-04
2.190300000000001546e+03 1.186087039037869023e-03
2.192000000000000000e+03 1.854441982825808227e-03
2.193600000000000819e+03 3.261404475323372108e-03
2.195300000000001546e+03 5.359105804812724569e-03
2.197000000000000000e+03 8.414227857994357671e-03
2.198600000000000819e+03 1.198196442571341884e-02
2.200300000000001546e+03 1.492666622176025241e-02
2.202000000000000000e+03 1.625560834774120514e-02
2.203600000000000819e+03 1.547905452854962671e-02
2.205300000000001546e+03 1.289042148389550960e-02
2.207000000000000000e+03 9.330986294492953775e-03
2.208600000000000819e+03 5.916660202925648308e-03
2.210300000000001546e+03 3.514482023159756861e-03
2.212000000000000000e+03 1.899344328428455514e-03
2.213600000000000819e+03 1.026066501248908223e-03
2.215300000000001546e+03 6.205995389973509822e-04
2.217000000000000000e+03 3.921758633331148824e-04
2.218600000000000819e+03 2.708175317942405533e-04
2.220300000000001546e+03 1.870993751341567624e-04
2.222000000000000000e+03 1.414079839412178869e-04
2.223600000000000819e+03 1.020743068068437505e-04
2.225300000000001546e+03 8.143915125308704491e-05
2.227000000000000000e+03 6.104698881514036173e-05
2.228699999999998454e+03 5.203182854388132118e-05
2.230300000000001546e+03 3.930389190794093531e-05
2.232000000000000000e+03 3.404659257938638396e-05
2.233699999999998454e+03 2.491842016946948658e-05
2.235300000000001546e+03 2.175997831109236028e-05
2.237000000000000000e+03 1.476252046288383866e-05
2.238699999999998454e+03 1.313986500945672502e-05
2.240300000000001546e+03 7.650590970758099706e-06
2.242000000000000000e+03 7.195882128866897956e-06
2.243699999999998454e+03 3.240589294004458638e-06
2.245300000000001546e+03 3.950620194629541261e-06
2.247000000000000000e+03 9.884048841025245155e-07
2.248699999999998454e+03 2.303750149938584269e-06
2.250300000000001546e+03 -1.231776931310676988e-07
2.252000000000000000e+03 1.294438457212982733e-06
2.253699999999998454e+03 -7.915325676181345112e-07
2.255300000000001546e+03 8.300946052314686066e-07
2.257000000000000000e+03 -8.518168772263509873e-07
2.258699999999998454e+03 9.932584862398696213e-07
2.260300000000001546e+03 -3.257065951924104751e-07
2.262000000000000000e+03 1.791044071622783912e-06
2.263699999999998454e+03 8.202393569669731679e-07
2.265399999999998727e+03 3.104183649487873344e-06
2.267000000000000000e+03 2.410193114474275801e-06
2.268699999999998454e+03 4.732498284387139083e-06
2.270399999999998727e+03 4.203323171247720228e-06
2.272000000000000000e+03 6.644186108922764320e-06
2.273699999999998454e+03 6.393796539819920194e-06
2.275399999999998727e+03 9.079765952300458708e-06
2.277000000000000000e+03 9.357963738308470322e-06
2.278699999999998454e+03 1.244206938007558006e-05
2.280399999999998727e+03 1.319667330278005819e-05
2.282000000000000000e+03 1.668720378057686991e-05
2.283699999999998454e+03 1.753899207985574625e-05
2.285399999999998727e+03 2.081838215298079223e-05
2.287000000000000000e+03 2.198370953802418679e-05
2.288699999999998454e+03 2.583430945752004777e-05
2.290399999999998727e+03 2.804411135930991744e-05
2.292000000000000000e+03 3.299968678588985046e-05
2.293699999999998454e+03 3.633186420018918138e-05
2.295399999999998727e+03 4.142240804336947628e-05
2.297000000000000000e+03 4.433784783457381376e-05
2.298699999999998454e+03 4.926740257363980316e-05
2.300399999999998727e+03 5.256714342560899519e-05
2.302100000000001273e+03 5.824087230600300880e-05
2.303699999999998454e+03 6.302495123011446379e-05
2.305399999999998727e+03 6.986366532249172563e-05
2.307100000000001273e+03 7.471269360222368265e-05
2.308699999999998454e+03 8.194890883913781337e-05
2.310399999999998727e+03 8.850734710108143640e-05
2.312100000000001273e+03 9.770282217988677490e-05
2.313699999999998454e+03 1.066798894938161542e-04
2.315399999999998727e+03 1.166253417957967324e-04
2.317100000000001273e+03 1.243117643786499713e-04
2.318699999999998454e+03 1.318142739948834584e-04
2.320399999999998727e+03 1.386956774249877000e-04
2.322100000000001273e+03 1.471605191755288964e-04
2.323699999999998454e+03 1.552640434998137054e-04
2.325399999999998727e+03 1.647921627686994286e-04
2.327100000000001273e+03 1.726781401027006836e-04
2.328699999999998454e+03 1.809340108459840495e-04
2.330399999999998727e+03 1.894550440543288101e-04
2.332100000000001273e+03 1.990811894079787627e-04
2.333699999999998454e+03 2.105157237156075022e-04
2.335399999999998727e+03 2.207643988108181667e-04
2.337100000000001273e+03 2.306872154264233996e-04
2.338800000000001546e+03 2.390645648248861761e-04
2.340399999999998727e+03 2.460528937268539927e-04
2.342100000000001273e+03 2.519430636711007506e-04
2.343800000000002001e+03 2.609179598464318240e-04
2.345399999999998727e+03 2.695175917948285701e-04
2.347100000000001273e+03 2.834717556904243910e-04
2.348800000000002001e+03 2.992652225044001063e-04
2.350399999999998727e+03 3.216259576665456447e-04
2.352100000000001273e+03 3.447463170221326078e-04
2.353800000000002001e+03 3.719944384971786747e-04
2.355399999999998727e+03 4.001293512674989651e-04
2.357100000000001273e+03 4.345375811832965065e-04
2.358800000000002001e+03 4.701886645044271425e-04
2.360399999999998727e+03 5.096573019125490546e-04
2.362100000000001273e+03 5.471888932960911707e-04
2.363800000000002001e+03 5.894663817102947442e-04
2.365399999999998727e+03 6.308759921924628807e-04
2.367100000000001273e+03 6.920507313917829018e-04
2.368800000000002001e+03 7.681748816481139388e-04
2.370399999999998727e+03 8.710333162820539394e-04
2.372100000000001273e+03 9.940468125448510134e-04
2.373800000000002001e+03 1.133753041074026489e-03
2.375500000000000000e+03 1.286995462608918166e-03
2.377100000000001273e+03 1.478728455231931478e-03
2.378800000000002001e+03 1.709575726799467035e-03
2.380500000000000000e+03 2.063219813900428641e-03
2.382100000000001273e+03 2.515021657424257057e-03
2.383800000000002001e+03 3.197601182889050694e-03
2.385500000000000000e+03 4.038993765058032821e-03
2.387100000000001273e+03 5.305220622309723098e-03
2.388800000000002001e+03 7.190799776098146141e-03
2.390500000000000000e+03 1.021046721393341003e-02
2.392100000000001273e+03 1.527395570756685458e-02
2.393800000000002001e+03 2.253420390970702070e-02
2.395500000000000000e+03 3.178028595097198705e-02
2.397100000000001273e+03 4.166162310659007190e-02
2.398800000000002001e+03 4.930288173304533256e-02
2.400500000000000000e+03 5.241120202382701376e-02
2.402100000000001273e+03 5.002121993143648221e-02
2.403800000000002001e+03 4.304181929193166140e-02
2.405500000000000000e+03 3.363640876872007329e-02
2.407100000000001273e+03 2.429669836058570911e-02
2.408800000000002001e+03 1.690170616117203303e-02
2.410500000000000000e+03 1.147439385971098409e-02
2.412199999999997999e+03 7.810511859666857681e-03
2.413800000000002001e+03 5.546526550617457418e-03
2.415500000000000000e+03 4.021872406892562299e-03
2.417199999999997999e+03 2.977346260995748523e-03
2.418800000000002001e+03 2.293300155807501736e-03
2.420500000000000000e+03 1.753860717125732809e-03
2.422199999999997999e+03 1.383259572678880193e-03
2.423800000000002001e+03 1.091251681964884200e-03
2.425500000000000000e+03 8.946017635318825444e-04
2.427199999999997999e+03 7.389885880093030254e-04
2.428800000000002001e+03 6.217131462746631467e-04
2.430500000000000000e+03 5.266128288641630474e-04
2.432199999999997999e+03 4.523143812298985539e-04
2.433800000000002001e+03 3.854716391348104749e-04
2.435500000000000000e+03 3.392688915269315348e-04
2.437199999999997999e+03 2.918923315083794801e-04
2.438800000000002001e+03 2.577869175319372295e-04
2.440500000000000000e+03 2.247773524841179904e-04
2.442199999999997999e+03 2.023874589796855828e-04
2.443800000000002001e+03 1.781258239732677964e-04
2.445500000000000000e+03 1.637676273258611179e-04
2.447199999999997999e+03 1.443285390031055944e-04
2.448899999999998727e+03 1.330253645001220827e-04
2.450500000000000000e+03 1.152518215945477780e-04
2.452199999999997999e+03 1.063104064034525883e-04
2.453899999999998727e+03 9.026993366437039866e-05
2.455500000000000000e+03 8.328787100508400687e-05
2.457199999999997999e+03 7.071290189721585596e-05
2.458899999999998727e+03 6.756379746520559581e-05
2.460500000000000000e+03 5.931045100621889561e-05
2.462199999999997999e+03 5.900175055649070356e-05
2.463899999999998727e+03 5.266369109175072811e-05
2.465500000000000000e+03 5.282036592777127830e-05
2.467199999999997999e+03 4.598759785029170501e-05
2.468899999999998727e+03 4.562685735380237308e-05
2.470500000000000000e+03 3.857453530388382763e-05
2.472199999999997999e+03 3.801636860368316984e-05
2.473899999999998727e+03 3.099241212294037224e-05
2.475500000000000000e+03 3.085041578931437358e-05
2.477199999999997999e+03 2.484744741297656879e-05
2.478899999999998727e+03 2.563584446259884126e-05
2.480500000000000000e+03 2.077624924351274656e-05
2.482199999999997999e+03 2.230385531567097019e-05
2.483899999999998727e+03 1.806282002426571581e-05
2.485500000000000000e+03 2.001671378406424338e-05
2.487199999999997999e+03 1.607557221633016740e-05
2.488899999999998727e+03 1.814623277833136533e-05
2.490600000000001273e+03 1.426847800478527926e-05
2.492199999999997999e+03 1.613085031750376277e-05
2.493899999999998727e+03 1.206882071127975955e-05
2.495600000000001273e+03 1.387698919579274423e-05
2.497199999999997999e+03 1.007455240728705683e-05
2.498899999999998727e+03 1.206666972768536401e-05
2.500600000000001273e+03 8.565073393337387515e-06
2.502199999999997999e+03 1.087771449876896184e-05
2.503899999999998727e+03 7.578259050894777905e-06
2.505600000000001273e+03 9.923852086148179114e-06
2.507199999999997999e+03 6.722330466251192041e-06
2.508899999999998727e+03 9.053577354546474986e-06
2.510600000000001273e+03 5.935068853681219182e-06
2.512199999999997999e+03 8.301952358740401306e-06
2.513899999999998727e+03 5.186842401559165423e-06
2.515600000000001273e+03 7.391831790854273826e-06
2.517199999999997999e+03 4.141385227309856245e-06
2.518899999999998727e+03 6.305257629058753531e-06
2.520600000000001273e+03 3.232448858302728467e-06
2.522199999999997999e+03 5.644675318139596927e-06
2.523899999999998727e+03 2.800685255348746453e-06
2.525600000000001273e+03 5.235988559368075663e-06
2.527300000000002001e+03 2.403369346270161705e-06
2.528899999999998727e+03 4.762837340296470727e-06
2.530600000000001273e+03 1.988637925695866936e-06
2.532300000000002001e+03 4.435297303884515613e-06
2.533899999999998727e+03 1.747831541180526629e-06
2.535600000000001273e+03 4.238693152903013677e-06
2.537300000000002001e+03 1.551782692318767523e-06
2.538899999999998727e+03 3.998930295157234984e-06
2.540600000000001273e+03 1.309180808811814740e-06
2.542300000000002001e+03 3.690283120475108214e-06
2.543899999999998727e+03 1.020584080315783492e-06
2.545600000000001273e+03 3.390343658227794415e-06
2.547300000000002001e+03 7.636521623036615167e-07
2.548899999999998727e+03 3.139270060633733936e-06
2.550600000000001273e+03 5.171255393595806167e-07
2.552300000000002001e+03 2.916266550618437316e-06
2.553899999999998727e+03 3.489411566115188354e-07
2.555600000000001273e+03 2.773853083488120510e-06
2.557300000000002001e+03 2.571712081512877678e-07
2.558899999999998727e+03 2.659487123402134073e-06
2.560600000000001273e+03 1.434848932763052176e-07
2.562300000000002001e+03 2.517350628760638843e-06
2.564000000000000000e+03 1.268494728318246698e-09
2.565600000000001273e+03 2.321034942662721760e-06
2.567300000000002001e+03 -2.121160829991855794e-07
2.569000000000000000e+03 2.103908406550451652e-06
2.570600000000001273e+03 -3.858363638539864604e-07
2.572300000000002001e+03 1.961171249480342811e-06
2.574000000000000000e+03 -4.592046205213018873e-07
2.575600000000001273e+03 1.896032815090696753e-06
2.577300000000002001e+03 -5.341936224789836362e-07
2.579000000000000000e+03 1.801364675249028000e-06
2.580600000000001273e+03 -6.260503702825646754e-07
2.582300000000002001e+03 1.684762462619572351e-06
2.584000000000000000e+03 -7.301108863082609145e-07
2.585600000000001273e+03 1.560863214574594886e-06
2.587300000000002001e+03 -8.318582258215328142e-07
2.589000000000000000e+03 1.465460889734923362e-06
2.590600000000001273e+03 -8.991902580673573601e-07
2.592300000000002001e+03 1.426217884418926901e-06
2.594000000000000000e+03 -9.020808003649458711e-07
2.595600000000001273e+03 1.441292527928400804e-06
2.597300000000002001e+03 -8.546267388701639838e-07
2.599000000000000000e+03 1.486618706119763866e-06
2.600699999999997999e+03 -8.129356224670672281e-07
2.602300000000002001e+03 1.474311188715793179e-06
2.604000000000000000e+03 -8.566791997235413917e-07
2.605699999999997999e+03 1.388592188225014479e-06
2.607300000000002001e+03 -9.333438679133884663e-07
2.609000000000000000e+03 1.331447323662134871e-06
2.610699999999997999e+03 -9.524036292455336893e-07
2.612300000000002001e+03 1.333348997366154105e-06
2.614000000000000000e+03 -9.420133204912658502e-07
2.615699999999997999e+03 1.312392621293713485e-06
2.617300000000002001e+03 -9.795340836134123384e-07
2.619000000000000000e+03 1.253294996733315584e-06
2.620699999999997999e+03 -1.019980642964715316e-06
2.622300000000002001e+03 1.230730488129382357e-06
2.624000000000000000e+03 -9.995864644488736263e-07
2.625699999999997999e+03 1.259314519644429230e-06
2.627300000000002001e+03 -9.792597387826873991e-07
2.629000000000000000e+03 1.240933453523821229e-06
2.630699999999997999e+03 -1.034369525461149183e-06
2.632300000000002001e+03 1.153031908666096474e-06
2.634000000000000000e+03 -1.118537716792497772e-06
2.635699999999997999e+03 1.076927162654186916e-06
2.637399999999998272e+03 -1.155775472474802177e-06
2.639000000000000000e+03 1.057586732786660660e-06
2.640699999999997999e+03 -1.152635507672917209e-06
2.642399999999998272e+03 1.058080530381675560e-06
2.644000000000000000e+03 -1.155580448268222101e-06
2.645699999999997999e+03 1.036222804055571136e-06
2.647399999999998272e+03 -1.181366226035673763e-06
2.649000000000000000e+03 1.005224823896244579e-06
2.650699999999997999e+03 -1.200709754229726152e-06
2.652399999999998272e+03 9.842854958385446692e-07
2.654000000000000000e+03 -1.216656693601886218e-06
2.655699999999997999e+03 9.646541755568813376e-07
2.657399999999998272e+03 -1.224120282115357784e-06
2.659000000000000000e+03 9.521029500830947424e-07
2.660699999999997999e+03 -1.222422641731399617e-06
2.662399999999998272e+03 9.537030206130354567e-07
2.664000000000000000e+03 -1.218253616717181454e-06
2.665699999999997999e+03 9.514018562519183638e-07
2.667399999999998272e+03 -1.215811684957917501e-06
2.669000000000000000e+03 9.441869481458948403e-07
2.670699999999997999e+03 -1.218787637693860619e-06
2.672399999999998272e+03 9.436277709523409508e-07
2.674100000000001728e+03 -1.207443517925118444e-06
2.675699999999997999e+03 9.522680594128584068e-07
2.677399999999998272e+03 -1.195973386069093201e-06
2.679100000000001728e+03 9.476593781106047918e-07
2.680699999999997999e+03 -1.205657605554261308e-06
2.682399999999998272e+03 9.315790056826848104e-07
2.684100000000001728e+03 -1.211909410553765611e-06
2.685699999999997999e+03 9.237598459403362484e-07
2.687399999999998272e+03 -1.212306764433947468e-06
2.689100000000001728e+03 9.148074147979811767e-07
2.690699999999997999e+03 -1.225504538176839204e-06
2.692399999999998272e+03 8.918623866509163581e-07
2.694100000000001728e+03 -1.245734415873100809e-06
2.695699999999997999e+03 8.674490173832112410e-07
2.697399999999998272e+03 -1.262422268203009729e-06
2.699100000000001728e+03 8.487124579972086065e-07
2.700699999999997999e+03 -1.270640341095180531e-06
2.702399999999998272e+03 8.447870544267149662e-07
2.704100000000001728e+03 -1.262190341281593107e-06
2.705699999999997999e+03 8.598844517228022715e-07
2.707399999999998272e+03 -1.235530179962658835e-06
2.709100000000001728e+03 8.853937854205853506e-07
2.710800000000002001e+03 -1.209521389098571768e-06
2.712399999999998272e+03 8.971838563066535109e-07
2.714100000000001728e+03 -1.204801335518442146e-06
2.715800000000002001e+03 8.860524902178175956e-07
2.717399999999998272e+03 -1.217665419783086436e-06
2.719100000000001728e+03 8.725427470452701676e-07
2.720800000000002001e+03 -1.221059262557890495e-06
2.722399999999998272e+03 8.703502695532040780e-07
2.724100000000001728e+03 -1.215428480005959317e-06
2.725800000000002001e+03 8.722153581713877005e-07
2.727399999999998272e+03 -1.214481064884551109e-06
2.729100000000001728e+03 8.659805318857521434e-07
2.730800000000002001e+03 -1.217742456365960862e-06
2.732399999999998272e+03 8.576345700076552638e-07
2.734100000000001728e+03 -1.224751382064871649e-06
2.735800000000002001e+03 8.451462062006918265e-07
2.737399999999998272e+03 -1.234878260875902310e-06
2.739100000000001728e+03 8.334998191245060323e-07
2.740800000000002001e+03 -1.236051986660484328e-06
2.742399999999998272e+03 8.331457205391799390e-07
2.744100000000001728e+03 -1.234770844522854939e-06
2.745800000000002001e+03 8.300748833580462785e-07
2.747399999999998272e+03 -1.237062713182505883e-06
