1.998399999999999636e+03 2.477162823273476132e-06
2.000100000000000364e+03 4.595521249622762959e-06
2.001800000000001546e+03 2.803508352145193881e-06
2.003500000000000000e+03 4.927477794612703360e-06
2.005100000000000364e+03 3.148450543170515213e-06
2.006800000000001546e+03 5.339235132027955920e-06
2.008500000000000000e+03 3.609443082103511571e-06
2.010100000000000364e+03 5.855743709380399696e-06
2.011800000000001546e+03 4.083045825525724782e-06
2.013500000000000000e+03 6.212363140860373430e-06
2.015100000000000364e+03 4.263426640166672144e-06
2.016800000000001546e+03 6.219475161023952735e-06
2.018500000000000000e+03 4.169615265045303200e-06
2.020100000000000364e+03 6.099911655782482539e-06
2.021800000000001546e+03 4.031770910589800710e-06
2.023500000000000000e+03 6.000922013102074803e-06
2.025100000000000364e+03 3.965782163571967459e-06
2.026800000000001546e+03 6.005575137367895694e-06
2.028500000000000000e+03 4.031037117005702961e-06
2.030100000000000364e+03 6.150511080791029864e-06
2.031800000000001546e+03 4.227609258707708201e-06
2.033500000000000000e+03 6.354122839422775550e-06
2.035100000000000364e+03 4.383553688797038077e-06
2.036800000000001546e+03 6.409524005861343509e-06
2.038500000000000000e+03 4.275217902523746825e-06
2.040199999999998454e+03 6.134840201072556567e-06
2.041800000000001546e+03 3.880390258589474120e-06
2.043500000000000000e+03 5.735345661601508906e-06
2.045199999999998454e+03 3.513624665889647725e-06
2.046800000000001546e+03 5.449082035348899863e-06
2.048500000000000000e+03 3.270111725455505423e-06
2.050199999999998454e+03 5.200325336139096788e-06
2.051800000000001546e+03 2.955872339725442717e-06
2.053500000000000000e+03 4.839116114169432611e-06
2.055199999999998454e+03 2.605616536925984824e-06
2.056800000000001546e+03 4.532076904669935571e-06
2.058500000000000000e+03 2.359323570267212808e-06
2.060199999999998454e+03 4.358258783632987235e-06
2.061800000000001546e+03 2.209966867126698129e-06
2.063500000000000000e+03 4.280993570044595796e-06
2.065199999999998454e+03 2.188702711547944441e-06
2.066800000000001546e+03 4.344176266711892163e-06
2.068500000000000000e+03 2.315163049851932592e-06
2.070199999999998454e+03 4.480235221909598689e-06
2.071800000000001546e+03 2.436124758271923921e-06
2.073500000000000000e+03 4.600464631711048967e-06
2.075199999999998454e+03 2.541454930949338354e-06
2.076899999999999636e+03 4.685890129448999015e-06
2.078500000000000000e+03 2.586918709573743863e-06
2.080199999999998454e+03 4.692357098356466377e-06
2.081899999999999636e+03 2.547529474329391360e-06
2.083500000000000000e+03 4.684464401316397865e-06
2.085199999999998454e+03 2.644604652392252902e-06
2.086899999999999636e+03 4.888538719879316156e-06
2.088500000000000000e+03 2.971565286308060932e-06
2.090199999999998454e+03 5.338171771821157117e-06
2.091899999999999636e+03 3.495827546491601646e-06
2.093500000000000000e+03 5.952021748357815990e-06
2.095199999999998454e+03 4.220359584460679409e-06
2.096899999999999636e+03 6.701168599414697608e-06
2.098500000000000000e+03 4.863677296100702402e-06
2.100199999999998454e+03 7.198580222924226058e-06
2.101899999999999636e+03 5.278297463244613524e-06
2.103500000000000000e+03 7.624401141030186577e-06
2.105199999999998454e+03 5.968454380447607585e-06
2.106899999999999636e+03 8.668615131646148326e-06
2.108500000000000000e+03 7.268920609487216410e-06
2.110199999999998454e+03 1.006792583517544551e-05
2.111899999999999636e+03 8.696499421509426786e-06
2.113600000000000364e+03 1.145254144469700311e-05
2.115199999999998454e+03 1.010965386781983938e-05
2.116899999999999181e+03 1.293838810755253381e-05
2.118600000000000819e+03 1.190052147511546912e-05
2.120199999999998454e+03 1.487620204984542623e-05
2.121899999999999181e+03 1.414791465839709933e-05
2.123600000000000819e+03 1.756418265886602247e-05
2.125199999999998454e+03 1.714946842614422208e-05
2.126899999999999181e+03 2.114928861040568566e-05
2.128600000000000819e+03 2.145558690618120043e-05
2.130199999999998454e+03 2.651242182213252446e-05
2.131899999999999181e+03 2.853413380309026239e-05
2.133600000000000819e+03 3.504207297447541492e-05
2.135199999999998454e+03 3.925393793013666591e-05
2.136899999999999181e+03 4.729478019429837906e-05
2.138600000000000819e+03 5.285233487855166170e-05
2.140199999999998454e+03 6.242945973704027470e-05
2.141899999999999181e+03 7.103938995353453268e-05
2.143600000000000819e+03 8.703189099246626335e-05
2.145199999999998454e+03 1.051809047635023108e-04
2.146899999999999181e+03 1.332689683986427954e-04
2.148600000000000819e+03 1.694518923867388463e-04
2.150300000000001546e+03 2.196559928072127938e-04
2.151899999999999181e+03 2.871795125041631683e-04
2.153600000000000819e+03 3.830963853908289293e-04
2.155300000000001546e+03 5.421112109168426535e-04
2.156899999999999181e+03 8.263406287420887271e-04
2.158600000000000819e+03 1.542001277278315851e-03
2.160300000000001546e+03 2.709838764247341630e-03
2.161899999999999181e+03 4.567188076124978520e-03
2.163600000000000819e+03 6.957861953514555588e-03
2.165300000000001546e+03 9.065294966381734834e-03
2.166899999999999181e+03 1.016557877052521978e-02
2.168600000000000819e+03 9.814874507371701418e-03
2.170300000000001546e+03 8.140216435433819675e-03
2.171899999999999181e+03 5.729069444436506522e-03
2.173600000000000819e+03 3.403700059535398701e-03
2.175300000000001546e+03 1.823967610380724602e-03
2.176899999999999181e+03 8.405338376031153092e-04
2.178600000000000819e+03 3.515700416771667058e-04
2.180300000000001546e+03 1.968997765947000866e-04
2.181899999999999181e+03 1.054875418389921734e-04
2.183600000000000819e+03 7.582707099798733296e-05
2.185300000000001546e+03 4.441854355589986211e-05
2.187000000000000000e+03 3.520364533431289891e-05
2.188600000000000819e+03 1.828459219740287406e-05
2.190300000000001546e+03 1.668357202497712871e-05
2.192000000000000000e+03 5.810485532489660566e-06
2.193600000000000819e+03 8.165114647090358356e-06
2.195300000000001546e+03 5.426297001476799357e-07
2.197000000000000000e+03 4.520027189149795424e-06
2.198600000000000819e+03 -1.662290075319343543e-06
2.200300000000001546e+03 2.895278688898518390e-06
2.202000000000000000e+03 -2.704738381462516321e-06
2.203600000000000819e+03 2.118923259512390070e-06
2.205300000000001546e+03 -3.046035119496163267e-06
2.207000000000000000e+03 1.966854395720927550e-06
2.208600000000000819e+03 -2.903627690464865551e-06
2.210300000000001546e+03 2.258126479033127085e-06
2.212000000000000000e+03 -2.424322585597586720e-06
2.213600000000000819e+03 2.860985937803322583e-06
2.215300000000001546e+03 -1.637424342522360542e-06
2.217000000000000000e+03 3.788124883045422506e-06
2.218600000000000819e+03 -5.109187252564194309e-07
2.220300000000001546e+03 5.066966200798231291e-06
2.222000000000000000e+03 8.766744100963715283e-07
2.223600000000000819e+03 6.528691345230203339e-06
2.225300000000001546e+03 2.305183978880474314e-06
2.227000000000000000e+03 7.943149460132440032e-06
2.228699999999998454e+03 3.537464271916119179e-06
2.230300000000001546e+03 9.161010575866155531e-06
2.232000000000000000e+03 4.858173331241581690e-06
2.233699999999998454e+03 1.083017966191353340e-05
2.235300000000001546e+03 7.084590711418657659e-06
2.237000000000000000e+03 1.361697998586289020e-05
2.238699999999998454e+03 1.024101303237590615e-05
2.240300000000001546e+03 1.690688772278099995e-05
2.242000000000000000e+03 1.323162327117593457e-05
2.243699999999998454e+03 1.979820850502380953e-05
2.245300000000001546e+03 1.588738297548507406e-05
2.247000000000000000e+03 2.263923251950074886e-05
2.248699999999998454e+03 1.868586528274059495e-05
2.250300000000001546e+03 2.541021508189999221e-05
2.252000000000000000e+03 2.113999956863447274e-05
2.253699999999998454e+03 2.761392446290074332e-05
2.255300000000001546e+03 2.332895815379706128e-05
2.257000000000000000e+03 3.044361227081095192e-05
2.258699999999998454e+03 2.679734915436851128e-05
2.260300000000001546e+03 3.475679924992595776e-05
2.262000000000000000e+03 3.164515003350578049e-05
2.263699999999998454e+03 4.019647853818217000e-05
2.265399999999998727e+03 3.747540906503553696e-05
2.267000000000000000e+03 4.663911468273136815e-05
2.268699999999998454e+03 4.406476080690783365e-05
2.270399999999998727e+03 5.374309720796428369e-05
2.272000000000000000e+03 5.114488429742463011e-05
2.273699999999998454e+03 6.134754143819962091e-05
2.275399999999998727e+03 5.915027916944622148e-05
2.277000000000000000e+03 6.963788465991415592e-05
2.278699999999998454e+03 6.752079358328757532e-05
2.280399999999998727e+03 7.763435869138728389e-05
2.282000000000000000e+03 7.455633013644874594e-05
2.283699999999998454e+03 8.450479828356241129e-05
2.285399999999998727e+03 8.156937185493416480e-05
2.287000000000000000e+03 9.336762537446793853e-05
2.288699999999998454e+03 9.320617788822403672e-05
2.290399999999998727e+03 1.083069686137016189e-04
2.292000000000000000e+03 1.097593159271335113e-04
2.293699999999998454e+03 1.262013545747158274e-04
2.295399999999998727e+03 1.292304508550594030e-04
2.297000000000000000e+03 1.464662927629829814e-04
2.298699999999998454e+03 1.516363204236301709e-04
2.300399999999998727e+03 1.742302332088349376e-04
2.302100000000001273e+03 1.825659266504175971e-04
2.303699999999998454e+03 2.063776794166469046e-04
2.305399999999998727e+03 2.152445253267261719e-04
2.307100000000001273e+03 2.362574094396992653e-04
2.308699999999998454e+03 2.423592432694314698e-04
2.310399999999998727e+03 2.652825467990344759e-04
2.312100000000001273e+03 2.752214295787530759e-04
2.313699999999998454e+03 3.072143080731884772e-04
2.315399999999998727e+03 3.254192364873625390e-04
2.317100000000001273e+03 3.640891587943839497e-04
2.318699999999998454e+03 3.846877615697594428e-04
2.320399999999998727e+03 4.195478960634227211e-04
2.322100000000001273e+03 4.295343246104647264e-04
2.323699999999998454e+03 4.512690132700306013e-04
2.325399999999998727e+03 4.553494484753111077e-04
2.327100000000001273e+03 4.771010507648065953e-04
2.328699999999998454e+03 4.828275896136245975e-04
2.330399999999998727e+03 5.127825662363806299e-04
2.332100000000001273e+03 5.193926590424521525e-04
2.333699999999998454e+03 5.474302397426453410e-04
2.335399999999998727e+03 5.509013738877613711e-04
2.337100000000001273e+03 5.851668345332795319e-04
2.338800000000001546e+03 5.959558837061442946e-04
2.340399999999998727e+03 6.368129699361466459e-04
2.342100000000001273e+03 6.553751364923500076e-04
2.343800000000002001e+03 6.985068860999945912e-04
2.345399999999998727e+03 7.125014638706774796e-04
2.347100000000001273e+03 7.502169239521621225e-04
2.348800000000002001e+03 7.653489066942914835e-04
2.350399999999998727e+03 8.252121349378839727e-04
2.352100000000001273e+03 8.681306027927261594e-04
2.353800000000002001e+03 9.832074818931554189e-04
2.355399999999998727e+03 1.086474719354072220e-03
2.357100000000001273e+03 1.254271998518818572e-03
2.358800000000002001e+03 1.404950749533597160e-03
2.360399999999998727e+03 1.607088266934762928e-03
2.362100000000001273e+03 1.794839818719806039e-03
2.363800000000002001e+03 2.088153526661053454e-03
2.365399999999998727e+03 2.363570444971175959e-03
2.367100000000001273e+03 2.803338893402348032e-03
2.368800000000002001e+03 3.246803717455893235e-03
2.370399999999998727e+03 3.955980495179943490e-03
2.372100000000001273e+03 4.812173065173554372e-03
2.373800000000002001e+03 6.231007061513412632e-03
2.375500000000000000e+03 8.249351852401821256e-03
2.377100000000001273e+03 1.132597631223877105e-02
2.378800000000002001e+03 1.592667418788976108e-02
2.380500000000000000e+03 2.239701702742918910e-02
2.382100000000001273e+03 3.036834046188412184e-02
2.383800000000002001e+03 3.927019787904809101e-02
2.385500000000000000e+03 4.713891098149568942e-02
2.387100000000001273e+03 5.169850316693846981e-02
2.388800000000002001e+03 5.151337366748825336e-02
2.390500000000000000e+03 4.672415184118108161e-02
2.392100000000001273e+03 3.872086545685591435e-02
2.393800000000002001e+03 2.964221517170091344e-02
2.395500000000000000e+03 2.161607047087828193e-02
2.397100000000001273e+03 1.546222356498157431e-02
2.398800000000002001e+03 1.098486327909034034e-02
2.400500000000000000e+03 7.888862893112311495e-03
2.402100000000001273e+03 5.814148813678430942e-03
2.403800000000002001e+03 4.278636273178615737e-03
2.405500000000000000e+03 3.284575927602444156e-03
2.407100000000001273e+03 2.511652646004749329e-03
2.408800000000002001e+03 2.040314921966684524e-03
2.410500000000000000e+03 1.636332431404728021e-03
2.412199999999997999e+03 1.383220985466455293e-03
2.413800000000002001e+03 1.145049521791908489e-03
2.415500000000000000e+03 9.862709887630556182e-04
2.417199999999997999e+03 8.257289826379134948e-04
2.418800000000002001e+03 7.183750662920371189e-04
2.420500000000000000e+03 5.945497953171348382e-04
2.422199999999997999e+03 5.250030302735739186e-04
2.423800000000002001e+03 4.404431175931425237e-04
2.425500000000000000e+03 3.991039489405740046e-04
2.427199999999997999e+03 3.404907464070574055e-04
2.428800000000002001e+03 3.127931970884626411e-04
2.430500000000000000e+03 2.667870068530013399e-04
2.432199999999997999e+03 2.475599353118277768e-04
2.433800000000002001e+03 2.096416904807945508e-04
2.435500000000000000e+03 1.985357174037550361e-04
2.437199999999997999e+03 1.706163151964973552e-04
2.438800000000002001e+03 1.657473650982509183e-04
2.440500000000000000e+03 1.419243646215532790e-04
2.442199999999997999e+03 1.389016615174448028e-04
2.443800000000002001e+03 1.181857801597729056e-04
2.445500000000000000e+03 1.170720132319575150e-04
2.447199999999997999e+03 9.935392199296035434e-05
2.448899999999998727e+03 1.001031751038239918e-04
2.450500000000000000e+03 8.418663150606183615e-05
2.452199999999997999e+03 8.365528029508519493e-05
2.453899999999998727e+03 6.839457046579784638e-05
2.455500000000000000e+03 6.823829303945895639e-05
2.457199999999997999e+03 5.544991990355734415e-05
2.458899999999998727e+03 5.801064640618924480e-05
2.460500000000000000e+03 4.790299432656334322e-05
2.462199999999997999e+03 5.127623695448357664e-05
2.463899999999998727e+03 4.153757842938363371e-05
2.465500000000000000e+03 4.433266423351969038e-05
2.467199999999997999e+03 3.481260631416978780e-05
2.468899999999998727e+03 3.764642110640889012e-05
2.470500000000000000e+03 2.914671732688354635e-05
2.472199999999997999e+03 3.221758793983418097e-05
2.473899999999998727e+03 2.437537617975514480e-05
2.475500000000000000e+03 2.755854097223139971e-05
2.477199999999997999e+03 2.033125075654987869e-05
2.478899999999998727e+03 2.389331984580370159e-05
2.480500000000000000e+03 1.745735107176055596e-05
2.482199999999997999e+03 2.133009645756103512e-05
2.483899999999998727e+03 1.551531996354001063e-05
2.485500000000000000e+03 1.911792791655154592e-05
2.487199999999997999e+03 1.332693673492551721e-05
2.488899999999998727e+03 1.682648105892239036e-05
2.490600000000001273e+03 1.143752967477349105e-05
2.492199999999997999e+03 1.501866332694982975e-05
2.493899999999998727e+03 1.001507707033326944e-05
2.495600000000001273e+03 1.369020249014152581e-05
2.497199999999997999e+03 8.772598063641487637e-06
2.498899999999998727e+03 1.200659634583164165e-05
2.500600000000001273e+03 7.093359886245677772e-06
2.502199999999997999e+03 1.000484663995688529e-05
2.503899999999998727e+03 5.220176690640362360e-06
2.505600000000001273e+03 8.286458999272927796e-06
2.507199999999997999e+03 4.021721341732763316e-06
2.508899999999998727e+03 7.377346005754778766e-06
2.510600000000001273e+03 3.511028971849507647e-06
2.512199999999997999e+03 6.895664351210191082e-06
2.513899999999998727e+03 3.106388250884098225e-06
2.515600000000001273e+03 6.235406715834692898e-06
2.517199999999997999e+03 2.470987237809597806e-06
2.518899999999998727e+03 5.434763164373236424e-06
2.520600000000001273e+03 1.856411382212379028e-06
2.522199999999997999e+03 4.969249119700844998e-06
2.523899999999998727e+03 1.762907647552205755e-06
2.525600000000001273e+03 4.936697247202889339e-06
2.527300000000002001e+03 1.851129233014346201e-06
2.528899999999998727e+03 4.801397013407119145e-06
2.530600000000001273e+03 1.602444464218884154e-06
2.532300000000002001e+03 4.281071894514563497e-06
2.533899999999998727e+03 1.086489405192191665e-06
2.535600000000001273e+03 3.754296608954878636e-06
2.537300000000002001e+03 7.431199413833021526e-07
2.538899999999998727e+03 3.418529326408755908e-06
2.540600000000001273e+03 5.886857782631704336e-07
2.542300000000002001e+03 3.177542344268471688e-06
2.543899999999998727e+03 3.795468388365943235e-07
2.545600000000001273e+03 2.844448746063687812e-06
2.547300000000002001e+03 1.068696940706506130e-07
2.548899999999998727e+03 2.550958749438910433e-06
2.550600000000001273e+03 -7.572249707269028731e-08
2.552300000000002001e+03 2.345595154991781174e-06
2.553899999999998727e+03 -1.937353126488202769e-07
2.555600000000001273e+03 2.158707259465558049e-06
2.557300000000002001e+03 -2.824528711085952652e-07
2.558899999999998727e+03 2.051335280418186335e-06
2.560600000000001273e+03 -2.674422737070862741e-07
2.562300000000002001e+03 2.045704419365017199e-06
2.564000000000000000e+03 -2.600621563869454553e-07
2.565600000000001273e+03 1.939261171547770782e-06
2.567300000000002001e+03 -3.611202744503283834e-07
2.569000000000000000e+03 1.758474781545120204e-06
2.570600000000001273e+03 -4.742080579075574766e-07
2.572300000000002001e+03 1.626104360728875579e-06
2.574000000000000000e+03 -5.176594956400050311e-07
2.575600000000001273e+03 1.539948015368363903e-06
2.577300000000002001e+03 -5.666807646552340970e-07
2.579000000000000000e+03 1.426244892362642971e-06
2.580600000000001273e+03 -6.660609744156796812e-07
2.582300000000002001e+03 1.274434892116946420e-06
2.584000000000000000e+03 -7.508655338125607132e-07
2.585600000000001273e+03 1.161972414645256084e-06
2.587300000000002001e+03 -7.877948911719760600e-07
2.589000000000000000e+03 1.096705750647989436e-06
2.590600000000001273e+03 -8.013211196840819276e-07
2.592300000000002001e+03 1.058057848304231221e-06
2.594000000000000000e+03 -7.809135793695046058e-07
2.595600000000001273e+03 1.059377384050098704e-06
2.597300000000002001e+03 -7.331569046502703445e-07
2.599000000000000000e+03 1.052547032985292460e-06
2.600699999999997999e+03 -7.202670478001302037e-07
2.602300000000002001e+03 9.964240033740311548e-07
2.604000000000000000e+03 -7.536279663444964385e-07
2.605699999999997999e+03 9.259350582729408142e-07
2.607300000000002001e+03 -7.756748126062850562e-07
2.609000000000000000e+03 8.823419798822282553e-07
2.610699999999997999e+03 -7.707787388496149670e-07
2.612300000000002001e+03 8.547475245609678640e-07
2.614000000000000000e+03 -7.632290220839864783e-07
2.615699999999997999e+03 8.365298156569338766e-07
2.617300000000002001e+03 -7.399821552443527742e-07
2.619000000000000000e+03 8.239167091757547921e-07
2.620699999999997999e+03 -7.265097015227242406e-07
2.622300000000002001e+03 7.897646255455598868e-07
2.624000000000000000e+03 -7.382383218916556711e-07
2.625699999999997999e+03 7.423161013345936152e-07
2.627300000000002001e+03 -7.447891437103483545e-07
2.629000000000000000e+03 7.105058314172969146e-07
2.630699999999997999e+03 -7.471327220688647528e-07
2.632300000000002001e+03 6.710308261882407105e-07
2.634000000000000000e+03 -7.718805870912441484e-07
2.635699999999997999e+03 6.188824644347526154e-07
2.637399999999998272e+03 -7.890476283391892215e-07
2.639000000000000000e+03 5.815430087099955208e-07
2.640699999999997999e+03 -7.817788126704215832e-07
2.642399999999998272e+03 5.607455755155344579e-07
2.644000000000000000e+03 -7.890203378895108674e-07
2.645699999999997999e+03 5.132015376619998505e-07
2.647399999999998272e+03 -8.137184586658072585e-07
2.649000000000000000e+03 4.672488173612956586e-07
2.650699999999997999e+03 -8.220406387912765329e-07
2.652399999999998272e+03 4.512801229160328013e-07
2.654000000000000000e+03 -8.041580953025177052e-07
2.655699999999997999e+03 4.460755322379683743e-07
2.657399999999998272e+03 -7.805572792450794796e-07
2.659000000000000000e+03 4.424447753439788028e-07
2.660699999999997999e+03 -7.699732162318283365e-07
2.662399999999998272e+03 4.226391330787533742e-07
2.664000000000000000e+03 -7.710219492266080022e-07
2.665699999999997999e+03 4.017335640423348085e-07
2.667399999999998272e+03 -7.640391996141351079e-07
2.669000000000000000e+03 3.835093300533399700e-07
2.670699999999997999e+03 -7.719038323400034726e-07
2.672399999999998272e+03 3.355763519940520219e-07
2.674100000000001728e+03 -8.025347972119866818e-07
2.675699999999997999e+03 2.955811016824555316e-07
2.677399999999998272e+03 -7.948555109021398287e-07
2.679100000000001728e+03 3.063595160807307528e-07
2.680699999999997999e+03 -7.572279020319180258e-07
2.682399999999998272e+03 3.130614408102733663e-07
2.684100000000001728e+03 -7.452895761023009030e-07
2.685699999999997999e+03 2.885604239144092139e-07
2.687399999999998272e+03 -7.566342541405271524e-07
2.689100000000001728e+03 2.594706776612654937e-07
2.690699999999997999e+03 -7.621797555916945718e-07
2.692399999999998272e+03 2.397742426299805076e-07
2.694100000000001728e+03 -7.536636110134637043e-07
2.695699999999997999e+03 2.381320669351609342e-07
2.697399999999998272e+03 -7.320242777059958369e-07
2.699100000000001728e+03 2.430072375557770548e-07
2.700699999999997999e+03 -7.093355078905457492e-07
2.702399999999998272e+03 2.426109837440144632e-07
2.704100000000001728e+03 -6.945792598250823285e-07
2.705699999999997999e+03 2.440067246263256490e-07
2.707399999999998272e+03 -6.773732908465540095e-07
2.709100000000001728e+03 2.408531827229271535e-07
2.710800000000002001e+03 -6.652432282559856418e-07
2.712399999999998272e+03 2.291444043576335231e-07
2.714100000000001728e+03 -6.658536138990052216e-07
2.715800000000002001e+03 2.097140321572295690e-07
2.717399999999998272e+03 -6.710509056275851510e-07
2.719100000000001728e+03 1.880933712626998418e-07
2.720800000000002001e+03 -6.748345872384907867e-07
2.722399999999998272e+03 1.765258261042753999e-07
2.724100000000001728e+03 -6.645813073395193023e-07
2.725800000000002001e+03 1.758424216533630055e-07
2.727399999999998272e+03 -6.486622428194453683e-07
2.729100000000001728e+03 1.679197813325768828e-07
2.730800000000002001e+03 -6.503839155062382854e-07
2.732399999999998272e+03 1.446659435564896199e-07
2.734100000000001728e+03 -6.607092615389733221e-07
2.735800000000002001e+03 1.230595261661520168e-07
2.737399999999998272e+03 -6.615155169830134960e-07
2.739100000000001728e+03 1.138027609944449560e-07
2.740800000000002001e+03 -6.539067285587476655e-07
2.742399999999998272e+03 1.079548338737016531e-07
2.744100000000001728e+03 -6.437055057055159083e-07
2.745800000000002001e+03 1.043742741124208400e-07
2.747399999999998272e+03 -6.341156416885678860e-07
