1.999899999999999636e+03 3.808207263169745829e-06
2.000800000000001546e+03 4.683942125198677062e-06
2.001600000000000364e+03 4.099018092346008764e-06
2.002399999999999636e+03 4.982249236870486241e-06
2.003300000000001546e+03 4.421344559108741969e-06
2.004100000000000364e+03 5.292686753126321274e-06
2.004899999999999636e+03 4.702373686587184114e-06
2.005800000000001546e+03 5.503124140855722436e-06
2.006600000000000364e+03 4.814312434119331494e-06
2.007399999999999636e+03 5.540653360554817974e-06
2.008300000000001546e+03 4.799942877571117881e-06
2.009100000000000364e+03 5.546750812843828478e-06
2.009899999999999636e+03 4.820021071620562071e-06
2.010800000000001546e+03 5.560015131819992333e-06
2.011600000000000364e+03 4.858430939127772843e-06
2.012399999999999636e+03 5.622022050159043847e-06
2.013300000000001546e+03 4.956701098595942604e-06
2.014100000000000364e+03 5.728708495587768759e-06
2.014899999999999636e+03 5.049317400844549974e-06
2.015800000000001546e+03 5.733226115856462525e-06
2.016600000000000364e+03 4.906322146483259837e-06
2.017399999999999636e+03 5.526374535804559955e-06
2.018300000000001546e+03 4.679171200907548954e-06
2.019100000000000364e+03 5.349031011837115776e-06
2.019899999999999636e+03 4.649849654465506285e-06
2.020800000000001546e+03 5.505131885133424171e-06
2.021600000000000364e+03 4.955784890559272225e-06
2.022399999999999636e+03 5.904504241825422169e-06
2.023300000000001546e+03 5.387744628180428812e-06
2.024100000000000364e+03 6.252654843945498900e-06
2.024899999999999636e+03 5.562302997415737168e-06
2.025800000000001546e+03 6.267312009493686328e-06
2.026600000000000364e+03 5.449010269138836883e-06
2.027399999999999636e+03 6.093948636104517975e-06
2.028300000000001546e+03 5.275657191312322629e-06
2.029100000000000364e+03 5.913232775391491401e-06
2.029899999999999636e+03 5.057163596239528342e-06
2.030800000000001546e+03 5.665678929559614267e-06
2.031600000000000364e+03 4.810146252834812352e-06
2.032399999999999636e+03 5.425231557502074728e-06
2.033300000000001546e+03 4.606495171610655931e-06
2.034100000000000364e+03 5.219779519737765182e-06
2.034899999999999636e+03 4.317108786272881861e-06
2.035800000000001546e+03 4.865312594626139859e-06
2.036600000000000364e+03 3.955402283823670282e-06
2.037399999999999636e+03 4.566302440707750419e-06
2.038300000000001546e+03 3.744672622944600465e-06
2.039100000000000364e+03 4.463309062748031049e-06
2.039899999999999636e+03 3.700810990502659898e-06
2.040800000000001546e+03 4.411982036126255256e-06
2.041600000000000364e+03 3.658426015333392612e-06
2.042500000000000000e+03 4.348031222275514080e-06
2.043300000000001546e+03 3.534378352613934376e-06
2.044100000000000364e+03 4.163937600003861707e-06
2.045000000000000000e+03 3.280282426424001560e-06
2.045800000000001546e+03 3.839771035407144307e-06
2.046600000000000364e+03 2.907905110132765896e-06
2.047500000000000000e+03 3.473645489023531238e-06
2.048300000000001546e+03 2.546783814476571081e-06
2.049100000000000364e+03 3.132739970441920835e-06
2.050000000000000000e+03 2.297054847129230333e-06
2.050800000000001546e+03 2.976597814725350653e-06
2.051600000000000364e+03 2.195401639022678772e-06
2.052500000000000000e+03 2.903717658447449534e-06
2.053300000000001546e+03 2.116657995473625019e-06
2.054100000000000364e+03 2.804393222720690329e-06
2.055000000000000000e+03 2.016674715734080226e-06
2.055800000000001546e+03 2.735817137522025492e-06
2.056600000000000364e+03 1.981065028407688135e-06
2.057500000000000000e+03 2.691562339172789702e-06
2.058300000000001546e+03 1.922816215818344461e-06
2.059100000000000364e+03 2.591924040604782876e-06
2.060000000000000000e+03 1.769672829759697903e-06
2.060800000000001546e+03 2.404283754453700644e-06
2.061600000000000364e+03 1.570160608545866208e-06
2.062500000000000000e+03 2.242308904870938560e-06
2.063300000000001546e+03 1.465080311584773975e-06
2.064100000000000364e+03 2.208804721147763632e-06
2.065000000000000000e+03 1.475424058972519518e-06
2.065800000000001546e+03 2.204384046326117805e-06
2.066600000000000364e+03 1.428777459616555766e-06
2.067500000000000000e+03 2.100471079603772984e-06
2.068300000000001546e+03 1.288582923847996477e-06
2.069100000000000364e+03 1.949496247687393678e-06
2.070000000000000000e+03 1.150262236827531327e-06
2.070800000000001546e+03 1.833544860174491957e-06
2.071600000000000364e+03 1.036395977783367894e-06
2.072500000000000000e+03 1.725993355840664960e-06
2.073300000000001546e+03 9.469081586390759183e-07
2.074100000000000364e+03 1.661534807036397691e-06
2.075000000000000000e+03 9.197501296836902719e-07
2.075800000000001546e+03 1.678012355777768200e-06
2.076600000000000364e+03 9.478432142229428913e-07
2.077500000000000000e+03 1.701769640498642091e-06
2.078300000000001546e+03 9.628217584670207868e-07
2.079100000000000364e+03 1.700642919665270491e-06
2.080000000000000000e+03 9.634920906874477759e-07
2.080800000000001546e+03 1.704734280475935538e-06
2.081600000000000364e+03 9.589444821274202668e-07
2.082500000000000000e+03 1.675356967707155989e-06
2.083300000000001546e+03 8.907111336738950126e-07
2.084199999999998454e+03 1.588929898196619616e-06
2.085000000000000000e+03 7.987647786185935692e-07
2.085800000000001546e+03 1.519288133049871869e-06
2.086699999999998454e+03 7.670773281566945894e-07
2.087500000000000000e+03 1.508827180275708781e-06
2.088300000000001546e+03 7.727141878374315475e-07
2.089199999999998454e+03 1.522252560166643447e-06
2.090000000000000000e+03 7.849594026261384117e-07
2.090800000000001546e+03 1.527968053028838581e-06
2.091699999999998454e+03 7.881106711973248812e-07
2.092500000000000000e+03 1.544359909758170013e-06
2.093300000000001546e+03 8.358927875347453472e-07
2.094199999999998454e+03 1.637466636391295854e-06
2.095000000000000000e+03 9.689941908752783748e-07
2.095800000000001546e+03 1.772776905900801930e-06
2.096699999999998454e+03 1.062831689596173215e-06
2.097500000000000000e+03 1.809455869892055397e-06
2.098300000000001546e+03 1.034603782957978561e-06
2.099199999999998454e+03 1.738566181756167911e-06
2.100000000000000000e+03 9.813939111007072158e-07
2.100800000000001546e+03 1.703316009592616447e-06
2.101699999999998454e+03 9.768665555933879076e-07
2.102500000000000000e+03 1.746058371319494025e-06
2.103300000000001546e+03 1.056363825563722789e-06
2.104199999999998454e+03 1.853057846929186745e-06
2.105000000000000000e+03 1.176053438279537525e-06
2.105800000000001546e+03 1.969934676869096865e-06
2.106699999999998454e+03 1.265261668257095733e-06
2.107500000000000000e+03 2.008612554556646903e-06
2.108300000000001546e+03 1.280376518363173426e-06
2.109199999999998454e+03 2.021833014874155334e-06
2.110000000000000000e+03 1.307700828950688422e-06
2.110800000000001546e+03 2.079575626357858138e-06
2.111699999999998454e+03 1.391845908441978025e-06
2.112500000000000000e+03 2.166487110073440263e-06
2.113300000000001546e+03 1.465570407287603798e-06
2.114199999999998454e+03 2.222773286034159991e-06
2.115000000000000000e+03 1.537876688465041265e-06
2.115800000000001546e+03 2.340016423891837609e-06
2.116699999999998454e+03 1.731969790661714205e-06
2.117500000000000000e+03 2.592760278821123149e-06
2.118300000000001546e+03 1.987611162506588252e-06
2.119199999999998454e+03 2.795877267950513697e-06
2.120000000000000000e+03 2.098688998783530489e-06
2.120800000000001546e+03 2.818254261739925815e-06
2.121699999999998454e+03 2.104625303135380139e-06
2.122500000000000000e+03 2.861992059442275684e-06
2.123300000000001546e+03 2.237530906097718647e-06
2.124199999999998454e+03 3.078150136334877846e-06
2.125000000000000000e+03 2.495409736288293617e-06
2.125800000000001546e+03 3.311292639219682274e-06
2.126699999999998454e+03 2.657255358247508541e-06
2.127500000000000000e+03 3.410963229981157179e-06
2.128399999999999181e+03 2.713128684963156281e-06
2.129199999999998454e+03 3.444086922389066350e-06
2.130000000000000000e+03 2.781720287067891371e-06
2.130899999999999181e+03 3.513535112802207333e-06
2.131699999999998454e+03 2.877579021667287274e-06
2.132500000000000000e+03 3.654359721979618599e-06
2.133399999999999181e+03 3.038962107100802760e-06
2.134199999999998454e+03 3.826510200456896627e-06
2.135000000000000000e+03 3.223494056143957237e-06
2.135899999999999181e+03 4.020978791746544300e-06
2.136699999999998454e+03 3.447224364417158302e-06
2.137500000000000000e+03 4.312624816748644386e-06
2.138399999999999181e+03 3.853229861946855376e-06
2.139199999999998454e+03 4.785902941803459635e-06
2.140000000000000000e+03 4.341390224380272647e-06
2.140899999999999181e+03 5.214100995739943511e-06
2.141699999999998454e+03 4.631459641572916214e-06
2.142500000000000000e+03 5.404918309089741388e-06
2.143399999999999181e+03 4.795720037823841437e-06
2.144199999999998454e+03 5.593330955892374663e-06
2.145000000000000000e+03 5.092411201555596881e-06
2.145899999999999181e+03 6.017015803285717757e-06
2.146699999999998454e+03 5.596298168977755777e-06
2.147500000000000000e+03 6.555142137114066535e-06
2.148399999999999181e+03 6.154141485069131133e-06
2.149199999999998454e+03 6.999897640745613890e-06
2.150000000000000000e+03 6.415582858534158780e-06
2.150899999999999181e+03 7.083219043921723410e-06
2.151699999999998454e+03 6.315256059474019406e-06
2.152500000000000000e+03 6.894634887882940418e-06
2.153399999999999181e+03 6.171606133792259172e-06
2.154199999999998454e+03 6.983302345701670288e-06
2.155000000000000000e+03 6.562943976132407079e-06
2.155899999999999181e+03 7.541712190075167082e-06
2.156699999999998454e+03 7.253699068141288600e-06
2.157500000000000000e+03 8.272786351967993437e-06
2.158399999999999181e+03 8.054955063021789185e-06
2.159199999999998454e+03 9.322981010028246721e-06
2.160000000000000000e+03 9.452785673411895562e-06
2.160899999999999181e+03 1.085745351718738620e-05
2.161699999999998454e+03 1.084511824987622187e-05
2.162500000000000000e+03 1.188543417627346294e-05
2.163399999999999181e+03 1.142272038158400894e-05
2.164199999999998454e+03 1.215465202705155509e-05
2.165000000000000000e+03 1.177186178683288409e-05
2.165899999999999181e+03 1.284722588701789441e-05
2.166699999999998454e+03 1.276597664973072742e-05
2.167500000000000000e+03 1.412199456359811318e-05
2.168399999999999181e+03 1.412692403767589424e-05
2.169199999999998454e+03 1.518911432530096368e-05
2.170100000000000819e+03 1.498862725923696746e-05
2.170899999999999181e+03 1.591111280315703395e-05
2.171699999999998454e+03 1.571061071164434514e-05
2.172600000000000819e+03 1.695659541790319567e-05
2.173399999999999181e+03 1.717438898358229852e-05
2.174199999999998454e+03 1.861384324530824169e-05
2.175100000000000819e+03 1.890451336741815635e-05
2.175899999999999181e+03 2.029174449102326945e-05
2.176699999999998454e+03 2.048729507113342964e-05
2.177600000000000819e+03 2.175446159064774944e-05
2.178399999999999181e+03 2.191814820257694590e-05
2.179199999999998454e+03 2.320721274840078168e-05
2.180100000000000819e+03 2.338805607500350054e-05
2.180899999999999181e+03 2.488684160768456626e-05
2.181699999999998454e+03 2.554491024471201366e-05
2.182600000000000819e+03 2.743503249282460058e-05
2.183399999999999181e+03 2.829145646038365861e-05
2.184199999999998454e+03 3.016386871297786074e-05
2.185100000000000819e+03 3.066514679296279358e-05
2.185899999999999181e+03 3.196898698938859771e-05
2.186699999999998454e+03 3.246946026877826745e-05
2.187600000000000819e+03 3.430380022561240437e-05
2.188399999999999181e+03 3.563825101737458367e-05
2.189199999999998454e+03 3.868047302077997084e-05
2.190100000000000819e+03 4.147268908773391434e-05
2.190899999999999181e+03 4.520070042887240093e-05
2.191699999999998454e+03 4.848634033554063630e-05
2.192600000000000819e+03 5.293402027089825991e-05
2.193399999999999181e+03 5.664202240983922017e-05
2.194199999999998454e+03 6.115703513712279586e-05
2.195100000000000819e+03 6.475477865542190266e-05
2.195899999999999181e+03 6.872030133333856380e-05
2.196699999999998454e+03 7.155870562955447009e-05
2.197600000000000819e+03 7.486677884414167077e-05
2.198399999999999181e+03 7.761009239713446929e-05
2.199199999999998454e+03 8.139784836558209646e-05
2.200100000000000819e+03 8.534561284133254872e-05
2.200899999999999181e+03 9.029216897609653825e-05
2.201699999999998454e+03 9.509083087156112719e-05
2.202600000000000819e+03 1.003825528656696834e-04
2.203399999999999181e+03 1.054176652386291539e-04
2.204199999999998454e+03 1.111363259662561314e-04
2.205100000000000819e+03 1.178672229991692758e-04
2.205899999999999181e+03 1.244943192240738827e-04
2.206699999999998454e+03 1.320938906606781960e-04
2.207600000000000819e+03 1.397796205242916770e-04
2.208399999999999181e+03 1.487866633029722623e-04
2.209199999999998454e+03 1.589729095551645655e-04
2.210100000000000819e+03 1.719024051891626399e-04
2.210899999999999181e+03 1.857345796954101987e-04
2.211800000000001546e+03 2.006991753146242924e-04
2.212600000000000819e+03 2.177816705322216059e-04
2.213399999999999181e+03 2.378077450565378227e-04
2.214300000000001546e+03 2.578265885836738863e-04
2.215100000000000819e+03 2.815787865641070802e-04
2.215899999999999181e+03 3.073257693727496484e-04
2.216800000000001546e+03 3.368335593815605816e-04
2.217600000000000819e+03 3.700000461455083076e-04
2.218399999999999181e+03 4.106347443609195268e-04
2.219300000000001546e+03 4.525402198989824059e-04
2.220100000000000819e+03 5.030741219512434304e-04
2.220899999999999181e+03 5.524130938937007280e-04
2.221800000000001546e+03 6.151160755340536997e-04
2.222600000000000819e+03 6.891793606839360020e-04
2.223399999999999181e+03 7.870839322037547804e-04
2.224300000000001546e+03 8.970834577648128345e-04
2.225100000000000819e+03 1.024440099921230304e-03
2.225899999999999181e+03 1.166072045238373579e-03
2.226800000000001546e+03 1.321844440314281751e-03
2.227600000000000819e+03 1.489383201650468615e-03
2.228399999999999181e+03 1.708252965091730437e-03
2.229300000000001546e+03 1.994012582752826331e-03
2.230100000000000819e+03 2.397700999579990399e-03
2.230899999999999181e+03 2.908247277162977554e-03
2.231800000000001546e+03 3.653123252764800283e-03
2.232600000000000819e+03 4.676454912815227946e-03
2.233399999999999181e+03 6.060848417829881561e-03
2.234300000000001546e+03 8.334362831896102025e-03
2.235100000000000819e+03 1.163859986161555268e-02
2.235899999999999181e+03 1.642333191402710335e-02
2.236800000000001546e+03 2.277055411473313806e-02
2.237600000000000819e+03 2.975176886215795055e-02
2.238399999999999181e+03 3.612065901199049828e-02
2.239300000000001546e+03 4.023305232051486297e-02
2.240100000000000819e+03 4.090491525852696375e-02
2.240899999999999181e+03 3.802029205609135099e-02
2.241800000000001546e+03 3.238806835233461190e-02
2.242600000000000819e+03 2.577258554714387251e-02
2.243399999999999181e+03 1.926263147656057800e-02
2.244300000000001546e+03 1.391840806050028551e-02
2.245100000000000819e+03 1.003808593723906108e-02
2.245899999999999181e+03 7.272246732423921431e-03
2.246800000000001546e+03 5.461527406985146847e-03
2.247600000000000819e+03 4.296734590884311068e-03
2.248399999999999181e+03 3.476374204414035135e-03
2.249300000000001546e+03 2.928874713967949146e-03
2.250100000000000819e+03 2.475690277956536268e-03
2.250899999999999181e+03 2.111036724695900674e-03
2.251800000000001546e+03 1.773266516406851864e-03
2.252600000000000819e+03 1.508804220137995164e-03
2.253500000000000000e+03 1.290758039102856726e-03
2.254300000000001546e+03 1.132505318085042043e-03
2.255100000000000819e+03 9.990194823792635653e-04
2.256000000000000000e+03 8.910854864673128407e-04
2.256800000000001546e+03 7.890316998987826356e-04
2.257600000000000819e+03 7.043288632310471323e-04
2.258500000000000000e+03 6.279671226743997184e-04
2.259300000000001546e+03 5.672265585415439551e-04
2.260100000000001273e+03 5.125538966486158261e-04
2.261000000000000000e+03 4.743626494197934231e-04
2.261800000000001546e+03 4.358624727053748114e-04
2.262600000000001273e+03 4.106160564591156896e-04
2.263500000000000000e+03 3.816211664018186048e-04
2.264300000000001546e+03 3.632261982414648240e-04
2.265100000000001273e+03 3.407121598388264329e-04
2.266000000000000000e+03 3.255975914599114362e-04
2.266800000000001546e+03 3.043905166688447295e-04
2.267600000000001273e+03 2.895587710584327954e-04
2.268500000000000000e+03 2.672590018146661444e-04
2.269300000000001546e+03 2.534476093821327685e-04
2.270100000000001273e+03 2.364169519625035983e-04
2.271000000000000000e+03 2.269827200261596834e-04
2.271800000000001546e+03 2.136201847004162886e-04
2.272600000000001273e+03 2.053169026351882840e-04
2.273500000000000000e+03 1.913674325898307501e-04
2.274300000000001546e+03 1.849375669780175494e-04
2.275100000000001273e+03 1.751825827191730084e-04
2.276000000000000000e+03 1.733764298780140871e-04
2.276800000000001546e+03 1.672475806618522120e-04
2.277600000000001273e+03 1.658514347517232911e-04
2.278500000000000000e+03 1.583911147911219698e-04
2.279300000000001546e+03 1.540760532222326716e-04
2.280100000000001273e+03 1.433632213390147192e-04
2.281000000000000000e+03 1.369663556819092484e-04
2.281800000000001546e+03 1.247823789875047214e-04
2.282600000000001273e+03 1.185787750338261409e-04
2.283500000000000000e+03 1.085113393868196240e-04
2.284300000000001546e+03 1.053694022453276907e-04
2.285100000000001273e+03 9.963395996969906911e-05
2.286000000000000000e+03 9.962818143255845955e-05
2.286800000000001546e+03 9.468516566914115813e-05
2.287600000000001273e+03 9.357019911906548811e-05
2.288500000000000000e+03 8.632850569745478136e-05
2.289300000000001546e+03 8.296855555612690899e-05
2.290100000000001273e+03 7.571917411327170407e-05
2.291000000000000000e+03 7.423131349042144873e-05
2.291800000000001546e+03 6.896425201396941143e-05
2.292600000000001273e+03 6.841106820846714666e-05
2.293500000000000000e+03 6.283032544827216572e-05
2.294300000000001546e+03 6.186596397886312809e-05
2.295199999999998454e+03 5.565042418438430441e-05
2.296000000000000000e+03 5.502797306043774741e-05
2.296800000000001546e+03 4.980712109930000040e-05
2.297699999999998454e+03 4.931315947373480932e-05
2.298500000000000000e+03 4.442751725921786649e-05
2.299300000000001546e+03 4.419035889527173929e-05
2.300199999999998454e+03 3.932782829377289621e-05
2.301000000000000000e+03 3.956008219475268668e-05
2.301800000000001546e+03 3.492725648947002300e-05
2.302699999999998454e+03 3.533508347831976285e-05
2.303500000000000000e+03 3.053668045881485104e-05
2.304300000000001546e+03 3.072082046276841449e-05
2.305199999999998454e+03 2.578051025050823801e-05
2.306000000000000000e+03 2.557465374644710278e-05
2.306800000000001546e+03 2.077805954053989408e-05
2.307699999999998454e+03 2.094857947610753013e-05
2.308500000000000000e+03 1.643045303761391028e-05
2.309300000000001546e+03 1.714163422541537085e-05
2.310199999999998454e+03 1.301543972924235598e-05
2.311000000000000000e+03 1.397832328925800174e-05
2.311800000000001546e+03 9.924313552815873179e-06
2.312699999999998454e+03 1.099691556859308934e-05
2.313500000000000000e+03 7.175232356132732166e-06
2.314300000000001546e+03 8.517333355093578232e-06
2.315199999999998454e+03 4.997909549830048087e-06
2.316000000000000000e+03 6.645138940202312474e-06
2.316800000000001546e+03 3.215823689801626946e-06
2.317699999999998454e+03 4.961999165711821426e-06
2.318500000000000000e+03 1.616540944429900539e-06
2.319300000000001546e+03 3.430403374612741486e-06
2.320199999999998454e+03 1.921270003239462523e-07
2.321000000000000000e+03 2.176160462634721976e-06
2.321800000000001546e+03 -8.766947690788648940e-07
2.322699999999998454e+03 1.348567263409069092e-06
2.323500000000000000e+03 -1.497860309375187529e-06
2.324300000000001546e+03 9.726443732094932052e-07
2.325199999999998454e+03 -1.699387919063739329e-06
2.326000000000000000e+03 9.536406552562136512e-07
2.326800000000001546e+03 -1.579606920316893652e-06
2.327699999999998454e+03 1.225275349455520330e-06
2.328500000000000000e+03 -1.213391941210578520e-06
2.329300000000001546e+03 1.691462840063155530e-06
2.330199999999998454e+03 -6.790523021783608610e-07
2.331000000000000000e+03 2.387606183183054303e-06
2.331800000000001546e+03 1.643951338317182641e-07
2.332699999999998454e+03 3.493570736526557646e-06
2.333500000000000000e+03 1.489693602377915380e-06
2.334300000000001546e+03 5.057898058953128738e-06
2.335199999999998454e+03 3.159705235411868118e-06
2.336000000000000000e+03 6.884327680508220536e-06
2.336899999999998727e+03 5.105854301459016294e-06
2.337699999999998454e+03 8.933014383874614075e-06
2.338500000000000000e+03 7.278733281227873250e-06
2.339399999999998727e+03 1.117582211486013334e-05
2.340199999999998454e+03 9.411153473221812399e-06
2.341000000000000000e+03 1.325955090044698293e-05
2.341899999999998727e+03 1.141027439549783368e-05
2.342699999999997999e+03 1.528659693213684726e-05
2.343500000000000000e+03 1.326926447738651548e-05
2.344399999999998727e+03 1.729112858109087451e-05
2.345199999999997999e+03 1.530940024172970770e-05
2.346000000000000000e+03 1.934348654624386721e-05
2.346899999999998727e+03 1.767648031597737854e-05
2.347699999999997999e+03 2.211289648633329628e-05
2.348500000000000000e+03 2.072743993082408319e-05
2.349399999999998727e+03 2.541147145744244664e-05
2.350199999999997999e+03 2.390680224078294732e-05
2.351000000000000000e+03 2.829594531317872389e-05
2.351899999999998727e+03 2.625514317018627958e-05
2.352699999999997999e+03 3.058133609231080584e-05
2.353500000000000000e+03 2.865958496168319558e-05
2.354399999999998727e+03 3.325273878698106745e-05
2.355199999999997999e+03 3.140152900763426065e-05
2.356000000000000000e+03 3.565587837292516596e-05
2.356899999999998727e+03 3.294849880652623854e-05
2.357699999999997999e+03 3.651358858149782464e-05
2.358500000000000000e+03 3.336333610627871944e-05
2.359399999999998727e+03 3.720435603819884681e-05
2.360199999999997999e+03 3.475808768607249559e-05
2.361000000000000000e+03 3.909822400545687437e-05
2.361899999999998727e+03 3.662923288640320714e-05
2.362699999999997999e+03 4.069391413474466473e-05
2.363500000000000000e+03 3.750720835586145933e-05
2.364399999999998727e+03 4.139611094941314431e-05
2.365199999999997999e+03 3.825598531357848848e-05
2.366000000000000000e+03 4.284267350048848709e-05
2.366899999999998727e+03 4.064060165159406857e-05
2.367699999999997999e+03 4.637642488495296331e-05
2.368500000000000000e+03 4.510644929520069219e-05
2.369399999999998727e+03 5.137266485700982830e-05
2.370199999999997999e+03 5.029198356356485278e-05
2.371000000000000000e+03 5.641499727109325346e-05
2.371899999999998727e+03 5.533932164327212244e-05
2.372699999999997999e+03 6.171196878133662514e-05
2.373500000000000000e+03 5.955413589146429969e-05
2.374399999999998727e+03 6.466395294841444769e-05
2.375199999999997999e+03 6.073864244057487326e-05
2.376000000000000000e+03 6.473364598790481560e-05
2.376899999999998727e+03 6.108950951860539155e-05
2.377699999999997999e+03 6.701452475000849358e-05
2.378500000000000000e+03 6.580178510108896045e-05
2.379399999999998727e+03 7.362006540362154097e-05
2.380199999999997999e+03 7.322558195229588688e-05
2.381100000000001273e+03 8.096170654474318950e-05
2.381899999999998727e+03 7.882717753102611708e-05
2.382699999999997999e+03 8.577909296654264674e-05
2.383600000000001273e+03 8.304230546676263838e-05
2.384399999999998727e+03 9.086975849268805086e-05
2.385199999999997999e+03 8.994630505944840101e-05
2.386100000000001273e+03 9.874532676166944368e-05
2.386899999999998727e+03 9.856698407666740806e-05
2.387699999999997999e+03 1.076276958798746432e-04
2.388600000000001273e+03 1.073958779360278970e-04
2.389399999999998727e+03 1.189063799000184696e-04
2.390199999999997999e+03 1.194423927479739805e-04
2.391100000000001273e+03 1.309114379338879321e-04
2.391899999999998727e+03 1.290869665665389282e-04
2.392699999999997999e+03 1.377824879697251770e-04
2.393600000000001273e+03 1.344227068646950134e-04
2.394399999999998727e+03 1.442727273995112066e-04
2.395199999999997999e+03 1.459367144536822712e-04
2.396100000000001273e+03 1.617224855899577780e-04
2.396899999999998727e+03 1.686252264882859091e-04
2.397699999999997999e+03 1.905311098553423750e-04
2.398600000000001273e+03 1.995719974571890059e-04
2.399399999999998727e+03 2.227968209705408025e-04
2.400199999999997999e+03 2.303873082712933680e-04
2.401100000000001273e+03 2.517051268797826304e-04
2.401899999999998727e+03 2.612601853356776071e-04
2.402699999999997999e+03 2.873646486109840089e-04
2.403600000000001273e+03 3.004493414784034926e-04
2.404399999999998727e+03 3.319205506912906167e-04
2.405199999999997999e+03 3.490543985100755882e-04
2.406100000000001273e+03 3.860795926632889434e-04
2.406899999999998727e+03 4.104540821222765735e-04
2.407699999999997999e+03 4.597573498422925960e-04
2.408600000000001273e+03 4.978105758037236093e-04
2.409399999999998727e+03 5.678882104350529633e-04
2.410199999999997999e+03 6.269258277774143956e-04
2.411100000000001273e+03 7.279890616412942406e-04
2.411899999999998727e+03 8.129264205206102522e-04
2.412699999999997999e+03 9.409289691524338160e-04
2.413600000000001273e+03 1.063097762119692919e-03
2.414399999999998727e+03 1.224526174323413647e-03
2.415199999999997999e+03 1.390357042992246966e-03
2.416100000000001273e+03 1.636081352628447226e-03
2.416899999999998727e+03 1.920933495794921279e-03
2.417699999999997999e+03 2.365747191737105869e-03
2.418600000000001273e+03 2.944726562332093591e-03
2.419399999999998727e+03 3.819913558938296556e-03
2.420199999999997999e+03 5.061305173351827134e-03
2.421100000000001273e+03 7.201182933771080839e-03
2.421899999999998727e+03 1.091092645960874304e-02
2.422800000000002001e+03 1.853102672851100405e-02
2.423600000000001273e+03 3.051340259546763550e-02
2.424399999999998727e+03 4.794944036005224786e-02
2.425300000000002001e+03 6.906425576588279269e-02
2.426100000000001273e+03 8.740786819474731517e-02
2.426899999999998727e+03 9.706186609994046921e-02
2.427800000000002001e+03 9.449912557198911212e-02
2.428600000000001273e+03 8.079246364710179762e-02
2.429399999999998727e+03 6.067185400813367852e-02
2.430300000000002001e+03 4.054275499065772975e-02
2.431100000000001273e+03 2.560346786157490298e-02
2.431899999999998727e+03 1.556850909584368142e-02
2.432800000000002001e+03 9.646436035111513943e-03
2.433600000000001273e+03 6.686808610105050496e-03
2.434399999999998727e+03 4.729724823861207808e-03
2.435300000000002001e+03 3.589573117545697550e-03
2.436100000000001273e+03 2.711650644097080703e-03
2.436899999999998727e+03 2.190327269534724560e-03
2.437800000000002001e+03 1.789776667241570023e-03
2.438600000000001273e+03 1.565894351512490523e-03
2.439399999999998727e+03 1.356463387117914357e-03
2.440300000000002001e+03 1.221674469374808185e-03
2.441100000000001273e+03 1.071997523194752593e-03
2.441899999999998727e+03 9.518813004271093128e-04
2.442800000000002001e+03 8.134873706049022346e-04
2.443600000000001273e+03 7.162942540803843598e-04
2.444399999999998727e+03 6.084190765394375654e-04
2.445300000000002001e+03 5.448559505678245542e-04
2.446100000000001273e+03 4.833419201608185048e-04
2.446899999999998727e+03 4.518561550445161713e-04
2.447800000000002001e+03 4.114074092778063343e-04
2.448600000000001273e+03 3.877167092067258704e-04
2.449399999999998727e+03 3.449244817720208025e-04
2.450300000000002001e+03 3.173618300047178955e-04
2.451100000000001273e+03 2.774578694437549982e-04
2.451899999999998727e+03 2.557425901538890739e-04
2.452800000000002001e+03 2.230794070882272464e-04
2.453600000000001273e+03 2.090382993355728895e-04
2.454399999999998727e+03 1.854632294830394195e-04
2.455300000000002001e+03 1.771061531812122974e-04
2.456100000000001273e+03 1.593399371293176823e-04
2.456899999999998727e+03 1.557286209354019971e-04
2.457800000000002001e+03 1.404150949558871642e-04
2.458600000000001273e+03 1.375583793331752768e-04
2.459399999999998727e+03 1.235002449298874816e-04
2.460300000000002001e+03 1.212280214522875633e-04
2.461100000000001273e+03 1.082535997267172165e-04
2.461899999999998727e+03 1.054125158921522394e-04
2.462800000000002001e+03 9.206757599288084419e-05
2.463600000000001273e+03 8.866585823450659346e-05
2.464500000000000000e+03 7.728354870325561399e-05
2.465300000000002001e+03 7.559935461181258975e-05
2.466100000000001273e+03 6.650048317742481832e-05
2.467000000000000000e+03 6.640587199643890816e-05
2.467800000000002001e+03 5.821619484448737979e-05
2.468600000000001273e+03 5.848415306181724678e-05
2.469500000000000000e+03 5.078240200051170513e-05
2.470300000000002001e+03 5.159611049563640907e-05
2.471100000000001273e+03 4.499312792466223795e-05
2.472000000000000000e+03 4.559366881412220309e-05
2.472800000000002001e+03 3.918387695132987964e-05
2.473600000000001273e+03 4.021258859849455005e-05
2.474500000000000000e+03 3.456481073807575737e-05
2.475300000000002001e+03 3.622974596066497806e-05
2.476100000000001273e+03 3.187754085656248506e-05
2.477000000000000000e+03 3.412320372330739391e-05
2.477800000000002001e+03 3.003346378291919572e-05
2.478600000000001273e+03 3.178702918143258544e-05
2.479500000000000000e+03 2.718690758603356950e-05
2.480300000000002001e+03 2.825851829783371117e-05
2.481100000000001273e+03 2.347510804666430559e-05
2.482000000000000000e+03 2.492266572068492397e-05
2.482800000000002001e+03 2.111296070200830948e-05
2.483600000000001273e+03 2.317385906958861826e-05
2.484500000000000000e+03 2.005073316379169741e-05
2.485300000000002001e+03 2.210682952318392250e-05
2.486100000000001273e+03 1.859966235205009840e-05
2.487000000000000000e+03 1.993789085464219349e-05
2.487800000000002001e+03 1.617736865280226271e-05
2.488600000000001273e+03 1.747768417634492087e-05
2.489500000000000000e+03 1.401215997363939789e-05
2.490300000000002001e+03 1.567439565525098965e-05
2.491100000000001273e+03 1.253137946742225624e-05
2.492000000000000000e+03 1.388726061840356978e-05
2.492800000000002001e+03 1.068764982597681763e-05
2.493600000000001273e+03 1.205474706746329285e-05
2.494500000000000000e+03 9.211864717993573532e-06
2.495300000000002001e+03 1.096822190747893978e-05
2.496100000000001273e+03 8.558329071016699226e-06
2.497000000000000000e+03 1.034877045784755197e-05
2.497800000000002001e+03 7.877714716932295705e-06
2.498600000000001273e+03 9.463771029370662220e-06
2.499500000000000000e+03 7.031787058280270938e-06
2.500300000000002001e+03 8.558593346746977919e-06
2.501100000000001273e+03 6.348173749850135643e-06
2.502000000000000000e+03 7.965442364238710767e-06
2.502800000000002001e+03 5.910550607588898678e-06
2.503600000000001273e+03 7.567449844584415179e-06
2.504500000000000000e+03 5.526683543547696667e-06
2.505300000000002001e+03 7.037359871985981471e-06
2.506199999999997999e+03 4.883239207029732259e-06
2.507000000000000000e+03 6.203842795706662778e-06
2.507800000000002001e+03 4.085342492405977875e-06
2.508699999999997999e+03 5.392717425635262058e-06
2.509500000000000000e+03 3.431676499661750936e-06
2.510300000000002001e+03 4.835557510774366994e-06
2.511199999999997999e+03 3.046729731920360956e-06
2.512000000000000000e+03 4.555508127068427757e-06
2.512800000000002001e+03 2.953603660022050934e-06
2.513699999999997999e+03 4.549498855381395216e-06
2.514500000000000000e+03 3.071111934443009247e-06
2.515300000000002001e+03 4.639645412108209727e-06
2.516199999999997999e+03 3.123358474700165435e-06
2.517000000000000000e+03 4.543448764558763766e-06
2.517800000000002001e+03 2.958034727445705527e-06
2.518699999999997999e+03 4.215168880084185418e-06
2.519500000000000000e+03 2.618480779276453183e-06
2.520300000000002001e+03 3.868411450087514512e-06
2.521199999999997999e+03 2.350589140335754104e-06
2.522000000000000000e+03 3.610958056085590269e-06
2.522800000000002001e+03 2.147175464331143610e-06
2.523699999999997999e+03 3.373788736083133747e-06
2.524500000000000000e+03 1.927660370390009342e-06
2.525300000000002001e+03 3.094292695828086552e-06
2.526199999999997999e+03 1.650344917157386228e-06
2.527000000000000000e+03 2.749325454133346163e-06
2.527800000000002001e+03 1.324800885161437636e-06
2.528699999999997999e+03 2.442846087066912778e-06
2.529500000000000000e+03 1.127651284280866082e-06
2.530300000000002001e+03 2.312100079323060728e-06
2.531199999999997999e+03 1.068003602418818959e-06
2.532000000000000000e+03 2.225371461578596805e-06
2.532800000000002001e+03 1.021971637823182664e-06
2.533699999999997999e+03 2.148432311810741868e-06
2.534500000000000000e+03 9.823527225450067593e-07
2.535300000000002001e+03 2.105854948292253130e-06
2.536199999999997999e+03 9.470630459726178564e-07
2.537000000000000000e+03 2.034380892284235553e-06
2.537800000000002001e+03 9.182440788770242317e-07
2.538699999999997999e+03 2.005225010804866556e-06
2.539500000000000000e+03 9.398633518103871580e-07
2.540300000000002001e+03 1.987926681277493252e-06
2.541199999999997999e+03 9.266564832633372110e-07
2.542000000000000000e+03 1.909108780708909980e-06
2.542800000000002001e+03 8.360949737286315103e-07
2.543699999999997999e+03 1.805829908581123260e-06
2.544500000000000000e+03 7.500167137487469264e-07
2.545300000000002001e+03 1.681109554645796150e-06
2.546199999999997999e+03 6.273283219841017683e-07
2.547000000000000000e+03 1.522501200039385490e-06
2.547899999999998727e+03 4.990034273931254067e-07
2.548699999999997999e+03 1.391613389623556556e-06
2.549500000000000000e+03 4.288643073736506877e-07
2.550399999999998727e+03 1.330178555852335390e-06
2.551199999999997999e+03 3.942774148605489432e-07
2.552000000000000000e+03 1.279352940974431310e-06
2.552899999999998727e+03 3.647055475736945496e-07
2.553699999999997999e+03 1.222271824869146646e-06
2.554500000000000000e+03 3.125625138761751138e-07
2.555399999999998727e+03 1.153244857258420447e-06
2.556199999999997999e+03 2.641051288323740984e-07
2.557000000000000000e+03 1.100495352627693092e-06
2.557899999999998727e+03 2.557011136549110591e-07
2.558699999999997999e+03 1.114931052453146000e-06
2.559500000000000000e+03 3.075252635070798973e-07
2.560399999999998727e+03 1.142841214675848957e-06
2.561199999999997999e+03 3.440802706769722578e-07
2.562000000000000000e+03 1.115530630461769004e-06
2.562899999999998727e+03 2.927885538596094363e-07
2.563699999999997999e+03 1.032609624190131202e-06
2.564500000000000000e+03 2.291226287765670391e-07
2.565399999999998727e+03 9.639694930164400452e-07
2.566199999999997999e+03 1.722263569931427863e-07
2.567000000000000000e+03 8.966410209070347048e-07
2.567899999999998727e+03 1.088067240564851010e-07
2.568699999999997999e+03 8.141234792356445734e-07
2.569500000000000000e+03 7.087050251609569894e-08
2.570399999999998727e+03 7.831281698068804893e-07
2.571199999999997999e+03 7.712214408134584164e-08
2.572000000000000000e+03 7.929064907787463128e-07
2.572899999999998727e+03 1.132029825240152773e-07
2.573699999999997999e+03 8.216666614154492088e-07
2.574500000000000000e+03 1.468385857080649489e-07
2.575399999999998727e+03 8.308133093942372434e-07
2.576199999999997999e+03 1.475165057800787128e-07
2.577000000000000000e+03 7.940559282123500517e-07
2.577899999999998727e+03 1.200016850244276497e-07
2.578699999999997999e+03 7.466422797009457334e-07
2.579500000000000000e+03 7.133989127245550995e-08
2.580399999999998727e+03 6.895431643602554029e-07
2.581199999999997999e+03 3.480673360919458537e-08
2.582000000000000000e+03 6.602134290486801002e-07
2.582899999999998727e+03 4.325388434559434019e-08
2.583699999999997999e+03 6.689776762280975943e-07
2.584500000000000000e+03 5.143743236660258755e-08
2.585399999999998727e+03 6.341943885794574351e-07
2.586199999999997999e+03 7.092136992050244808e-09
2.587000000000000000e+03 5.596235875971743409e-07
2.587899999999998727e+03 -6.259545577319104530e-08
2.588699999999997999e+03 4.991177961000435750e-07
2.589600000000001273e+03 -8.625258648766467941e-08
2.590399999999998727e+03 4.906762486038827617e-07
2.591199999999997999e+03 -5.574394508124960233e-08
2.592100000000001273e+03 5.336010756232453029e-07
2.592899999999998727e+03 3.917572714796185948e-09
2.593699999999997999e+03 5.681491617848121727e-07
2.594600000000001273e+03 3.178696275642798337e-08
2.595399999999998727e+03 5.558341068324298744e-07
2.596199999999997999e+03 -3.311139345209599793e-09
2.597100000000001273e+03 4.988580123528593640e-07
2.597899999999998727e+03 -4.622166088530194814e-08
2.598699999999997999e+03 4.538881591612426629e-07
2.599600000000001273e+03 -7.397366460907154434e-08
2.600399999999998727e+03 4.247610764585231132e-07
2.601199999999997999e+03 -8.473351362547039989e-08
2.602100000000001273e+03 4.114812092732710608e-07
2.602899999999998727e+03 -7.174739396203741303e-08
2.603699999999997999e+03 4.264570019820580942e-07
2.604600000000001273e+03 -4.856591260754217477e-08
2.605399999999998727e+03 4.323371268073296767e-07
2.606199999999997999e+03 -5.053493505185802850e-08
2.607100000000001273e+03 4.122483210347475676e-07
2.607899999999998727e+03 -6.312748186876192766e-08
2.608699999999997999e+03 3.913838890797669723e-07
2.609600000000001273e+03 -6.973010226381675185e-08
2.610399999999998727e+03 3.760691692031419083e-07
2.611199999999997999e+03 -7.845569334618660994e-08
2.612100000000001273e+03 3.532776671086984197e-07
2.612899999999998727e+03 -8.690472226367246961e-08
2.613699999999997999e+03 3.495710861267791749e-07
2.614600000000001273e+03 -7.159159884097058125e-08
2.615399999999998727e+03 3.726971204453196615e-07
2.616199999999997999e+03 -3.620820103239949025e-08
2.617100000000001273e+03 3.902768359326660509e-07
2.617899999999998727e+03 -2.607040559161734317e-08
2.618699999999997999e+03 3.754220732130477503e-07
2.619600000000001273e+03 -4.772974638814449985e-08
2.620399999999998727e+03 3.316813862421267647e-07
2.621199999999997999e+03 -8.663908485210452998e-08
2.622100000000001728e+03 2.867328284937212796e-07
2.622899999999998272e+03 -1.204710424777690537e-07
2.623699999999997999e+03 2.634018720975127662e-07
2.624600000000001728e+03 -1.161037706049962519e-07
2.625399999999998272e+03 2.744332819955943669e-07
2.626199999999997999e+03 -8.937841196574255349e-08
2.627100000000001728e+03 2.901276721093212919e-07
2.627899999999998272e+03 -7.859680735176608645e-08
2.628699999999997999e+03 2.734360889817151984e-07
2.629600000000001728e+03 -1.028935526350089646e-07
2.630399999999998272e+03 2.378689361963131239e-07
2.631199999999997999e+03 -1.312687681460647317e-07
2.632100000000001728e+03 2.134520248872007639e-07
2.632899999999998272e+03 -1.333835061396204970e-07
2.633800000000002001e+03 2.109495990145182978e-07
2.634600000000001728e+03 -1.280797731774682155e-07
2.635399999999998272e+03 2.098735890704638588e-07
2.636300000000002001e+03 -1.237937326366560993e-07
2.637100000000001728e+03 2.098571862889812355e-07
2.637899999999998272e+03 -1.068318792508031580e-07
2.638800000000002001e+03 2.303919242143420363e-07
2.639600000000001728e+03 -7.843378123351889614e-08
2.640399999999998272e+03 2.445414624913815483e-07
2.641300000000002001e+03 -6.905376925482035949e-08
2.642100000000001728e+03 2.318712528865798963e-07
2.642899999999998272e+03 -8.545010544604089079e-08
2.643800000000002001e+03 2.083489035771248669e-07
2.644600000000001728e+03 -1.027696865924005883e-07
2.645399999999998272e+03 1.905696313494121584e-07
2.646300000000002001e+03 -1.102270671996026157e-07
2.647100000000001728e+03 1.812067546428197857e-07
2.647899999999998272e+03 -1.053820799676568105e-07
2.648800000000002001e+03 1.870447362148275006e-07
2.649600000000001728e+03 -8.774204669474011643e-08
2.650399999999998272e+03 2.051377554626212633e-07
2.651300000000002001e+03 -6.431308367917254851e-08
2.652100000000001728e+03 2.146967267957782081e-07
2.652899999999998272e+03 -5.791365117458345918e-08
2.653800000000002001e+03 2.025109000930044696e-07
2.654600000000001728e+03 -7.746892830672576489e-08
2.655399999999998272e+03 1.691416323778264927e-07
2.656300000000002001e+03 -1.067589745216562602e-07
2.657100000000001728e+03 1.399651754246631933e-07
2.657899999999998272e+03 -1.189401996807700004e-07
2.658800000000002001e+03 1.417512098160914958e-07
2.659600000000001728e+03 -9.821619306497085105e-08
2.660399999999998272e+03 1.614697822724370890e-07
2.661300000000002001e+03 -7.555215059961331509e-08
2.662100000000001728e+03 1.663596705535404609e-07
2.662899999999998272e+03 -7.501730723241381477e-08
2.663800000000002001e+03 1.588165860391519993e-07
2.664600000000001728e+03 -7.546719420849906483e-08
2.665399999999998272e+03 1.579151210979441506e-07
2.666300000000002001e+03 -7.162975722003036601e-08
2.667100000000001728e+03 1.527128693901596812e-07
2.667899999999998272e+03 -7.571420632429981699e-08
2.668800000000002001e+03 1.437313448318313352e-07
2.669600000000001728e+03 -7.375269660432715182e-08
2.670399999999998272e+03 1.461649040647013873e-07
2.671300000000002001e+03 -6.706934572560105724e-08
2.672100000000001728e+03 1.456943633572761686e-07
2.672899999999998272e+03 -6.935866065108179119e-08
2.673800000000002001e+03 1.334754994492029125e-07
2.674600000000001728e+03 -7.627168177358301848e-08
2.675500000000000000e+03 1.242768947209782793e-07
2.676300000000002001e+03 -7.774323665430685836e-08
2.677100000000001728e+03 1.205215342459587563e-07
2.678000000000000000e+03 -7.367979187518012164e-08
2.678800000000002001e+03 1.235046492645338327e-07
2.679600000000001728e+03 -6.614953784184907391e-08
2.680500000000000000e+03 1.271909552816319825e-07
2.681300000000002001e+03 -6.148382299454262265e-08
2.682100000000001728e+03 1.201331577004336942e-07
2.683000000000000000e+03 -6.470459052650755813e-08
2.683800000000002001e+03 1.152069391365269254e-07
2.684600000000001728e+03 -6.239881021350804881e-08
2.685500000000000000e+03 1.168601767342836161e-07
2.686300000000002001e+03 -5.889255915650167694e-08
2.687100000000001728e+03 1.111880135097374631e-07
2.688000000000000000e+03 -6.500885586240684679e-08
2.688800000000002001e+03 1.034421067241348142e-07
2.689600000000001728e+03 -6.243574777486203384e-08
2.690500000000000000e+03 1.026798156274449704e-07
2.691300000000002001e+03 -5.949889861703408375e-08
2.692100000000001728e+03 9.892113703250767877e-08
2.693000000000000000e+03 -6.095317423176818496e-08
2.693800000000002001e+03 9.377523388759861484e-08
2.694600000000001728e+03 -6.076754733445517101e-08
2.695500000000000000e+03 9.377651731134046080e-08
2.696300000000002001e+03 -5.624613940057442826e-08
2.697100000000001728e+03 9.507681338005743151e-08
2.698000000000000000e+03 -5.071470828478702274e-08
2.698800000000002001e+03 9.822724303035896256e-08
2.699600000000001728e+03 -4.261830786616008290e-08
2.700500000000000000e+03 9.970959745232604086e-08
2.701300000000002001e+03 -3.705748321637984446e-08
2.702100000000001728e+03 9.979508599474794132e-08
2.703000000000000000e+03 -3.678198535411112656e-08
2.703800000000002001e+03 9.179685184087209301e-08
2.704600000000001728e+03 -4.459521867103600469e-08
2.705500000000000000e+03 7.894298742889711812e-08
2.706300000000002001e+03 -5.419964198646941693e-08
2.707100000000001728e+03 7.014408467814495004e-08
2.708000000000000000e+03 -5.465269056738230016e-08
2.708800000000002001e+03 6.753057378514285430e-08
2.709600000000001728e+03 -5.281892846426221425e-08
2.710500000000000000e+03 6.620838751587056097e-08
2.711300000000002001e+03 -4.952319020395628963e-08
2.712100000000001728e+03 6.665013163785844216e-08
2.713000000000000000e+03 -4.474387670397707668e-08
2.713800000000002001e+03 6.835471025468610399e-08
2.714600000000001728e+03 -3.754261739084197362e-08
2.715500000000000000e+03 7.589053622523832817e-08
2.716300000000002001e+03 -2.672996018291370666e-08
2.717199999999997999e+03 8.050059430636858469e-08
2.718000000000000000e+03 -2.384541836832528613e-08
2.718800000000002001e+03 7.493422902238538480e-08
2.719699999999997999e+03 -2.532695891182161289e-08
2.720500000000000000e+03 7.403082392011618356e-08
2.721300000000002001e+03 -1.814507616688840261e-08
2.722199999999997999e+03 8.120378530489208160e-08
2.723000000000000000e+03 -1.081250069283766502e-08
2.723800000000002001e+03 7.768188273883718296e-08
2.724699999999997999e+03 -2.023417698862264476e-08
2.725500000000000000e+03 5.902569089246673813e-08
2.726300000000002001e+03 -3.654013823629651588e-08
2.727199999999997999e+03 4.146178655956102493e-08
2.728000000000000000e+03 -4.690713437558248287e-08
2.728800000000002001e+03 3.126579880813704739e-08
2.729699999999997999e+03 -5.216735614258054071e-08
2.730500000000000000e+03 2.552964908429932776e-08
2.731300000000002001e+03 -5.103193307017870308e-08
2.732199999999997999e+03 2.813048851557610175e-08
2.733000000000000000e+03 -4.250636514314435688e-08
2.733800000000002001e+03 3.526785836877606575e-08
2.734699999999997999e+03 -3.088315071492331703e-08
2.735500000000000000e+03 4.228618284415446200e-08
2.736300000000002001e+03 -2.756648951732140258e-08
2.737199999999997999e+03 3.682596609453722557e-08
2.738000000000000000e+03 -3.533785191724012409e-08
2.738800000000002001e+03 2.371451540724865846e-08
2.739699999999997999e+03 -4.128019149097859244e-08
2.740500000000000000e+03 2.115573158078469508e-08
2.741300000000002001e+03 -3.436650361419204353e-08
2.742199999999997999e+03 3.040790829418018776e-08
2.743000000000000000e+03 -1.945122589998928055e-08
2.743800000000002001e+03 4.351165530871501985e-08
2.744699999999997999e+03 -4.677296964002127766e-09
2.745500000000000000e+03 5.324771407584855415e-08
2.746300000000002001e+03 3.846511733414986042e-09
2.747199999999997999e+03 5.482351113713588625e-08
2.748000000000000000e+03 4.355314119859667648e-09
2.748800000000002001e+03 4.902237321742775618e-08
