1.998407292994138288e+03 4.376473276427049857e-06
2.000102516110160195e+03 3.499189396179106349e-06
2.001797739226183239e+03 4.794569766885652173e-06
2.003492962342203555e+03 3.942592870171908649e-06
2.005103185458225653e+03 5.215531080922786026e-06
2.006798408574249379e+03 4.345502560633967861e-06
2.008493631690269467e+03 5.571256681256380155e-06
2.010103854806291110e+03 4.739821520701832921e-06
2.011799077922314154e+03 6.008410171984738996e-06
2.013494301038334697e+03 5.239073312721275784e-06
2.015104524154356568e+03 6.506729913093562711e-06
2.016799747270379612e+03 5.703085049277406629e-06
2.018494970386400382e+03 6.797100493121643770e-06
2.020105193502422480e+03 5.823208326075762358e-06
2.021800416618445070e+03 6.711890432697073469e-06
2.023495639734465612e+03 5.654480275476932434e-06
2.025105862850487483e+03 6.615208381763960625e-06
2.026801085966510527e+03 5.773033117548902970e-06
2.028496309082530843e+03 6.932701202996511862e-06
2.030106532198553396e+03 6.215191706886825282e-06
2.031801755314576440e+03 7.242590953886979465e-06
2.033496978430596528e+03 6.272023993653687879e-06
2.035107201546618626e+03 6.948261591222520786e-06
2.036802424662641670e+03 5.779397636237959074e-06
2.038497647778661758e+03 6.329590935996543764e-06
2.040192870894682301e+03 5.150200216193421015e-06
2.041803094010707355e+03 5.782159544272492282e-06
2.043498317126727898e+03 4.703021397447615535e-06
2.045193540242747986e+03 5.381209442992612060e-06
2.046803763358772585e+03 4.411021694083408094e-06
2.048498986474792673e+03 5.097850706856918296e-06
2.050194209590813443e+03 4.155239100121839338e-06
2.051804432706837360e+03 4.865891342169711106e-06
2.053499655822858585e+03 4.025408823560726451e-06
2.055194878938879356e+03 4.837930489917390724e-06
2.056805102054903728e+03 4.150458038886170892e-06
2.058500325170924043e+03 4.982708602222837671e-06
2.060195548286944359e+03 4.265203504688731226e-06
2.061805771402968730e+03 4.976185639228354996e-06
2.063500994518989501e+03 4.177890354750546370e-06
2.065196217635009816e+03 4.797079310133825174e-06
2.066806440751034643e+03 3.992065757283046700e-06
2.068501663867054958e+03 4.625345049115088738e-06
2.070196886983075274e+03 3.866104828955120565e-06
2.071807110099099646e+03 4.527715956810221467e-06
2.073502333215120416e+03 3.974637357811000075e-06
2.075197556331140277e+03 4.784431250745758250e-06
2.076892779447163321e+03 4.466644819577949840e-06
2.078503002563185873e+03 5.380031901425456756e-06
2.080198225679206189e+03 5.114653484317676910e-06
2.081893448795229233e+03 5.925836726907877552e-06
2.083503671911251331e+03 5.506012233538203148e-06
2.085198895027271647e+03 6.202145467922412270e-06
2.086894118143294236e+03 5.807198436872035565e-06
2.088504341259316334e+03 6.488588620390824204e-06
2.090199564375337104e+03 6.225236979619841469e-06
2.091894787491360148e+03 7.006170661113277235e-06
2.093505010607382246e+03 6.965919280846644303e-06
2.095200233723402562e+03 7.896748923364102027e-06
2.096895456839425151e+03 8.146179293736583439e-06
2.098505679955447249e+03 9.294822515623071477e-06
2.100200903071467565e+03 9.709655134826126967e-06
2.101896126187491063e+03 1.088554910253992658e-05
2.103506349303513161e+03 1.126092676647242156e-05
2.105201572419533477e+03 1.229470052077650261e-05
2.106896795535556521e+03 1.259153835796355395e-05
2.108507018651578164e+03 1.367725911949861689e-05
2.110202241767598935e+03 1.442376871567604832e-05
2.111897464883621979e+03 1.586401652892102624e-05
2.113592687999644113e+03 1.707018489442508528e-05
2.115202911115664847e+03 1.888430218697721754e-05
2.116898134231687436e+03 2.046948248294666524e-05
2.118593357347709571e+03 2.274311948111962120e-05
2.120203580463729850e+03 2.495600008538313651e-05
2.121898803579752439e+03 2.799958477813974776e-05
2.123594026695775028e+03 3.118540745161143207e-05
2.125204249811794853e+03 3.460167999889671896e-05
2.126899472927818351e+03 3.879177055603257062e-05
2.128594696043840941e+03 4.342148299227254323e-05
2.130204919159860765e+03 4.904533612273132134e-05
2.131900142275883809e+03 5.562897000827861892e-05
2.133595365391905943e+03 6.326222326138963273e-05
2.135205588507925768e+03 7.162035798677559445e-05
2.136900811623948357e+03 8.067158319459702615e-05
2.138596034739971856e+03 9.140461916578196703e-05
2.140206257855991680e+03 1.047627484107166305e-04
2.141901480972014724e+03 1.219658608962640687e-04
2.143596704088037313e+03 1.460620553396077862e-04
2.145206927204057138e+03 1.781367759546852614e-04
2.146902150320079727e+03 2.201291097938350811e-04
2.148597373436102316e+03 2.731359356208674363e-04
2.150292596552125360e+03 3.371985389137300811e-04
2.151902819668145639e+03 4.101739806304557489e-04
2.153598042784168229e+03 5.009836675913792968e-04
2.155293265900190818e+03 6.079547385640157861e-04
2.156903489016210642e+03 7.509679123310457338e-04
2.158598712132233231e+03 9.546724910826454111e-04
2.160293935248255821e+03 1.259589540207155245e-03
2.161904158364276554e+03 1.740481141268580487e-03
2.163599381480299144e+03 2.482193282520322401e-03
2.165294604596321733e+03 3.575822134605072949e-03
2.166904827712341557e+03 5.183115364735760115e-03
2.168600050828364147e+03 7.158941868500737736e-03
2.170295273944387191e+03 9.618239384108084530e-03
2.171905497060407015e+03 1.212201733438574187e-02
2.173600720176430514e+03 1.425316205528255435e-02
2.175295943292453103e+03 1.568291667642788059e-02
2.176906166408472927e+03 1.604835562646162589e-02
2.178601389524495062e+03 1.528585522008645350e-02
2.180296612640518106e+03 1.356041576026621905e-02
2.181906835756537930e+03 1.126505548900224446e-02
2.183602058872560519e+03 8.863114500576583718e-03
2.185297281988583109e+03 6.551656139314635668e-03
2.186992505104603879e+03 4.766996623832994717e-03
2.188602728220626432e+03 3.418347691942988549e-03
2.190297951336649021e+03 2.432950517271714307e-03
2.191993174452669336e+03 1.771539480833134953e-03
2.193603397568691889e+03 1.279332611269028011e-03
2.195298620684714024e+03 9.404479606095668973e-04
2.196993843800734794e+03 6.931545172399493013e-04
2.198604066916757347e+03 5.220167909020168766e-04
2.200299290032779936e+03 3.971869735093333693e-04
2.201994513148800706e+03 3.160651529807151491e-04
2.203604736264822805e+03 2.520031025262005754e-04
2.205299959380845394e+03 2.146758970550120870e-04
2.206995182496865709e+03 1.802358797543054275e-04
2.208605405612887807e+03 1.600512903468933679e-04
2.210300628728910851e+03 1.375723969770303802e-04
2.211995851844931167e+03 1.255570790123276500e-04
2.213606074960953720e+03 1.099355624057821797e-04
2.215301298076976309e+03 1.024173906364254748e-04
2.216996521192996624e+03 9.006334260779821899e-05
2.218606744309018723e+03 8.316487411951618228e-05
2.220301967425041312e+03 7.236204267182704604e-05
2.221997190541061627e+03 6.579345775983596234e-05
2.223607413657085090e+03 5.703159510449327518e-05
2.225302636773107224e+03 5.236913864209762559e-05
2.226997859889127540e+03 4.526992673167888728e-05
2.228693083005147855e+03 4.295159858355043184e-05
2.230303306121172682e+03 3.776663670360032874e-05
2.231998529237192997e+03 3.692696900454439532e-05
2.233693752353213313e+03 3.323197309121721774e-05
2.235303975469238139e+03 3.297123456941232196e-05
2.236999198585258455e+03 2.955871638871813672e-05
2.238694421701279225e+03 2.889677074409576957e-05
2.240304644817303597e+03 2.567487627253326222e-05
2.241999867933323458e+03 2.495731551763125995e-05
2.243695091049344228e+03 2.212619993809045507e-05
2.245305314165368600e+03 2.203159242103835242e-05
2.247000537281389370e+03 1.972677533968310938e-05
2.248695760397410140e+03 1.975060229639314115e-05
2.250305983513434512e+03 1.764453273512116643e-05
2.252001206629454828e+03 1.750420817919952980e-05
2.253696429745475143e+03 1.541234064116649973e-05
2.255306652861499515e+03 1.530172581744847294e-05
2.257001875977520285e+03 1.345535058856064165e-05
2.258697099093541055e+03 1.347658065541166446e-05
2.260307322209565427e+03 1.188702910416251553e-05
2.262002545325586198e+03 1.192983720050084715e-05
2.263697768441606058e+03 1.052905071839773350e-05
2.265392991557628648e+03 1.062341092137368290e-05
2.267003214673651200e+03 9.289808320007552234e-06
2.268698437789671516e+03 9.250214222639709875e-06
2.270393660905694560e+03 7.902258194840099448e-06
2.272003884021716658e+03 7.769018867630922239e-06
2.273699107137736974e+03 6.572442338016514615e-06
2.275394330253759563e+03 6.608790498719673272e-06
2.277004553369782116e+03 5.664754500485308451e-06
2.278699776485802431e+03 5.700421317240160753e-06
2.280394999601824566e+03 4.862178009127917185e-06
2.282005222717848028e+03 4.817192441055160710e-06
2.283700445833867889e+03 4.054685158353803185e-06
2.285395668949890933e+03 4.045952816916705470e-06
2.287005892065913031e+03 3.473662934112166108e-06
2.288701115181933346e+03 3.474732289748240614e-06
2.290396338297955481e+03 2.978189128176962205e-06
2.292006561413978488e+03 2.932856964870606791e-06
2.293701784529998804e+03 2.447205434805065920e-06
2.295397007646021848e+03 2.313813953136482297e-06
2.297007230762043946e+03 1.895597031630981137e-06
2.298702453878064262e+03 1.714034935845914028e-06
2.300397676994086851e+03 1.420771486358533085e-06
2.302092900110109895e+03 1.238379350292867068e-06
2.303703123226129719e+03 1.076732959393575997e-06
2.305398346342151854e+03 8.710671652758437076e-07
2.307093569458175807e+03 8.033084306667993516e-07
2.308703792574195631e+03 5.694084150345513564e-07
2.310399015690217766e+03 5.877310409435761181e-07
2.312094238806241265e+03 3.249076924539137410e-07
2.313704461922260634e+03 4.090751341584207690e-07
2.315399685038282769e+03 7.802967273948394897e-08
2.317094908154306268e+03 2.345062596939615822e-07
2.318705131270326547e+03 -1.380255214409575743e-07
2.320400354386348681e+03 1.185404444907911098e-07
2.322095577502372180e+03 -2.766741930448792120e-07
2.323705800618391550e+03 8.763121247706800131e-08
2.325401023734414139e+03 -3.474749926012466213e-07
2.327096246850437637e+03 1.071179170519552375e-07
2.328706469966456552e+03 -3.711241454830063024e-07
2.330401693082479142e+03 1.711210069449137547e-07
2.332096916198503095e+03 -3.540436397860162716e-07
2.333707139314522465e+03 2.714762873984029235e-07
2.335402362430545054e+03 -3.171895189638554090e-07
2.337097585546568553e+03 3.883269103794888109e-07
2.338792808662590687e+03 -2.505731763244429801e-07
2.340403031778610057e+03 5.569471858403793714e-07
2.342098254894633556e+03 -1.169398438375272522e-07
2.343793478010656600e+03 8.086524166556696301e-07
2.345403701126675969e+03 8.535023292478521279e-08
2.347098924242699468e+03 1.111373869806350839e-06
2.348794147358721602e+03 3.402094038579389782e-07
2.350404370474740972e+03 1.452060668974491165e-06
2.352099593590764471e+03 6.003906615263364337e-07
2.353794816706787060e+03 1.770717962048402409e-06
2.355405039822806884e+03 7.748002026675348811e-07
2.357100262938830383e+03 1.959957237103305480e-06
2.358795486054852972e+03 8.676981617136164373e-07
2.360405709170871887e+03 2.170255208613499969e-06
2.362100932286895386e+03 1.048533570005222606e-06
2.363796155402917975e+03 2.508490422099075307e-06
2.365406378518937345e+03 1.325762562032486689e-06
2.367101601634961298e+03 2.866645183641681568e-06
2.368796824750983887e+03 1.611291532895557688e-06
2.370407047867003257e+03 3.302272534394244520e-06
2.372102270983026756e+03 2.019063655264757776e-06
2.373797494099048890e+03 3.878874775630616785e-06
2.375492717215069206e+03 2.498822916390894503e-06
2.377102940331091759e+03 4.429913299758565223e-06
2.378798163447114803e+03 2.920109760394733067e-06
2.380493386563134663e+03 4.925697225291181665e-06
2.382103609679157671e+03 3.337378593756920258e-06
2.383798832795179806e+03 5.464534987800898360e-06
2.385494055911200121e+03 3.708625845499783319e-06
2.387104279027223129e+03 5.819573977651856319e-06
2.388799502143245263e+03 3.787471413147295757e-06
2.390494725259266033e+03 5.914055277944518948e-06
2.392104948375288586e+03 3.737098075092114917e-06
2.393800171491311175e+03 6.077977783207598099e-06
2.395495394607331491e+03 3.910829337764059199e-06
2.397105617723354044e+03 6.362294312484502596e-06
2.398800840839376178e+03 4.030940594092996064e-06
2.400496063955396494e+03 6.542852687490477465e-06
2.402106287071419047e+03 4.050390597602191181e-06
2.403801510187442091e+03 6.771041449643705186e-06
2.405496733303461951e+03 4.266525181294691562e-06
2.407106956419484959e+03 7.304631328031776067e-06
2.408802179535507094e+03 4.727293415889002557e-06
2.410497402651527409e+03 7.916914535141721592e-06
2.412192625767547725e+03 5.157029922316985819e-06
2.413802848883572551e+03 8.372619178209676232e-06
2.415498071999593321e+03 5.348211037341849800e-06
2.417193295115613182e+03 8.629741125491622726e-06
2.418803518231638463e+03 5.468989982783745126e-06
2.420498741347658324e+03 9.045921942598665361e-06
2.422193964463678640e+03 5.814426658307745393e-06
2.423804187579703466e+03 9.723786500281143494e-06
2.425499410695723782e+03 6.352968466860786808e-06
2.427194633811744552e+03 1.041573362976386446e-05
2.428804856927769379e+03 6.677733471996538927e-06
2.430500080043789239e+03 1.078596589463716010e-05
2.432195303159810010e+03 6.763452894760084307e-06
2.433805526275834382e+03 1.094202498956497217e-05
2.435500749391854697e+03 6.593164194803765828e-06
2.437195972507875013e+03 1.108206492286955193e-05
2.438806195623899839e+03 6.692887123244580650e-06
2.440501418739920155e+03 1.159307040579767646e-05
2.442196641855940925e+03 7.103577752052219400e-06
2.443806864971965297e+03 1.233458654047417022e-05
2.445502088087985612e+03 7.397809005706731341e-06
2.447197311204005928e+03 1.264070898172783955e-05
2.448892534320028062e+03 7.344361049439919256e-06
2.450502757436051070e+03 1.285995944342013857e-05
2.452197980552071840e+03 7.259404151425898149e-06
2.453893203668093520e+03 1.321717117337615864e-05
2.455503426784116982e+03 7.431343129211864505e-06
2.457198649900136843e+03 1.395060556704208342e-05
2.458893873016158977e+03 7.957570881142606028e-06
2.460504096132181985e+03 1.502433741337938729e-05
2.462199319248202301e+03 8.773561730188118431e-06
2.463894542364224890e+03 1.619916576003700533e-05
2.465504765480247443e+03 9.574010838463193907e-06
2.467199988596267758e+03 1.734656394097400670e-05
2.468895211712290347e+03 1.013676501760597301e-05
2.470505434828312900e+03 1.848890811408821988e-05
2.472200657944333216e+03 1.076013369341860352e-05
2.473895881060355350e+03 1.982365802915178718e-05
2.475506104176378813e+03 1.181433938775969406e-05
2.477201327292398673e+03 2.170131523964159524e-05
2.478896550408421263e+03 1.331705893554470884e-05
2.480506773524443815e+03 2.382513026896733541e-05
2.482201996640464131e+03 1.463187724310455115e-05
2.483897219756486265e+03 2.552173490018479963e-05
2.485507442872509273e+03 1.510401858178062990e-05
2.487202665988530043e+03 2.673258569825378978e-05
2.488897889104552178e+03 1.578313344340260662e-05
2.490593112220576131e+03 2.897026612719168684e-05
2.492203335336595501e+03 1.829533729747026853e-05
2.493898558452617181e+03 3.367366219299425327e-05
2.495593781568641134e+03 2.258212236174442960e-05
2.497204004684660504e+03 3.991648461693828959e-05
2.498899227800683093e+03 2.842497968238687166e-05
2.500594450916707046e+03 4.814510616976110726e-05
2.502204674032725961e+03 3.795413890730434266e-05
2.503899897148748096e+03 6.238318001533984928e-05
2.505595120264772049e+03 5.351320014896675053e-05
2.507205343380791419e+03 8.202254930010420368e-05
2.508900566496813553e+03 7.246206365587608733e-05
2.510595789612837507e+03 1.033546751392010421e-04
2.512206012728857331e+03 9.202167443483567552e-05
2.513901235844879011e+03 1.298112124167203837e-04
2.515596458960903419e+03 1.268812601075570957e-04
2.517206682076922334e+03 1.846653655891448758e-04
2.518901905192944469e+03 1.997069172691145751e-04
2.520597128308968422e+03 2.861165373489310266e-04
2.522207351424987337e+03 3.167114317948093913e-04
2.523902574541009926e+03 4.410789497312928172e-04
2.525597797657034789e+03 5.225373923346456756e-04
2.527293020773056469e+03 7.783227631417321190e-04
2.528903243889075384e+03 1.025319249237123358e-03
2.530598467005099337e+03 1.540293031346835588e-03
2.532293690121121926e+03 2.111158499652685677e-03
2.533903913237140841e+03 3.118960767600573863e-03
2.535599136353165704e+03 4.287677160176896207e-03
2.537294359469187384e+03 6.677709668282739465e-03
2.538904582585206754e+03 1.048417624516312027e-02
2.540599805701230707e+03 1.624787760666272785e-02
2.542295028817252842e+03 2.490513413623224662e-02
2.543905251933271757e+03 3.492387851010542860e-02
2.545600475049295710e+03 4.425026770103362289e-02
2.547295698165318754e+03 5.026190056800673711e-02
2.548905921281337669e+03 5.116921536613477928e-02
2.550601144397361622e+03 4.672156903400941780e-02
2.552296367513383757e+03 3.821396033402756770e-02
2.553906590629402672e+03 2.873748271895764164e-02
2.555601813745427080e+03 2.006744280273774217e-02
2.557297036861448760e+03 1.299929520704283699e-02
2.558907259977467675e+03 8.466250770295963984e-03
2.560602483093492538e+03 5.382602539222220914e-03
2.562297706209515127e+03 3.662633013221025177e-03
2.563992929325534988e+03 2.467998031128213615e-03
2.565603152441557995e+03 1.809785136051488604e-03
2.567298375557579675e+03 1.279311506597670921e-03
2.568993598673600445e+03 9.864447522387605975e-04
2.570603821789622998e+03 7.158877717836302891e-04
2.572299044905646042e+03 5.917541771526940979e-04
2.573994268021665448e+03 4.370847845368442536e-04
2.575604491137688910e+03 3.712128999598700231e-04
2.577299714253711045e+03 2.693573372441115596e-04
2.578994937369730906e+03 2.414398215002125858e-04
2.580605160485753913e+03 1.696235166107600966e-04
2.582300383601776048e+03 1.642592830815093111e-04
2.583995606717796818e+03 1.139180328792626154e-04
2.585605829833820280e+03 1.207887576512920564e-04
2.587301052949841960e+03 8.173782880333434664e-05
2.588996276065862276e+03 9.236126770550615169e-05
2.590606499181884828e+03 5.855590823125289806e-05
2.592301722297907418e+03 7.012834093192619436e-05
2.593996945413927278e+03 4.212769733882152555e-05
2.595607168529951196e+03 5.666823207808285287e-05
2.597302391645972875e+03 3.273848054738889981e-05
2.598997614761993191e+03 4.770965614031739223e-05
2.600692837878013052e+03 2.477935311885886161e-05
2.602303060994038333e+03 3.895987802799181577e-05
2.603998284110058194e+03 1.717221932491617021e-05
2.605693507226078509e+03 3.157912562220869086e-05
2.607303730342104245e+03 1.193969756387402446e-05
2.608998953458124106e+03 2.648316171895716525e-05
2.610694176574144421e+03 8.514596372652645390e-06
2.612304399690169248e+03 2.267355995677553242e-05
2.613999622806189109e+03 5.642633622305250530e-06
2.615694845922209424e+03 1.938685899992296762e-05
2.617305069038234251e+03 3.172805054225637982e-06
2.619000292154254566e+03 1.662638262834633806e-05
2.620695515270275337e+03 1.136703006085765851e-06
2.622305738386300618e+03 1.425626426909805007e-05
2.624000961502320479e+03 -6.013482639274013593e-07
2.625696184618340794e+03 1.235391671174440871e-05
2.627306407734365166e+03 -1.504454186169331832e-06
2.629001630850385936e+03 1.145449273337290793e-05
2.630696853966405797e+03 -1.861884898504793705e-06
2.632307077082431533e+03 1.050476140704405595e-05
2.634002300198450939e+03 -2.657571392623571852e-06
2.635697523314471709e+03 9.147919675928383281e-06
2.637392746430493389e+03 -3.585528283489198814e-06
2.639002969546516397e+03 8.219000855572432306e-06
2.640698192662536712e+03 -3.839740365511034933e-06
2.642393415778558392e+03 7.752959595231205479e-06
2.644003638894582309e+03 -3.986922001528601474e-06
2.645698862010602625e+03 7.319365374772154952e-06
2.647394085126624304e+03 -4.148305823151520856e-06
