1.998407292994138288e+03 4.376479284076499114e-06
2.000102516110160195e+03 3.499194199568027620e-06
2.001797739226183239e+03 4.794576348462323265e-06
2.003492962342203555e+03 3.942598282227321271e-06
2.005103185458225653e+03 5.215538240359265732e-06
2.006798408574249379e+03 4.345508525769457913e-06
2.008493631690269467e+03 5.571264329002640215e-06
2.010103854806291110e+03 4.739828027124779013e-06
2.011799077922314154e+03 6.008418419818047421e-06
2.013494301038334697e+03 5.239080504474523906e-06
2.015104524154356568e+03 6.506738844977733286e-06
2.016799747270379612e+03 5.703092877986413037e-06
2.018494970386400382e+03 6.797109823601792618e-06
2.020105193502422480e+03 5.823216319679762584e-06
2.021800416618445070e+03 6.711899646208115831e-06
2.023495639734465612e+03 5.654488037465449202e-06
2.025105862850487483e+03 6.615217462558125068e-06
2.026801085966510527e+03 5.773041042276654565e-06
2.028496309082530843e+03 6.932710719617757380e-06
2.030106532198553396e+03 6.215200238572197468e-06
2.031801755314576440e+03 7.242600895898460004e-06
2.033496978430596528e+03 6.272032603353578704e-06
2.035107201546618626e+03 6.948271129203741725e-06
2.036802424662641670e+03 5.779405569702380335e-06
2.038497647778661758e+03 6.329599624719425573e-06
2.040192870894682301e+03 5.150207285949257439e-06
2.041803094010707355e+03 5.782167481528224544e-06
2.043498317126727898e+03 4.703027853354489894e-06
2.045193540242747986e+03 5.381216829858223303e-06
2.046803763358772585e+03 4.411027749157980499e-06
2.048498986474792673e+03 5.097857704751811858e-06
2.050194209590813443e+03 4.155244804079870065e-06
2.051804432706837360e+03 4.865898021650561740e-06
2.053499655822858585e+03 4.025414349298820404e-06
2.055194878938879356e+03 4.837937131015966568e-06
2.056805102054903728e+03 4.150463736281168421e-06
2.058500325170924043e+03 4.982715442060464244e-06
2.060195548286944359e+03 4.265209359596522118e-06
2.061805771402968730e+03 4.976192470111814172e-06
2.063500994518989501e+03 4.177896089802288382e-06
2.065196217635009816e+03 4.797085895155383498e-06
2.066806440751034643e+03 3.992071237250621828e-06
2.068501663867054958e+03 4.625351398394493622e-06
2.070196886983075274e+03 3.866110136014270445e-06
2.071807110099099646e+03 4.527722172072729887e-06
2.073502333215120416e+03 3.974642813854354072e-06
2.075197556331140277e+03 4.784437818405139305e-06
2.076892779447163321e+03 4.466650951007206132e-06
2.078503002563185873e+03 5.380039286674639451e-06
2.080198225679206189e+03 5.114660505277989980e-06
2.081893448795229233e+03 5.925844861391398758e-06
2.083503671911251331e+03 5.506019791722446890e-06
2.085198895027271647e+03 6.202153981699020215e-06
2.086894118143294236e+03 5.807206408499025668e-06
2.088504341259316334e+03 6.488597527372174462e-06
2.090199564375337104e+03 6.225245525094507696e-06
2.091894787491360148e+03 7.006180278587132504e-06
2.093505010607382246e+03 6.965928843066835346e-06
2.095200233723402562e+03 7.896759763347879164e-06
2.096895456839425151e+03 8.146190476117110566e-06
2.098505679955447249e+03 9.294835274763098954e-06
2.100200903071467565e+03 9.709668463413013292e-06
2.101896126187491063e+03 1.088556404529381575e-05
2.103506349303513161e+03 1.126094222451276823e-05
2.105201572419533477e+03 1.229471739789333823e-05
2.106896795535556521e+03 1.259155564255406764e-05
2.108507018651578164e+03 1.367727789447404195e-05
2.110202241767598935e+03 1.442378851539621388e-05
2.111897464883621979e+03 1.586403830569061603e-05
2.113592687999644113e+03 1.707020832691978924e-05
2.115202911115664847e+03 1.888432810973750394e-05
2.116898134231687436e+03 2.046951058170733563e-05
2.118593357347709571e+03 2.274315070093534851e-05
2.120203580463729850e+03 2.495603434285272572e-05
2.121898803579752439e+03 2.799962321358296090e-05
2.123594026695775028e+03 3.118545026028043591e-05
2.125204249811794853e+03 3.460172749713346057e-05
2.126899472927818351e+03 3.879182380606844823e-05
2.128594696043840941e+03 4.342154259758301057e-05
2.130204919159860765e+03 4.904540344798797165e-05
2.131900142275883809e+03 5.562904637098665950e-05
2.133595365391905943e+03 6.326231010237705029e-05
2.135205588507925768e+03 7.162045630109789454e-05
2.136900811623948357e+03 8.067169393366973662e-05
2.138596034739971856e+03 9.140474463825153952e-05
2.140206257855991680e+03 1.047628922200873465e-04
2.141901480972014724e+03 1.219660283206011446e-04
2.143596704088037313e+03 1.460622558411465521e-04
2.145206927204057138e+03 1.781370204856663644e-04
2.146902150320079727e+03 2.201294119683124700e-04
2.148597373436102316e+03 2.731363105585969003e-04
2.150292596552125360e+03 3.371990017911404730e-04
2.151902819668145639e+03 4.101745436823318143e-04
2.153598042784168229e+03 5.009843552990527653e-04
2.155293265900190818e+03 6.079555731124569899e-04
2.156903489016210642e+03 7.509689431957808879e-04
2.158598712132233231e+03 9.546738015756618158e-04
2.160293935248255821e+03 1.259591269264304439e-03
2.161904158364276554e+03 1.740483530452727233e-03
2.163599381480299144e+03 2.482196689863670411e-03
2.165294604596321733e+03 3.575827043188884499e-03
2.166904827712341557e+03 5.183122479674707149e-03
2.168600050828364147e+03 7.158951695685884103e-03
2.170295273944387191e+03 9.618252587207221094e-03
2.171905497060407015e+03 1.212203397445781906e-02
2.173600720176430514e+03 1.425318162080843956e-02
2.175295943292453103e+03 1.568293820459903259e-02
2.176906166408472927e+03 1.604837765627621649e-02
2.178601389524495062e+03 1.528587620320548228e-02
2.180296612640518106e+03 1.356043437484904211e-02
2.181906835756537930e+03 1.126507095271015065e-02
2.183602058872560519e+03 8.863126667104649983e-03
2.185297281988583109e+03 6.551665132869698670e-03
2.186992505104603879e+03 4.767003167559607374e-03
2.188602728220626432e+03 3.418352384359309073e-03
2.190297951336649021e+03 2.432953857018791723e-03
2.191993174452669336e+03 1.771541912651522456e-03
2.193603397568691889e+03 1.279334367427782237e-03
2.195298620684714024e+03 9.404492515763603240e-04
2.196993843800734794e+03 6.931554687433839380e-04
2.198604066916757347e+03 5.220175074821689718e-04
2.200299290032779936e+03 3.971875187337530724e-04
2.201994513148800706e+03 3.160655868480147126e-04
2.203604736264822805e+03 2.520034484545782068e-04
2.205299959380845394e+03 2.146761917437839254e-04
2.206995182496865709e+03 1.802361271667572815e-04
2.208605405612887807e+03 1.600515100516614725e-04
2.210300628728910851e+03 1.375725858246898414e-04
2.211995851844931167e+03 1.255572513663828316e-04
2.213606074960953720e+03 1.099357133159509811e-04
2.215301298076976309e+03 1.024175312262889427e-04
2.216996521192996624e+03 9.006346623907765438e-05
2.218606744309018723e+03 8.316498828116612361e-05
2.220301967425041312e+03 7.236214200427084633e-05
2.221997190541061627e+03 6.579354807548632009e-05
2.223607413657085090e+03 5.703167339260547424e-05
2.225302636773107224e+03 5.236921052998703177e-05
2.226997859889127540e+03 4.526998887437535282e-05
2.228693083005147855e+03 4.295165754384362933e-05
2.230303306121172682e+03 3.776668854641984223e-05
2.231998529237192997e+03 3.692701969473966169e-05
2.233693752353213313e+03 3.323201870923707738e-05
2.235303975469238139e+03 3.297127982951256181e-05
2.236999198585258455e+03 2.955875696440431590e-05
2.238694421701279225e+03 2.889681041111938909e-05
2.240304644817303597e+03 2.567491151681480194e-05
2.241999867933323458e+03 2.495734977690655738e-05
2.243695091049344228e+03 2.212623031105162365e-05
2.245305314165368600e+03 2.203162266413037971e-05
2.247000537281389370e+03 1.972680241891872226e-05
2.248695760397410140e+03 1.975062940833636547e-05
2.250305983513434512e+03 1.764455695603162709e-05
2.252001206629454828e+03 1.750423220748440172e-05
2.253696429745475143e+03 1.541236179791393525e-05
2.255306652861499515e+03 1.530174682235330611e-05
2.257001875977520285e+03 1.345536905891895298e-05
2.258697099093541055e+03 1.347659915491280163e-05
2.260307322209565427e+03 1.188704542166278230e-05
2.262002545325586198e+03 1.192985357676441935e-05
2.263697768441606058e+03 1.052906517178102927e-05
2.265392991557628648e+03 1.062342550428662408e-05
2.267003214673651200e+03 9.289821072264520526e-06
2.268698437789671516e+03 9.250226920545275976e-06
2.270393660905694560e+03 7.902269042386535715e-06
2.272003884021716658e+03 7.769029532277766292e-06
2.273699107137736974e+03 6.572451360105100613e-06
2.275394330253759563e+03 6.608799570703915793e-06
2.277004553369782116e+03 5.664762276577404904e-06
2.278699776485802431e+03 5.700429142292621642e-06
2.280394999601824566e+03 4.862184683511420104e-06
2.282005222717848028e+03 4.817199053686311062e-06
2.283700445833867889e+03 4.054690724279953844e-06
2.285395668949890933e+03 4.045958370855842371e-06
2.287005892065913031e+03 3.473667702460535868e-06
2.288701115181933346e+03 3.474737059564529907e-06
2.290396338297955481e+03 2.978193216381126797e-06
2.292006561413978488e+03 2.932860990846642528e-06
2.293701784529998804e+03 2.447208794120079176e-06
2.295397007646021848e+03 2.313817129343039837e-06
2.297007230762043946e+03 1.895599633744999305e-06
2.298702453878064262e+03 1.714037288726964092e-06
2.300397676994086851e+03 1.420773436672518120e-06
2.302092900110109895e+03 1.238381050234475819e-06
2.303703123226129719e+03 1.076734437440798363e-06
2.305398346342151854e+03 8.710683610025955349e-07
2.307093569458175807e+03 8.033095333801362749e-07
2.308703792574195631e+03 5.694091966698853335e-07
2.310399015690217766e+03 5.877318477306489386e-07
2.312094238806241265e+03 3.249081384594977295e-07
2.313704461922260634e+03 4.090756957018940719e-07
2.315399685038282769e+03 7.802977985196718907e-08
2.317094908154306268e+03 2.345065816041648435e-07
2.318705131270326547e+03 -1.380257109106276530e-07
2.320400354386348681e+03 1.185406072130085299e-07
2.322095577502372180e+03 -2.766745728396267725e-07
2.323705800618391550e+03 8.763133276972651228e-08
2.325401023734414139e+03 -3.474754695852966036e-07
2.327096246850437637e+03 1.071180640943006815e-07
2.328706469966456552e+03 -3.711246549305974047e-07
2.330401693082479142e+03 1.711212418452451931e-07
2.332096916198503095e+03 -3.540441257869451650e-07
2.333707139314522465e+03 2.714766600579087843e-07
2.335402362430545054e+03 -3.171899543745887688e-07
2.337097585546568553e+03 3.883274434415691009e-07
2.338792808662590687e+03 -2.505735202899397585e-07
2.340403031778610057e+03 5.569479503700000810e-07
2.342098254894633556e+03 -1.169400043625765574e-07
2.343793478010656600e+03 8.086535267047749919e-07
2.345403701126675969e+03 8.535035008630944689e-08
2.347098924242699468e+03 1.111375395405662145e-06
2.348794147358721602e+03 3.402098708684080407e-07
2.350404370474740972e+03 1.452062662239599060e-06
2.352099593590764471e+03 6.003914856914573785e-07
2.353794816706787060e+03 1.770720392739078925e-06
2.355405039822806884e+03 7.748012662472066875e-07
2.357100262938830383e+03 1.959959927565527353e-06
2.358795486054852972e+03 8.676993528156873808e-07
2.360405709170871887e+03 2.170258187754850610e-06
2.362100932286895386e+03 1.048535009342727151e-06
2.363796155402917975e+03 2.508493865540894781e-06
2.365406378518937345e+03 1.325764381926319828e-06
2.367101601634961298e+03 2.866649118727827764e-06
2.368796824750983887e+03 1.611293744739222276e-06
2.370407047867003257e+03 3.302277067472483080e-06
2.372102270983026756e+03 2.019066426863231863e-06
2.373797494099048890e+03 3.878880100219260892e-06
2.375492717215069206e+03 2.498826346561986213e-06
2.377102940331091759e+03 4.429919380765922905e-06
2.378798163447114803e+03 2.920113768872492399e-06
2.380493386563134663e+03 4.925703986868450144e-06
2.382103609679157671e+03 3.337383175025765121e-06
2.383798832795179806e+03 5.464542489048714788e-06
2.385494055911200121e+03 3.708630936385208923e-06
2.387104279027223129e+03 5.819581966266933282e-06
2.388799502143245263e+03 3.787476612265195451e-06
2.390494725259266033e+03 5.914063396255470685e-06
2.392104948375288586e+03 3.737103205061790053e-06
2.393800171491311175e+03 6.077986126537392372e-06
2.395495394607331491e+03 3.910834706217201487e-06
2.397105617723354044e+03 6.362303046099791797e-06
2.398800840839376178e+03 4.030946127424633663e-06
2.400496063955396494e+03 6.542861668960912226e-06
2.402106287071419047e+03 4.050396157633135676e-06
2.403801510187442091e+03 6.771050744352222032e-06
2.405496733303461951e+03 4.266531038016767735e-06
2.407106956419484959e+03 7.304641355206993358e-06
2.408802179535507094e+03 4.727299905114433739e-06
2.410497402651527409e+03 7.916925402807131756e-06
2.412192625767547725e+03 5.157037001448060730e-06
2.413802848883572551e+03 8.372630671427574691e-06
2.415498071999593321e+03 5.348218378910063483e-06
2.417193295115613182e+03 8.629752971664613097e-06
2.418803518231638463e+03 5.468997490146999673e-06
2.420498741347658324e+03 9.045934360069205336e-06
2.422193964463678640e+03 5.814434639857020895e-06
2.423804187579703466e+03 9.723799848266363331e-06
2.425499410695723782e+03 6.352977187674349539e-06
2.427194633811744552e+03 1.041574792759512108e-05
2.428804856927769379e+03 6.677742638619818384e-06
2.430500080043789239e+03 1.078598070069170873e-05
2.432195303159810010e+03 6.763462179051679854e-06
2.433805526275834382e+03 1.094204000984414307e-05
2.435500749391854697e+03 6.593173245337550328e-06
2.437195972507875013e+03 1.108208013538360576e-05
2.438806195623899839e+03 6.692896310669500207e-06
2.440501418739920155e+03 1.159308631977649717e-05
2.442196641855940925e+03 7.103587503238226467e-06
2.443806864971965297e+03 1.233460347234313254e-05
2.445502088087985612e+03 7.397819160788320616e-06
2.447197311204005928e+03 1.264072633381559497e-05
2.448892534320028062e+03 7.344371131152711497e-06
2.450502757436051070e+03 1.285997709647624050e-05
2.452197980552071840e+03 7.259414116517102888e-06
2.453893203668093520e+03 1.321718931678207320e-05
2.455503426784116982e+03 7.431353330326240263e-06
2.457198649900136843e+03 1.395062471724421196e-05
2.458893873016158977e+03 7.957581804617582213e-06
2.460504096132181985e+03 1.502435803750906661e-05
2.462199319248202301e+03 8.773573773785774460e-06
2.463894542364224890e+03 1.619918799687089040e-05
2.465504765480247443e+03 9.574023980849153390e-06
2.467199988596267758e+03 1.734658775285830834e-05
2.468895211712290347e+03 1.013677893249289895e-05
2.470505434828312900e+03 1.848893349408521985e-05
2.472200657944333216e+03 1.076014846401291063e-05
2.473895881060355350e+03 1.982368524137969752e-05
2.475506104176378813e+03 1.181435560547771273e-05
2.477201327292398673e+03 2.170134502935726562e-05
2.478896550408421263e+03 1.331707721606802721e-05
2.480506773524443815e+03 2.382516297407523761e-05
2.482201996640464131e+03 1.463189732849836209e-05
2.483897219756486265e+03 2.552176993424691746e-05
2.485507442872509273e+03 1.510403931528982178e-05
2.487202665988530043e+03 2.673262239446866354e-05
2.488897889104552178e+03 1.578315510914279243e-05
2.490593112220576131e+03 2.897030589510350674e-05
2.492203335336595501e+03 1.829536241174975662e-05
2.493898558452617181e+03 3.367370841732725576e-05
2.495593781568641134e+03 2.258215336055703658e-05
2.497204004684660504e+03 3.991653941088575864e-05
2.498899227800683093e+03 2.842501870177594712e-05
2.500594450916707046e+03 4.814517225925881908e-05
2.502204674032725961e+03 3.795419100751089726e-05
2.503899897148748096e+03 6.238326564965162473e-05
2.505595120264772049e+03 5.351327360732627649e-05
2.507205343380791419e+03 8.202266189366802995e-05
2.508900566496813553e+03 7.246216312562017432e-05
2.510595789612837507e+03 1.033548170156887731e-04
2.512206012728857331e+03 9.202180075434610994e-05
2.513901235844879011e+03 1.298113906104872547e-04
2.515596458960903419e+03 1.268814342793351971e-04
2.517206682076922334e+03 1.846656190820172936e-04
2.518901905192944469e+03 1.997071914097469161e-04
2.520597128308968422e+03 2.861169301053240275e-04
2.522207351424987337e+03 3.167118665492655140e-04
2.523902574541009926e+03 4.410795552068759538e-04
2.525597797657034789e+03 5.225381096294351045e-04
2.527293020773056469e+03 7.783238315568746096e-04
2.528903243889075384e+03 1.025320656707987173e-03
2.530598467005099337e+03 1.540295145729809632e-03
2.532293690121121926e+03 2.111161397671112040e-03
2.533903913237140841e+03 3.118965049044044886e-03
2.535599136353165704e+03 4.287683045934606411e-03
2.537294359469187384e+03 6.677718834873342356e-03
2.538904582585206754e+03 1.048419063694656581e-02
2.540599805701230707e+03 1.624789991036408240e-02
2.542295028817252842e+03 2.490516832387739202e-02
2.543905251933271757e+03 3.492392645062882689e-02
2.545600475049295710e+03 4.425032844402908977e-02
2.547295698165318754e+03 5.026196956325934551e-02
2.548905921281337669e+03 5.116928560687180466e-02
2.550601144397361622e+03 4.672163316939669658e-02
2.552296367513383757e+03 3.821401279089483433e-02
2.553906590629402672e+03 2.873752216732423925e-02
2.555601813745427080e+03 2.006747034961260667e-02
2.557297036861448760e+03 1.299931305136719541e-02
2.558907259977467675e+03 8.466262392043330531e-03
2.560602483093492538e+03 5.382609928000156758e-03
2.562297706209515127e+03 3.662638040971411338e-03
2.563992929325534988e+03 2.468001418985530781e-03
2.565603152441557995e+03 1.809787620370251465e-03
2.567298375557579675e+03 1.279313262727454614e-03
2.568993598673600445e+03 9.864461063460287522e-04
2.570603821789622998e+03 7.158887544933387106e-04
2.572299044905646042e+03 5.917549894623853977e-04
2.573994268021665448e+03 4.370853845295779726e-04
2.575604491137688910e+03 3.712134095292957407e-04
2.577299714253711045e+03 2.693577069949031760e-04
2.578994937369730906e+03 2.414401529282184209e-04
2.580605160485753913e+03 1.696237494554644161e-04
2.582300383601776048e+03 1.642595085626511527e-04
2.583995606717796818e+03 1.139181892562274052e-04
2.585605829833820280e+03 1.207889234598021532e-04
2.587301052949841960e+03 8.173794100605812974e-05
2.588996276065862276e+03 9.236139449118126350e-05
2.590606499181884828e+03 5.855598861181222334e-05
2.592301722297907418e+03 7.012843719813465935e-05
2.593996945413927278e+03 4.212775516813333323e-05
2.595607168529951196e+03 5.666830986740126951e-05
2.597302391645972875e+03 3.273852548798425975e-05
2.598997614761993191e+03 4.770972163206641973e-05
2.600692837878013052e+03 2.477938713384255224e-05
2.602303060994038333e+03 3.895993150879130986e-05
2.603998284110058194e+03 1.717224289747504293e-05
2.605693507226078509e+03 3.157916897134043627e-05
2.607303730342104245e+03 1.193971395367306118e-05
2.608998953458124106e+03 2.648319807278405919e-05
2.610694176574144421e+03 8.514608060764734153e-06
2.612304399690169248e+03 2.267359108110587594e-05
2.613999622806189109e+03 5.642641368031691010e-06
2.615694845922209424e+03 1.938688561255040344e-05
2.617305069038234251e+03 3.172809409581956601e-06
2.619000292154254566e+03 1.662640545162712301e-05
2.620695515270275337e+03 1.136704566454756214e-06
2.622305738386300618e+03 1.425628383888238918e-05
2.624000961502320479e+03 -6.013490894070372878e-07
2.625696184618340794e+03 1.235393367014818244e-05
2.627306407734365166e+03 -1.504456251355794038e-06
2.629001630850385936e+03 1.145450845712411389e-05
2.630696853966405797e+03 -1.861887454341669514e-06
2.632307077082431533e+03 1.050477582708505510e-05
2.634002300198450939e+03 -2.657575040711039543e-06
2.635697523314471709e+03 9.147932233412715578e-06
2.637392746430493389e+03 -3.585533205396784410e-06
2.639002969546516397e+03 8.219012137916193060e-06
2.640698192662536712e+03 -3.839745636379296914e-06
2.642393415778558392e+03 7.752970237833249669e-06
2.644003638894582309e+03 -3.986927474435267602e-06
2.645698862010602625e+03 7.319375422173014694e-06
2.647394085126624304e+03 -4.148311517592139462e-06
2.649004308242647767e+03 6.907394973750741826e-06
2.650699531358667628e+03 -4.209018689506398001e-06
2.652394754474689307e+03 6.570893642902404836e-06
2.654004977590712770e+03 -4.322963656912309786e-06
2.655700200706733995e+03 6.210070570861393356e-06
2.657395423822755220e+03 -4.416830235453378929e-06
2.659005646938778682e+03 5.934012104469347022e-06
2.660700870054798543e+03 -4.500990093046806338e-06
2.662396093170820677e+03 5.614912711677936654e-06
2.664006316286843685e+03 -4.635828917447830041e-06
2.665701539402864000e+03 5.275312800512649724e-06
2.667396762518886135e+03 -4.715512640597907963e-06
2.669006985634909597e+03 5.077932492006386452e-06
2.670702208750929913e+03 -4.668393760153170109e-06
2.672397431866951592e+03 4.961242772099649798e-06
2.674092654982976001e+03 -4.602004385435930873e-06
2.675702878098994915e+03 4.829079631116696972e-06
2.677398101215017050e+03 -4.604704017901116636e-06
2.679093324331041458e+03 4.672996503023043216e-06
2.680703547447060828e+03 -4.589102505462452791e-06
2.682398770563082508e+03 4.550100780112748275e-06
2.684093993679107371e+03 -4.553229455475231750e-06
2.685704216795125831e+03 4.421499515215747736e-06
2.687399439911147965e+03 -4.561429702665840345e-06
2.689094663027172828e+03 4.252326071984896191e-06
2.690704886143191288e+03 -4.582047265880181750e-06
2.692400109259213878e+03 4.120306728793934163e-06
2.694095332375238286e+03 -4.545888337186035865e-06
2.695705555491257201e+03 4.057379654536500076e-06
2.697400778607278880e+03 -4.461609809276751169e-06
2.699096001723303743e+03 4.031723931190068653e-06
2.700706224839322203e+03 -4.387771778376895416e-06
2.702401447955343883e+03 3.961418284019722032e-06
2.704096671071369201e+03 -4.366240153612077104e-06
2.705706894187388116e+03 3.855826725771166598e-06
2.707402117303409796e+03 -4.364693172790398751e-06
2.709097340419434659e+03 3.753286062699737487e-06
2.710792563535456338e+03 -4.356706152200293240e-06
2.712402786651474798e+03 3.650226429586753969e-06
2.714098009767499661e+03 -4.361323290032801837e-06
2.715793232883521796e+03 3.551122075938152841e-06
2.717403455999540711e+03 -4.346668470891616956e-06
2.719098679115565574e+03 3.500263860823592532e-06
2.720793902231587253e+03 -4.278550813101235027e-06
2.722404125347606168e+03 3.487547861495889868e-06
2.724099348463630577e+03 -4.212068253689715013e-06
2.725794571579652711e+03 3.448414072148808549e-06
2.727404794695671626e+03 -4.180813149753840696e-06
2.729100017811696489e+03 3.379811945560859315e-06
2.730795240927718623e+03 -4.169062213872454594e-06
2.732405464043737084e+03 3.316710219364298129e-06
2.734100687159761947e+03 -4.146676732135084307e-06
2.735795910275783626e+03 3.266547333529704386e-06
2.737406133391802541e+03 -4.095573012089330794e-06
2.739101356507827404e+03 3.254789636678689642e-06
2.740796579623849539e+03 -4.024823039342303190e-06
2.742406802739867999e+03 3.245814567583803399e-06
2.744102025855892862e+03 -3.977799294464722546e-06
2.745797248971914996e+03 3.209130266649840927e-06
2.747407472087933456e+03 -3.952646434948569065e-06
