1.999899999999999636e+03 5.256571355670287828e-06
2.000800000000001546e+03 5.506986781297447660e-06
2.001600000000000364e+03 5.273800646610191765e-06
2.002399999999999636e+03 5.514100142882562752e-06
2.003300000000001546e+03 5.260238423064930358e-06
2.004100000000000364e+03 5.513315815769401204e-06
2.004899999999999636e+03 5.316603807014022625e-06
2.005800000000001546e+03 5.680188323075245690e-06
2.006600000000000364e+03 5.575813176975921277e-06
2.007399999999999636e+03 5.982418059062699990e-06
2.008300000000001546e+03 5.854800574789248367e-06
2.009100000000000364e+03 6.249569357654707308e-06
2.009899999999999636e+03 6.054178818354377005e-06
2.010800000000001546e+03 6.428337381455972981e-06
2.011600000000000364e+03 6.259205171884241783e-06
2.012399999999999636e+03 6.618202718939711397e-06
2.013300000000001546e+03 6.353989472478348720e-06
2.014100000000000364e+03 6.609836372116013048e-06
2.014899999999999636e+03 6.233755534488435821e-06
2.015800000000001546e+03 6.463130380430726935e-06
2.016600000000000364e+03 6.122930587591481791e-06
2.017399999999999636e+03 6.425060749520436875e-06
2.018300000000001546e+03 6.124999231655252066e-06
2.019100000000000364e+03 6.403706104827815783e-06
2.019899999999999636e+03 6.018210585797364629e-06
2.020800000000001546e+03 6.241309497279400491e-06
2.021600000000000364e+03 5.804485600623819793e-06
2.022399999999999636e+03 6.068440746339076178e-06
2.023300000000001546e+03 5.698961221966843879e-06
2.024100000000000364e+03 6.065267411986981239e-06
2.024899999999999636e+03 5.722592620760097695e-06
2.025800000000001546e+03 6.007975379526877848e-06
2.026600000000000364e+03 5.574568246644716763e-06
2.027399999999999636e+03 5.812397327329381228e-06
2.028300000000001546e+03 5.328447607885224915e-06
2.029100000000000364e+03 5.641657509731918250e-06
2.029899999999999636e+03 5.203952251539642330e-06
2.030800000000001546e+03 5.557190842157052982e-06
2.031600000000000364e+03 5.140217343401803899e-06
2.032399999999999636e+03 5.470199051820304610e-06
2.033300000000001546e+03 5.041967268535016105e-06
2.034100000000000364e+03 5.327364284901579807e-06
2.034899999999999636e+03 4.778850202357105370e-06
2.035800000000001546e+03 5.006130186801021523e-06
2.036600000000000364e+03 4.450117115969753097e-06
2.037399999999999636e+03 4.748612541521081343e-06
2.038300000000001546e+03 4.247110790634397110e-06
2.039100000000000364e+03 4.567220702451924267e-06
2.039899999999999636e+03 4.021638529813190661e-06
2.040800000000001546e+03 4.262173722032002391e-06
2.041600000000000364e+03 3.702305179808938857e-06
2.042500000000000000e+03 4.087025282726092757e-06
2.043300000000001546e+03 3.646269216429872464e-06
2.044100000000000364e+03 4.084471835714640035e-06
2.045000000000000000e+03 3.604931632261416779e-06
2.045800000000001546e+03 3.933498429843778465e-06
2.046600000000000364e+03 3.303594711627985138e-06
2.047500000000000000e+03 3.591421375757872320e-06
2.048300000000001546e+03 2.985706534851917197e-06
2.049100000000000364e+03 3.377456811987942373e-06
2.050000000000000000e+03 2.824806660213407471e-06
2.050800000000001546e+03 3.279156899171906095e-06
2.051600000000000364e+03 2.718370651262695874e-06
2.052500000000000000e+03 3.108166459703225107e-06
2.053300000000001546e+03 2.474881717188474437e-06
2.054100000000000364e+03 2.830272307908396516e-06
2.055000000000000000e+03 2.169266183152134707e-06
2.055800000000001546e+03 2.572307460917708404e-06
2.056600000000000364e+03 1.949236888348760195e-06
2.057500000000000000e+03 2.432731987674779594e-06
2.058300000000001546e+03 1.838462339521044192e-06
2.059100000000000364e+03 2.356897405669600772e-06
2.060000000000000000e+03 1.784051074192452419e-06
2.060800000000001546e+03 2.320039568901016669e-06
2.061600000000000364e+03 1.747131423727302222e-06
2.062500000000000000e+03 2.287157692972410916e-06
2.063300000000001546e+03 1.663111588693190282e-06
2.064100000000000364e+03 2.165384818940729017e-06
2.065000000000000000e+03 1.498695303025265459e-06
2.065800000000001546e+03 2.003441959505465228e-06
2.066600000000000364e+03 1.322829910130180002e-06
2.067500000000000000e+03 1.882363131428306185e-06
2.068300000000001546e+03 1.240302938086030674e-06
2.069100000000000364e+03 1.845899873733766267e-06
2.070000000000000000e+03 1.210281563129241995e-06
2.070800000000001546e+03 1.834588457367025656e-06
2.071600000000000364e+03 1.156478403526470331e-06
2.072500000000000000e+03 1.752328010146353426e-06
2.073300000000001546e+03 1.061220903379504658e-06
2.074100000000000364e+03 1.666019493001791791e-06
2.075000000000000000e+03 9.674943384694280445e-07
2.075800000000001546e+03 1.619895721695588733e-06
2.076600000000000364e+03 9.236493007788249219e-07
2.077500000000000000e+03 1.597095321377290916e-06
2.078300000000001546e+03 8.772455458568493011e-07
2.079100000000000364e+03 1.541458714004697149e-06
2.080000000000000000e+03 7.835284647966293144e-07
2.080800000000001546e+03 1.450700434974809799e-06
2.081600000000000364e+03 7.044767572400163753e-07
2.082500000000000000e+03 1.409313200624603180e-06
2.083300000000001546e+03 6.728095460680739684e-07
2.084199999999998454e+03 1.395156263313319873e-06
2.085000000000000000e+03 6.222661670635911493e-07
2.085800000000001546e+03 1.347679557175042418e-06
2.086699999999998454e+03 5.540023673616210443e-07
2.087500000000000000e+03 1.304116523987682180e-06
2.088300000000001546e+03 5.224148459884756207e-07
2.089199999999998454e+03 1.320382507199626459e-06
2.090000000000000000e+03 5.487741246155483595e-07
2.090800000000001546e+03 1.363210424270583873e-06
2.091699999999998454e+03 5.523732456362147394e-07
2.092500000000000000e+03 1.345369027202422716e-06
2.093300000000001546e+03 4.832682825544432303e-07
2.094199999999998454e+03 1.267016849047749713e-06
2.095000000000000000e+03 3.922214780789119342e-07
2.095800000000001546e+03 1.236271197569394334e-06
2.096699999999998454e+03 3.854949461804576575e-07
2.097500000000000000e+03 1.280773364215077150e-06
2.098300000000001546e+03 4.329243158144501545e-07
2.099199999999998454e+03 1.335895027182945409e-06
2.100000000000000000e+03 4.337665644267354923e-07
2.100800000000001546e+03 1.323495275395135389e-06
2.101699999999998454e+03 3.880157407424029989e-07
2.102500000000000000e+03 1.283625488847021093e-06
2.103300000000001546e+03 3.378863827041700624e-07
2.104199999999998454e+03 1.269600357317248578e-06
2.105000000000000000e+03 3.254358254871273017e-07
2.105800000000001546e+03 1.298096353682064932e-06
2.106699999999998454e+03 3.492757416772331993e-07
2.107500000000000000e+03 1.345053911969680608e-06
2.108300000000001546e+03 3.685400822114133054e-07
2.109199999999998454e+03 1.367268589084320545e-06
2.110000000000000000e+03 3.470279419611666135e-07
2.110800000000001546e+03 1.341456573148986642e-06
2.111699999999998454e+03 2.888696648391404703e-07
2.112500000000000000e+03 1.303780292867757930e-06
2.113300000000001546e+03 2.532844111438458503e-07
2.114199999999998454e+03 1.329159943907119959e-06
2.115000000000000000e+03 2.885580980938441239e-07
2.115800000000001546e+03 1.403763238958387563e-06
2.116699999999998454e+03 3.473608314561412232e-07
2.117500000000000000e+03 1.464825324511576666e-06
2.118300000000001546e+03 3.804498563066196296e-07
2.119199999999998454e+03 1.524356150212881544e-06
2.120000000000000000e+03 4.201571444071870956e-07
2.120800000000001546e+03 1.581623932023351024e-06
2.121699999999998454e+03 4.349857801583298313e-07
2.122500000000000000e+03 1.601966089816259597e-06
2.123300000000001546e+03 3.958139476746788613e-07
2.124199999999998454e+03 1.566389877603328191e-06
2.125000000000000000e+03 3.625431702519442067e-07
2.125800000000001546e+03 1.593941259926655267e-06
2.126699999999998454e+03 4.099505488112689572e-07
2.127500000000000000e+03 1.719244459195792099e-06
2.128399999999999181e+03 5.381764093230344001e-07
2.129199999999998454e+03 1.858957639211641429e-06
2.130000000000000000e+03 6.138298147884488647e-07
2.130899999999999181e+03 1.932226489755554402e-06
2.131699999999998454e+03 6.359023169002359935e-07
2.132500000000000000e+03 1.961765022184631125e-06
2.133399999999999181e+03 6.475241065747903468e-07
2.134199999999998454e+03 2.010653873566591709e-06
2.135000000000000000e+03 6.593928900706154744e-07
2.135899999999999181e+03 2.040126254551668226e-06
2.136699999999998454e+03 6.488746640794016533e-07
2.137500000000000000e+03 2.062591489887526519e-06
2.138399999999999181e+03 6.691436243734155722e-07
2.139199999999998454e+03 2.153460551740740849e-06
2.140000000000000000e+03 7.660575266353754453e-07
2.140899999999999181e+03 2.293378302853502367e-06
2.141699999999998454e+03 8.532808438436273609e-07
2.142500000000000000e+03 2.386588252546378917e-06
2.143399999999999181e+03 9.082013409895317715e-07
2.144199999999998454e+03 2.478688846406002021e-06
2.145000000000000000e+03 9.882622415584092890e-07
2.145899999999999181e+03 2.611425445502171926e-06
2.146699999999998454e+03 1.092228493698904692e-06
2.147500000000000000e+03 2.757792246342576250e-06
2.148399999999999181e+03 1.190462417378437605e-06
2.149199999999998454e+03 2.889893244504592469e-06
2.150000000000000000e+03 1.280774255315063622e-06
2.150899999999999181e+03 3.036855737729753127e-06
2.151699999999998454e+03 1.481244637388705676e-06
2.152500000000000000e+03 3.369166176838100546e-06
2.153399999999999181e+03 1.859574280402333062e-06
2.154199999999998454e+03 3.824036575682247292e-06
2.155000000000000000e+03 2.216226770543204316e-06
2.155899999999999181e+03 4.125619777893458822e-06
2.156699999999998454e+03 2.371684255196372991e-06
2.157500000000000000e+03 4.287645496897471333e-06
2.158399999999999181e+03 2.484828557138314607e-06
2.159199999999998454e+03 4.449286197057298094e-06
2.160000000000000000e+03 2.650658636584896336e-06
2.160899999999999181e+03 4.722394244459379603e-06
2.161699999999998454e+03 2.945040518640823186e-06
2.162500000000000000e+03 5.137696676139854636e-06
2.163399999999999181e+03 3.312079574749895459e-06
2.164199999999998454e+03 5.500790707854484490e-06
2.165000000000000000e+03 3.547490050946071461e-06
2.165899999999999181e+03 5.801944819962174731e-06
2.166699999999998454e+03 3.921994042592453046e-06
2.167500000000000000e+03 6.349276145494504293e-06
2.168399999999999181e+03 4.593028485662322800e-06
2.169199999999998454e+03 7.204191724993452371e-06
2.170100000000000819e+03 5.377702809566655418e-06
2.170899999999999181e+03 8.040667887040770263e-06
2.171699999999998454e+03 6.053325590117259005e-06
2.172600000000000819e+03 8.721092550818884879e-06
2.173399999999999181e+03 6.756048949008744546e-06
2.174199999999998454e+03 9.729897170789678982e-06
2.175100000000000819e+03 8.027594941038123454e-06
2.175899999999999181e+03 1.129912348330018563e-05
2.176699999999998454e+03 9.637766820555506859e-06
2.177600000000000819e+03 1.284501105971302073e-05
2.178399999999999181e+03 1.089560556251680951e-05
2.179199999999998454e+03 1.416036906463100354e-05
2.180100000000000819e+03 1.222230246468861270e-05
2.180899999999999181e+03 1.574500497825888300e-05
2.181699999999998454e+03 1.403302412965343416e-05
2.182600000000000819e+03 1.777203269950829132e-05
2.183399999999999181e+03 1.594520217453665114e-05
2.184199999999998454e+03 1.986305069269168869e-05
2.185100000000000819e+03 1.797237667268384458e-05
2.185899999999999181e+03 2.193097579789870274e-05
2.186699999999998454e+03 1.986342345891105299e-05
2.187600000000000819e+03 2.381958765341266998e-05
2.188399999999999181e+03 2.150588218234103087e-05
2.189199999999998454e+03 2.548942373720434107e-05
2.190100000000000819e+03 2.358483605018154544e-05
2.190899999999999181e+03 2.846508697053288660e-05
2.191699999999998454e+03 2.713189382215914483e-05
2.192600000000000819e+03 3.298141020585315311e-05
2.193399999999999181e+03 3.214671589370394366e-05
2.194199999999998454e+03 3.838309442555777433e-05
2.195100000000000819e+03 3.759466347871014998e-05
2.195899999999999181e+03 4.449403535830527079e-05
2.196699999999998454e+03 4.360048070954463518e-05
2.197600000000000819e+03 4.981061176399471317e-05
2.198399999999999181e+03 4.743426431891872874e-05
2.199199999999998454e+03 5.261410218274240535e-05
2.200100000000000819e+03 4.984399281504076757e-05
2.200899999999999181e+03 5.716841887901913627e-05
2.201699999999998454e+03 5.717261403136079218e-05
2.202600000000000819e+03 6.676360741461742155e-05
2.203399999999999181e+03 6.794185832508017875e-05
2.204199999999998454e+03 7.759461904860934657e-05
2.205100000000000819e+03 7.780818070788536654e-05
2.205899999999999181e+03 8.756250487063130369e-05
2.206699999999998454e+03 8.849925463648983920e-05
2.207600000000000819e+03 9.972841610947119802e-05
2.208399999999999181e+03 1.018801176934884935e-04
2.209199999999998454e+03 1.142301040930495374e-04
2.210100000000000819e+03 1.143010642944783265e-04
2.210899999999999181e+03 1.252754157263063486e-04
2.211800000000001546e+03 1.247093667373515887e-04
2.212600000000000819e+03 1.377326561932482594e-04
2.213399999999999181e+03 1.403148666392664795e-04
2.214300000000001546e+03 1.581969806118129840e-04
2.215100000000000819e+03 1.637483871330073376e-04
2.215899999999999181e+03 1.811139081658524961e-04
2.216800000000001546e+03 1.857040914965576680e-04
2.217600000000000819e+03 2.028981076069919149e-04
2.218399999999999181e+03 2.063381418200601193e-04
2.219300000000001546e+03 2.268679238976366265e-04
2.220100000000000819e+03 2.343596410917820748e-04
2.220899999999999181e+03 2.645061955819385212e-04
2.221800000000001546e+03 2.786446202910008389e-04
2.222600000000000819e+03 3.175304319564694580e-04
2.223399999999999181e+03 3.407792942554978819e-04
2.224300000000001546e+03 3.897550724411454602e-04
2.225100000000000819e+03 4.240536063983650346e-04
2.225899999999999181e+03 4.913097597830468023e-04
2.226800000000001546e+03 5.462879556530802257e-04
2.227600000000000819e+03 6.565624064383452935e-04
2.228399999999999181e+03 7.639548807421174320e-04
2.229300000000001546e+03 9.789133074220434261e-04
2.230100000000000819e+03 1.229792133684704750e-03
2.230899999999999181e+03 1.654831837693183537e-03
2.231800000000001546e+03 2.202255595754116797e-03
2.232600000000000819e+03 3.173501751591906780e-03
2.233399999999999181e+03 4.717205178287714809e-03
2.234300000000001546e+03 7.877006904086443495e-03
2.235100000000000819e+03 1.302142769342479016e-02
2.235899999999999181e+03 2.123485539443252523e-02
2.236800000000001546e+03 3.225689022304073506e-02
2.237600000000000819e+03 4.418373206548970727e-02
2.238399999999999181e+03 5.434462377959797807e-02
2.239300000000001546e+03 5.949261342438242478e-02
2.240100000000000819e+03 5.789327353352651667e-02
2.240899999999999181e+03 5.014007988057096743e-02
2.241800000000001546e+03 3.867253643118827994e-02
2.242600000000000819e+03 2.698443618763520305e-02
2.243399999999999181e+03 1.706010287745579265e-02
2.244300000000001546e+03 1.022506491613948618e-02
2.245100000000000819e+03 6.142771024266965169e-03
2.245899999999999181e+03 3.747981182919400168e-03
2.246800000000001546e+03 2.592826947607939931e-03
2.247600000000000819e+03 1.865243331216751661e-03
2.248399999999999181e+03 1.433666326756961873e-03
2.249300000000001546e+03 1.117561941203963930e-03
2.250100000000000819e+03 9.340471232493565996e-04
2.250899999999999181e+03 7.902438261202523280e-04
2.251800000000001546e+03 7.242426915916242965e-04
2.252600000000000819e+03 6.558361917743085918e-04
2.253500000000000000e+03 6.182952950410367833e-04
2.254300000000001546e+03 5.646328846811398934e-04
2.255100000000000819e+03 5.244090322833706245e-04
2.256000000000000000e+03 4.736001818628955847e-04
2.256800000000001546e+03 4.384240258064250602e-04
2.257600000000000819e+03 3.948232672646347237e-04
2.258500000000000000e+03 3.688666989989823142e-04
2.259300000000001546e+03 3.361098666759889677e-04
2.260100000000001273e+03 3.228572685510540234e-04
2.261000000000000000e+03 3.007326880100529617e-04
2.261800000000001546e+03 2.941491776594395741e-04
2.262600000000001273e+03 2.770147888681052397e-04
2.263500000000000000e+03 2.672876273424492602e-04
2.264300000000001546e+03 2.471800770809986494e-04
2.265100000000001273e+03 2.363416120321192319e-04
2.266000000000000000e+03 2.172150069133599803e-04
2.266800000000001546e+03 2.074085693139007000e-04
2.267600000000001273e+03 1.911737268639865557e-04
2.268500000000000000e+03 1.858871488937942709e-04
2.269300000000001546e+03 1.744944992157809369e-04
2.270100000000001273e+03 1.746596709632875031e-04
2.271000000000000000e+03 1.715832119097306216e-04
2.271800000000001546e+03 1.758704530700091443e-04
2.272600000000001273e+03 1.733476535330940346e-04
2.273500000000000000e+03 1.762555992141948634e-04
2.274300000000001546e+03 1.698284450862210134e-04
2.275100000000001273e+03 1.683196218589987016e-04
2.276000000000000000e+03 1.596154844903988860e-04
2.276800000000001546e+03 1.560112714698090423e-04
2.277600000000001273e+03 1.469610372314340049e-04
2.278500000000000000e+03 1.438487877834174070e-04
2.279300000000001546e+03 1.373034419722278011e-04
2.280100000000001273e+03 1.369775030571482245e-04
2.281000000000000000e+03 1.332893038628263978e-04
2.281800000000001546e+03 1.339378337030360118e-04
2.282600000000001273e+03 1.289011169865717204e-04
2.283500000000000000e+03 1.270844632689964524e-04
2.284300000000001546e+03 1.198409119758471529e-04
2.285100000000001273e+03 1.165310420108139081e-04
2.286000000000000000e+03 1.099336050404107367e-04
2.286800000000001546e+03 1.082833897053228552e-04
2.287600000000001273e+03 1.035718003664503494e-04
2.288500000000000000e+03 1.029737831654782337e-04
2.289300000000001546e+03 9.904735475475268927e-05
2.290100000000001273e+03 9.836744546501681821e-05
2.291000000000000000e+03 9.507563300471093823e-05
2.291800000000001546e+03 9.416052742102568312e-05
2.292600000000001273e+03 8.943135795241856530e-05
2.293500000000000000e+03 8.570019819124520392e-05
2.294300000000001546e+03 7.793595107945647433e-05
2.295199999999998454e+03 7.276221564656069982e-05
2.296000000000000000e+03 6.576119949225005354e-05
2.296800000000001546e+03 6.259601234003260941e-05
2.297699999999998454e+03 5.875330786504319658e-05
2.298500000000000000e+03 5.686326378907584979e-05
2.299300000000001546e+03 5.312022375558185907e-05
2.300199999999998454e+03 5.092666656869641829e-05
2.301000000000000000e+03 4.672286323740825620e-05
2.301800000000001546e+03 4.415294137845451146e-05
2.302699999999998454e+03 4.064043782248028029e-05
2.303500000000000000e+03 3.905324012369106609e-05
2.304300000000001546e+03 3.624787055329173346e-05
2.305199999999998454e+03 3.452902842573988515e-05
2.306000000000000000e+03 3.176893500915703173e-05
2.306800000000001546e+03 2.974265288399636839e-05
2.307699999999998454e+03 2.687933699097180769e-05
2.308500000000000000e+03 2.488487731933074345e-05
2.309300000000001546e+03 2.242737949892984370e-05
2.310199999999998454e+03 2.067806907158792768e-05
2.311000000000000000e+03 1.865291447433523907e-05
2.311800000000001546e+03 1.727955661714284806e-05
2.312699999999998454e+03 1.579585668104121379e-05
2.313500000000000000e+03 1.441338952241133427e-05
2.314300000000001546e+03 1.281986609576762467e-05
2.315199999999998454e+03 1.115595856383644772e-05
2.316000000000000000e+03 9.502782135318274309e-06
2.316800000000001546e+03 7.871605883417973916e-06
2.317699999999998454e+03 6.695229783676889452e-06
2.318500000000000000e+03 5.406840506126782863e-06
2.319300000000001546e+03 4.646660643177677419e-06
2.320199999999998454e+03 3.647269189739777127e-06
2.321000000000000000e+03 3.234870057290472429e-06
2.321800000000001546e+03 2.399264245330017852e-06
2.322699999999998454e+03 2.283820905422783763e-06
2.323500000000000000e+03 1.536284796532803546e-06
2.324300000000001546e+03 1.680845624125471600e-06
2.325199999999998454e+03 1.040676752314644995e-06
2.326000000000000000e+03 1.502562295066887376e-06
2.326800000000001546e+03 1.063194292037213848e-06
2.327699999999998454e+03 1.910523590458188057e-06
2.328500000000000000e+03 1.673138468516821507e-06
2.329300000000001546e+03 2.887771559305371862e-06
2.330199999999998454e+03 2.816796495601831271e-06
2.331000000000000000e+03 4.390971245462638127e-06
2.331800000000001546e+03 4.403135078529009146e-06
2.332699999999998454e+03 6.263999767186859045e-06
2.333500000000000000e+03 6.467186540269495793e-06
2.334300000000001546e+03 8.587953556428788683e-06
2.335199999999998454e+03 8.886099190227896076e-06
2.336000000000000000e+03 1.121880405871271148e-05
2.336899999999998727e+03 1.138721065829539800e-05
2.337699999999998454e+03 1.361933621202358548e-05
2.338500000000000000e+03 1.343960786886181642e-05
2.339399999999998727e+03 1.554933386976279242e-05
2.340199999999998454e+03 1.502048983284637308e-05
2.341000000000000000e+03 1.719522132316599525e-05
2.341899999999998727e+03 1.683294710598499884e-05
2.342699999999997999e+03 1.947265902478514824e-05
2.343500000000000000e+03 1.936094633862159233e-05
2.344399999999998727e+03 2.219829105888822341e-05
2.345199999999997999e+03 2.205549069479397937e-05
2.346000000000000000e+03 2.477750031197674028e-05
2.346899999999998727e+03 2.428284825891914952e-05
2.347699999999997999e+03 2.702632266075287798e-05
2.348500000000000000e+03 2.605711266838434177e-05
2.349399999999998727e+03 2.857235058541357826e-05
2.350199999999997999e+03 2.704100092338128258e-05
2.351000000000000000e+03 2.924263790479473760e-05
2.351899999999998727e+03 2.728614132033058289e-05
2.352699999999997999e+03 2.923319606393727808e-05
2.353500000000000000e+03 2.679806071594877180e-05
2.354399999999998727e+03 2.835749746765707415e-05
2.355199999999997999e+03 2.550095902653019996e-05
2.356000000000000000e+03 2.712743593535144932e-05
2.356899999999998727e+03 2.416374794014212137e-05
2.357699999999997999e+03 2.608742680787671958e-05
2.358500000000000000e+03 2.296324597659024530e-05
2.359399999999998727e+03 2.484883200662489459e-05
2.360199999999997999e+03 2.125992267355410092e-05
2.361000000000000000e+03 2.289020808006785105e-05
2.361899999999998727e+03 1.875090749868091645e-05
2.362699999999997999e+03 2.018029043510253913e-05
2.363500000000000000e+03 1.580979603083078095e-05
2.364399999999998727e+03 1.755127432579091609e-05
2.365199999999997999e+03 1.354155798182275022e-05
2.366000000000000000e+03 1.594623425927106894e-05
2.366899999999998727e+03 1.210055160082659870e-05
2.367699999999997999e+03 1.498491909453335918e-05
2.368500000000000000e+03 1.110789927243946345e-05
2.369399999999998727e+03 1.433723739056094929e-05
2.370199999999997999e+03 1.060479285415700286e-05
2.371000000000000000e+03 1.421139087203576758e-05
2.371899999999998727e+03 1.046726318735819002e-05
2.372699999999997999e+03 1.444134746623926747e-05
2.373500000000000000e+03 1.063681548692357679e-05
2.374399999999998727e+03 1.504444648313471515e-05
2.375199999999997999e+03 1.116361938224579577e-05
2.376000000000000000e+03 1.590920300808010304e-05
2.376899999999998727e+03 1.172223624723775459e-05
2.377699999999997999e+03 1.650894639702620560e-05
2.378500000000000000e+03 1.207285780449466967e-05
2.379399999999998727e+03 1.730029085892984382e-05
2.380199999999997999e+03 1.319828102977996405e-05
2.381100000000001273e+03 1.926662175014554802e-05
2.381899999999998727e+03 1.525649645493355356e-05
2.382699999999997999e+03 2.195801135776555694e-05
2.383600000000001273e+03 1.787881702989624352e-05
2.384399999999998727e+03 2.492269897620978713e-05
2.385199999999997999e+03 2.074406743734160636e-05
2.386100000000001273e+03 2.823419437126849826e-05
2.386899999999998727e+03 2.353031113777967424e-05
2.387699999999997999e+03 3.105395075095064008e-05
2.388600000000001273e+03 2.591883018122190149e-05
2.389399999999998727e+03 3.415967215959077964e-05
2.390199999999997999e+03 2.889405486605705912e-05
2.391100000000001273e+03 3.808282332734075825e-05
2.391899999999998727e+03 3.254616323792377809e-05
2.392699999999997999e+03 4.152928300781201119e-05
2.393600000000001273e+03 3.509526931944173642e-05
2.394399999999998727e+03 4.462089076114022612e-05
2.395199999999997999e+03 3.798728066883310544e-05
2.396100000000001273e+03 4.909188437664482088e-05
2.396899999999998727e+03 4.326421509132098622e-05
2.397699999999997999e+03 5.651946086526601291e-05
2.398600000000001273e+03 5.170545326768962444e-05
2.399399999999998727e+03 6.674826458234900948e-05
2.400199999999997999e+03 6.189455307012206304e-05
2.401100000000001273e+03 7.850840453131457529e-05
2.401899999999998727e+03 7.320241362966535797e-05
2.402699999999997999e+03 9.110924130558874917e-05
2.403600000000001273e+03 8.668038462594801095e-05
2.404399999999998727e+03 1.090750276573720744e-04
2.405199999999997999e+03 1.067570156910154438e-04
2.406100000000001273e+03 1.348400533444158291e-04
2.406899999999998727e+03 1.370420027836745565e-04
2.407699999999997999e+03 1.692094902180649250e-04
2.408600000000001273e+03 1.685680667952255357e-04
2.409399999999998727e+03 2.027875952961601938e-04
2.410199999999997999e+03 1.994115452446260659e-04
2.411100000000001273e+03 2.387910644926415581e-04
2.411899999999998727e+03 2.484526611090372237e-04
2.412699999999997999e+03 3.076493093576377139e-04
2.413600000000001273e+03 3.371928682271395903e-04
2.414399999999998727e+03 4.279988592963062744e-04
2.415199999999997999e+03 4.799544090044705297e-04
2.416100000000001273e+03 6.133494673407004390e-04
2.416899999999998727e+03 7.177483548896645710e-04
2.417699999999997999e+03 9.692522877928892201e-04
2.418600000000001273e+03 1.263005626108304946e-03
2.419399999999998727e+03 1.896887087364047299e-03
2.420199999999997999e+03 2.747396514774512553e-03
2.421100000000001273e+03 4.681637558824654731e-03
2.421899999999998727e+03 8.831996531919641957e-03
2.422800000000002001e+03 1.676846399210845176e-02
2.423600000000001273e+03 3.059243956566775474e-02
2.424399999999998727e+03 4.981402003049324734e-02
2.425300000000002001e+03 7.202154288524209580e-02
2.426100000000001273e+03 9.017662306116781823e-02
2.426899999999998727e+03 9.840980135687739383e-02
2.427800000000002001e+03 9.378747159415740109e-02
2.428600000000001273e+03 7.805308362668823829e-02
2.429399999999998727e+03 5.693825621794374597e-02
2.430300000000002001e+03 3.692703704753884375e-02
2.431100000000001273e+03 2.169352683500829285e-02
2.431899999999998727e+03 1.221874105629237699e-02
2.432800000000002001e+03 6.489294349035748706e-03
2.433600000000001273e+03 3.964585948649471982e-03
2.434399999999998727e+03 2.440190372672435947e-03
2.435300000000002001e+03 1.763006952385141142e-03
2.436100000000001273e+03 1.256222159285709820e-03
2.436899999999998727e+03 1.048912011965322981e-03
2.437800000000002001e+03 8.219090004922259508e-04
2.438600000000001273e+03 7.351548156018918121e-04
2.439399999999998727e+03 5.943348384827507524e-04
2.440300000000002001e+03 5.487854543153771868e-04
2.441100000000001273e+03 4.523421069488137917e-04
2.441899999999998727e+03 4.357362582020001354e-04
2.442800000000002001e+03 3.705614152308985389e-04
2.443600000000001273e+03 3.652531326110338697e-04
2.444399999999998727e+03 3.142409681811281783e-04
2.445300000000002001e+03 3.118244736901081763e-04
2.446100000000001273e+03 2.635230576967801243e-04
2.446899999999998727e+03 2.634858447248421471e-04
2.447800000000002001e+03 2.242548272895847491e-04
2.448600000000001273e+03 2.295225648600614102e-04
2.449399999999998727e+03 1.994552600639660697e-04
2.450300000000002001e+03 2.066968509371450212e-04
2.451100000000001273e+03 1.803436158774809764e-04
2.451899999999998727e+03 1.881775559192176261e-04
2.452800000000002001e+03 1.631878979714685807e-04
2.453600000000001273e+03 1.684520011270002190e-04
2.454399999999998727e+03 1.430771556625661694e-04
2.455300000000002001e+03 1.478064206061718811e-04
2.456100000000001273e+03 1.231950021412128412e-04
2.456899999999998727e+03 1.280502024269174004e-04
2.457800000000002001e+03 1.056804357246177953e-04
2.458600000000001273e+03 1.101847042866200725e-04
2.459399999999998727e+03 8.964001856176855249e-05
2.460300000000002001e+03 9.536832482016738505e-05
2.461100000000001273e+03 7.775740073865194620e-05
2.461899999999998727e+03 8.530046028477975949e-05
2.462800000000002001e+03 6.955180835252593315e-05
2.463600000000001273e+03 7.670430513954979324e-05
2.464500000000000000e+03 6.122151861678237436e-05
2.465300000000002001e+03 6.768464836071312466e-05
2.466100000000001273e+03 5.261401308547375281e-05
2.467000000000000000e+03 5.921626040455433475e-05
2.467800000000002001e+03 4.556541842958134988e-05
2.468600000000001273e+03 5.262931868249269454e-05
2.469500000000000000e+03 4.019728714774521255e-05
2.470300000000002001e+03 4.768189260338045028e-05
2.471100000000001273e+03 3.558483615130110810e-05
2.472000000000000000e+03 4.251913087586899770e-05
2.472800000000002001e+03 3.027259036424627975e-05
2.473600000000001273e+03 3.695300433764683591e-05
2.474500000000000000e+03 2.576706853376293301e-05
2.475300000000002001e+03 3.327852808311779122e-05
2.476100000000001273e+03 2.352826860931050667e-05
2.477000000000000000e+03 3.128724550117875343e-05
2.477800000000002001e+03 2.155133019115492969e-05
2.478600000000001273e+03 2.853096758378832247e-05
2.479500000000000000e+03 1.849471650714845606e-05
2.480300000000002001e+03 2.510939078807317235e-05
2.481100000000001273e+03 1.535221332348858162e-05
2.482000000000000000e+03 2.211591599393178471e-05
2.482800000000002001e+03 1.299656425342513603e-05
2.483600000000001273e+03 1.980982293544522458e-05
2.484500000000000000e+03 1.127798611424428481e-05
2.485300000000002001e+03 1.800419463887851013e-05
2.486100000000001273e+03 9.616009532333959873e-06
2.487000000000000000e+03 1.629763190096626864e-05
2.487800000000002001e+03 8.254684993884904654e-06
2.488600000000001273e+03 1.497519305643018475e-05
2.489500000000000000e+03 7.240937601413727227e-06
2.490300000000002001e+03 1.393212169567668998e-05
2.491100000000001273e+03 6.200525919520078940e-06
2.492000000000000000e+03 1.251346174729318602e-05
2.492800000000002001e+03 4.856480350835178808e-06
2.493600000000001273e+03 1.102280368877159745e-05
2.494500000000000000e+03 3.619851761703678220e-06
2.495300000000002001e+03 9.952140498984625956e-06
2.496100000000001273e+03 2.929526499700026734e-06
2.497000000000000000e+03 9.321071813931425094e-06
2.497800000000002001e+03 2.568383756726942091e-06
2.498600000000001273e+03 8.907997176772315337e-06
2.499500000000000000e+03 2.205334823582632553e-06
2.500300000000002001e+03 8.279496877385336136e-06
2.501100000000001273e+03 1.545311543921532986e-06
2.502000000000000000e+03 7.400429404408494188e-06
2.502800000000002001e+03 7.694531586091140106e-07
2.503600000000001273e+03 6.645454275078314537e-06
2.504500000000000000e+03 2.542980723860434067e-07
2.505300000000002001e+03 6.168219248632792929e-06
2.506199999999997999e+03 -1.938938095729245798e-08
2.507000000000000000e+03 5.848858879203944822e-06
2.507800000000002001e+03 -2.261984118352436319e-07
2.508699999999997999e+03 5.544637579301559270e-06
2.509500000000000000e+03 -4.220136875791600870e-07
2.510300000000002001e+03 5.290313270385910804e-06
2.511199999999997999e+03 -5.076047864895523428e-07
2.512000000000000000e+03 5.176604138352497943e-06
2.512800000000002001e+03 -5.675365212573057308e-07
2.513699999999997999e+03 4.944005846413868601e-06
2.514500000000000000e+03 -8.444090205525589991e-07
2.515300000000002001e+03 4.521385606168865453e-06
2.516199999999997999e+03 -1.148849321006640731e-06
2.517000000000000000e+03 4.236980893287319806e-06
2.517800000000002001e+03 -1.255323612249274564e-06
2.518699999999997999e+03 4.147773605609017732e-06
2.519500000000000000e+03 -1.214257651269217747e-06
2.520300000000002001e+03 4.134728124580956544e-06
2.521199999999997999e+03 -1.168940284078341397e-06
2.522000000000000000e+03 4.062307792174235043e-06
2.522800000000002001e+03 -1.237555969617499791e-06
2.523699999999997999e+03 3.889803179695914012e-06
2.524500000000000000e+03 -1.336222570078000659e-06
2.525300000000002001e+03 3.778379910077990850e-06
2.526199999999997999e+03 -1.340591887912038946e-06
2.527000000000000000e+03 3.743974415479886631e-06
2.527800000000002001e+03 -1.326295334327864775e-06
2.528699999999997999e+03 3.664642647927500063e-06
2.529500000000000000e+03 -1.373584419363975336e-06
2.530300000000002001e+03 3.524296150421213904e-06
2.531199999999997999e+03 -1.469135893396502809e-06
2.532000000000000000e+03 3.389099004669688461e-06
2.532800000000002001e+03 -1.496837104953317085e-06
2.533699999999997999e+03 3.365574216442326191e-06
2.534500000000000000e+03 -1.418070644867398636e-06
2.535300000000002001e+03 3.410644621636928946e-06
2.536199999999997999e+03 -1.347034127089786340e-06
2.537000000000000000e+03 3.397184810940123154e-06
2.537800000000002001e+03 -1.321621355773424557e-06
2.538699999999997999e+03 3.379876721301411775e-06
2.539500000000000000e+03 -1.282132641769557919e-06
2.540300000000002001e+03 3.363085978854889385e-06
2.541199999999997999e+03 -1.277975437557316158e-06
2.542000000000000000e+03 3.286347184963359627e-06
2.542800000000002001e+03 -1.335196118368496858e-06
2.543699999999997999e+03 3.201745165665535410e-06
2.544500000000000000e+03 -1.336689057738457995e-06
2.545300000000002001e+03 3.189068950106900545e-06
2.546199999999997999e+03 -1.269196511439845157e-06
2.547000000000000000e+03 3.227796887497250343e-06
2.547899999999998727e+03 -1.200118408657668380e-06
2.548699999999997999e+03 3.242191780329941669e-06
2.549500000000000000e+03 -1.168657175247615583e-06
2.550399999999998727e+03 3.203070995145520906e-06
2.551199999999997999e+03 -1.191802377158209460e-06
2.552000000000000000e+03 3.127980672579106405e-06
2.552899999999998727e+03 -1.238979056296016374e-06
2.553699999999997999e+03 3.033087912386635395e-06
2.554500000000000000e+03 -1.294916903201563235e-06
2.555399999999998727e+03 2.948589547112244901e-06
2.556199999999997999e+03 -1.306409674328064799e-06
2.557000000000000000e+03 2.941221805123470833e-06
2.557899999999998727e+03 -1.259958414229305720e-06
2.558699999999997999e+03 2.947078909860050318e-06
2.559500000000000000e+03 -1.244840648357527938e-06
2.560399999999998727e+03 2.901072054054582919e-06
2.561199999999997999e+03 -1.260490464571274140e-06
2.562000000000000000e+03 2.875278178368976085e-06
2.562899999999998727e+03 -1.225638111972415461e-06
2.563699999999997999e+03 2.900743556409543873e-06
2.564500000000000000e+03 -1.145464223107743234e-06
2.565399999999998727e+03 2.952882341734941190e-06
2.566199999999997999e+03 -1.068982288787336787e-06
2.567000000000000000e+03 2.974008269703517251e-06
2.567899999999998727e+03 -1.040866970336773626e-06
2.568699999999997999e+03 2.955769224358360047e-06
2.569500000000000000e+03 -1.055169920745852128e-06
2.570399999999998727e+03 2.884768902425700499e-06
2.571199999999997999e+03 -1.113036744522278464e-06
2.572000000000000000e+03 2.799208218667348650e-06
2.572899999999998727e+03 -1.147254729405713543e-06
2.573699999999997999e+03 2.768291600109074817e-06
2.574500000000000000e+03 -1.125830044254146748e-06
2.575399999999998727e+03 2.746307176865958263e-06
2.576199999999997999e+03 -1.136084695599339844e-06
2.577000000000000000e+03 2.706192242346544096e-06
2.577899999999998727e+03 -1.138471888813301418e-06
2.578699999999997999e+03 2.706920366510553185e-06
2.579500000000000000e+03 -1.089868113047038269e-06
2.580399999999998727e+03 2.730383315581349499e-06
2.581199999999997999e+03 -1.054395650332540597e-06
2.582000000000000000e+03 2.711239973695342930e-06
2.582899999999998727e+03 -1.075090397295126910e-06
2.583699999999997999e+03 2.646447298048471913e-06
2.584500000000000000e+03 -1.117153763307625809e-06
2.585399999999998727e+03 2.586469744828909906e-06
2.586199999999997999e+03 -1.136214477947379586e-06
2.587000000000000000e+03 2.566045701312237257e-06
2.587899999999998727e+03 -1.116518335819719037e-06
2.588699999999997999e+03 2.580196114498618195e-06
2.589600000000001273e+03 -1.067644610860030235e-06
2.590399999999998727e+03 2.595627356615664098e-06
2.591199999999997999e+03 -1.052947549204401456e-06
2.592100000000001273e+03 2.564594067609150679e-06
2.592899999999998727e+03 -1.080277012941827683e-06
2.593699999999997999e+03 2.508662617528510055e-06
2.594600000000001273e+03 -1.098699919583710291e-06
2.595399999999998727e+03 2.485767585574138021e-06
2.596199999999997999e+03 -1.091561896806467809e-06
2.597100000000001273e+03 2.484848925138006056e-06
2.597899999999998727e+03 -1.065084044596185315e-06
2.598699999999997999e+03 2.494777274763126460e-06
2.599600000000001273e+03 -1.029983488826073662e-06
2.600399999999998727e+03 2.514099727746428047e-06
2.601199999999997999e+03 -9.848946887817467039e-07
2.602100000000001273e+03 2.530508792973712526e-06
2.602899999999998727e+03 -9.614537944356175255e-07
2.603699999999997999e+03 2.514131139020954513e-06
2.604600000000001273e+03 -9.700318093311213875e-07
2.605399999999998727e+03 2.488687322417561361e-06
2.606199999999997999e+03 -9.645852820958432820e-07
2.607100000000001273e+03 2.493608342530772147e-06
2.607899999999998727e+03 -9.369386790557044832e-07
2.608699999999997999e+03 2.498208009711333404e-06
2.609600000000001273e+03 -9.251540090336097181e-07
2.610399999999998727e+03 2.479881775960992577e-06
2.611199999999997999e+03 -9.307980358509055975e-07
2.612100000000001273e+03 2.441506607869814934e-06
2.612899999999998727e+03 -9.539102829744964906e-07
2.613699999999997999e+03 2.398526923741149097e-06
2.614600000000001273e+03 -9.854848515728377168e-07
2.615399999999998727e+03 2.352578021259806533e-06
2.616199999999997999e+03 -1.007982866658201587e-06
2.617100000000001273e+03 2.327536202137845701e-06
2.617899999999998727e+03 -9.850788918789661731e-07
2.618699999999997999e+03 2.375712822760557344e-06
2.619600000000001273e+03 -8.966241699643041559e-07
2.620399999999998727e+03 2.441568835291376132e-06
2.621199999999997999e+03 -8.359223115806767160e-07
2.622100000000001728e+03 2.449095725828247911e-06
2.622899999999998272e+03 -8.541409462806429673e-07
2.623699999999997999e+03 2.390328390139915947e-06
2.624600000000001728e+03 -8.992484275996879119e-07
2.625399999999998272e+03 2.325362681970658090e-06
2.626199999999997999e+03 -9.315784898616237309e-07
2.627100000000001728e+03 2.310060935776655922e-06
2.627899999999998272e+03 -9.043206737456152507e-07
2.628699999999997999e+03 2.334432233983740227e-06
2.629600000000001728e+03 -8.658462001989374607e-07
2.630399999999998272e+03 2.355664473363212742e-06
2.631199999999997999e+03 -8.372992074548908870e-07
2.632100000000001728e+03 2.357264347914060166e-06
2.632899999999998272e+03 -8.293168738053943459e-07
2.633800000000002001e+03 2.335305734745554326e-06
2.634600000000001728e+03 -8.505705950595420885e-07
2.635399999999998272e+03 2.304256946964275437e-06
2.636300000000002001e+03 -8.473972288824477464e-07
2.637100000000001728e+03 2.306742797676748411e-06
2.637899999999998272e+03 -8.217517849945992382e-07
2.638800000000002001e+03 2.317157528769524043e-06
2.639600000000001728e+03 -8.096507426522800538e-07
2.640399999999998272e+03 2.316584997028167316e-06
2.641300000000002001e+03 -7.952468433447251646e-07
2.642100000000001728e+03 2.318480812249547950e-06
2.642899999999998272e+03 -7.750094534502350464e-07
2.643800000000002001e+03 2.324428236334764014e-06
2.644600000000001728e+03 -7.560780024110296029e-07
2.645399999999998272e+03 2.323368081950769290e-06
2.646300000000002001e+03 -7.469476328238640430e-07
2.647100000000001728e+03 2.307935789608739792e-06
2.647899999999998272e+03 -7.696142532559324243e-07
2.648800000000002001e+03 2.271399894535294974e-06
2.649600000000001728e+03 -7.892073177108996839e-07
2.650399999999998272e+03 2.259798409210434746e-06
2.651300000000002001e+03 -7.600323540763333118e-07
2.652100000000001728e+03 2.286976290475149111e-06
2.652899999999998272e+03 -7.240612509043635463e-07
2.653800000000002001e+03 2.282622312290878324e-06
2.654600000000001728e+03 -7.383063180043158803e-07
2.655399999999998272e+03 2.244462928516942993e-06
2.656300000000002001e+03 -7.625886335127427844e-07
2.657100000000001728e+03 2.223034201590437459e-06
2.657899999999998272e+03 -7.657182721404970724e-07
2.658800000000002001e+03 2.213158204089528679e-06
2.659600000000001728e+03 -7.726465427109060470e-07
2.660399999999998272e+03 2.179598773921150823e-06
2.661300000000002001e+03 -8.065613308239188453e-07
2.662100000000001728e+03 2.130876004481683910e-06
2.662899999999998272e+03 -8.162771212772456757e-07
2.663800000000002001e+03 2.139437343077440247e-06
2.664600000000001728e+03 -7.720872183443496976e-07
2.665399999999998272e+03 2.181943257985757381e-06
2.666300000000002001e+03 -7.306399302200496776e-07
2.667100000000001728e+03 2.192163952056463692e-06
2.667899999999998272e+03 -7.225729293418316089e-07
2.668800000000002001e+03 2.198155040041019627e-06
2.669600000000001728e+03 -7.002454644288933828e-07
2.670399999999998272e+03 2.208156937240029921e-06
2.671300000000002001e+03 -6.826162287200296040e-07
2.672100000000001728e+03 2.202332644077954041e-06
2.672899999999998272e+03 -6.835822129304464897e-07
2.673800000000002001e+03 2.190890029150695419e-06
2.674600000000001728e+03 -6.793618997441576953e-07
2.675500000000000000e+03 2.193658072133907238e-06
2.676300000000002001e+03 -6.610827975451045286e-07
2.677100000000001728e+03 2.207338398252385514e-06
2.678000000000000000e+03 -6.431444137909072680e-07
2.678800000000002001e+03 2.208386109061569354e-06
2.679600000000001728e+03 -6.408743365751769286e-07
2.680500000000000000e+03 2.197666685423391857e-06
2.681300000000002001e+03 -6.325053164515181054e-07
2.682100000000001728e+03 2.203252641164065819e-06
2.683000000000000000e+03 -6.134666469889313573e-07
2.683800000000002001e+03 2.208780420805617322e-06
2.684600000000001728e+03 -6.116643654411392233e-07
2.685500000000000000e+03 2.188067724543301842e-06
2.686300000000002001e+03 -6.296313916949036303e-07
2.687100000000001728e+03 2.155314227480257492e-06
2.688000000000000000e+03 -6.575111733240224313e-07
2.688800000000002001e+03 2.106922918593287307e-06
2.689600000000001728e+03 -6.968653312299210284e-07
2.690500000000000000e+03 2.071815711398275036e-06
2.691300000000002001e+03 -7.031482226350728011e-07
2.692100000000001728e+03 2.081207867066488623e-06
2.693000000000000000e+03 -6.757666295484329979e-07
2.693800000000002001e+03 2.098777500916251885e-06
2.694600000000001728e+03 -6.610766234951975035e-07
2.695500000000000000e+03 2.097165405565589084e-06
2.696300000000002001e+03 -6.337106564833219483e-07
2.697100000000001728e+03 2.122361257685224840e-06
2.698000000000000000e+03 -5.990912310559469150e-07
2.698800000000002001e+03 2.135878194256169073e-06
2.699600000000001728e+03 -6.070379970859803573e-07
2.700500000000000000e+03 2.105231515343821104e-06
2.701300000000002001e+03 -6.252931350603951957e-07
2.702100000000001728e+03 2.108440366395378995e-06
2.703000000000000000e+03 -5.869161319397454793e-07
2.703800000000002001e+03 2.155840711629808964e-06
2.704600000000001728e+03 -5.255046397168311524e-07
2.705500000000000000e+03 2.189483564669427555e-06
2.706300000000002001e+03 -5.029855564817856757e-07
2.707100000000001728e+03 2.185006796089510127e-06
2.708000000000000000e+03 -5.185339464220629574e-07
2.708800000000002001e+03 2.156447073345655710e-06
2.709600000000001728e+03 -5.368720521702254004e-07
2.710500000000000000e+03 2.136035021488802225e-06
2.711300000000002001e+03 -5.339932581886844162e-07
2.712100000000001728e+03 2.154268938553537770e-06
2.713000000000000000e+03 -4.974232785407553057e-07
2.713800000000002001e+03 2.163220228868406127e-06
2.714600000000001728e+03 -5.087427625448732150e-07
2.715500000000000000e+03 2.107399911686086237e-06
2.716300000000002001e+03 -5.799616693947323147e-07
2.717199999999997999e+03 2.035319406624233324e-06
2.718000000000000000e+03 -6.083457499662379084e-07
2.718800000000002001e+03 2.035746784542781395e-06
2.719699999999997999e+03 -5.824872377066054785e-07
2.720500000000000000e+03 2.071106968658974091e-06
2.721300000000002001e+03 -5.344420543319093305e-07
2.722199999999997999e+03 2.097058282617206095e-06
2.723000000000000000e+03 -5.027936199096831204e-07
2.723800000000002001e+03 2.118745683139806971e-06
2.724699999999997999e+03 -4.807560807423679905e-07
2.725500000000000000e+03 2.120945522581597020e-06
2.726300000000002001e+03 -4.860118839380250352e-07
2.727199999999997999e+03 2.101678285972461198e-06
2.728000000000000000e+03 -5.080099919309353471e-07
2.728800000000002001e+03 2.089054613488032049e-06
2.729699999999997999e+03 -4.835774942497752013e-07
2.730500000000000000e+03 2.124575863926793128e-06
2.731300000000002001e+03 -4.325452036901734121e-07
2.732199999999997999e+03 2.155530226934497257e-06
2.733000000000000000e+03 -4.109874136606161251e-07
2.733800000000002001e+03 2.153767949411100790e-06
2.734699999999997999e+03 -4.263190689891649460e-07
2.735500000000000000e+03 2.126625775795847281e-06
2.736300000000002001e+03 -4.491418900196251023e-07
2.737199999999997999e+03 2.102017667767337502e-06
2.738000000000000000e+03 -4.592180731325119550e-07
2.738800000000002001e+03 2.089438232032239814e-06
2.739699999999997999e+03 -4.653460659000022462e-07
2.740500000000000000e+03 2.069629365756281159e-06
2.741300000000002001e+03 -4.778612787860687527e-07
2.742199999999997999e+03 2.060909061287924900e-06
2.743000000000000000e+03 -4.512390938379649315e-07
2.743800000000002001e+03 2.105878835834048796e-06
2.744699999999997999e+03 -3.993727145959548127e-07
2.745500000000000000e+03 2.145609356184265559e-06
2.746300000000002001e+03 -3.737292120330765827e-07
2.747199999999997999e+03 2.134372340301403001e-06
2.748000000000000000e+03 -4.058769488727648804e-07
2.748800000000002001e+03 2.079407851458662143e-06
