1.999899999999999636e+03 5.555972108564698950e-06
2.000800000000001546e+03 4.423153657131560505e-06
2.001600000000000364e+03 6.013049833420393143e-06
2.002399999999999636e+03 4.703608115528816282e-06
2.003300000000001546e+03 6.096060064239062279e-06
2.004100000000000364e+03 4.684254906523087621e-06
2.004899999999999636e+03 6.071222878152812978e-06
2.005800000000001546e+03 4.734911559664172380e-06
2.006600000000000364e+03 6.203947445028691612e-06
2.007399999999999636e+03 4.937134355648401101e-06
2.008300000000001546e+03 6.425384656443527372e-06
2.009100000000000364e+03 5.128094447575129390e-06
2.009899999999999636e+03 6.569183774659676397e-06
2.010800000000001546e+03 5.212934110782445792e-06
2.011600000000000364e+03 6.643267669219260325e-06
2.012399999999999636e+03 5.335299886486991627e-06
2.013300000000001546e+03 6.774813867811187710e-06
2.014100000000000364e+03 5.435729803383329958e-06
2.014899999999999636e+03 6.778194520325586111e-06
2.015800000000001546e+03 5.330533093099265185e-06
2.016600000000000364e+03 6.581198594447336276e-06
2.017399999999999636e+03 5.060609792948938035e-06
2.018300000000001546e+03 6.293265551395354778e-06
2.019100000000000364e+03 4.750548876289437442e-06
2.019899999999999636e+03 6.006202714660531202e-06
2.020800000000001546e+03 4.560406677416316661e-06
2.021600000000000364e+03 5.960687025055851025e-06
2.022399999999999636e+03 4.622092770426948652e-06
2.023300000000001546e+03 6.057802019104134720e-06
2.024100000000000364e+03 4.708933270672609081e-06
2.024899999999999636e+03 6.070106278425374680e-06
2.025800000000001546e+03 4.639754436990974679e-06
2.026600000000000364e+03 5.937019734192039186e-06
2.027399999999999636e+03 4.454113868004984115e-06
2.028300000000001546e+03 5.730221763508412956e-06
2.029100000000000364e+03 4.233398692642492182e-06
2.029899999999999636e+03 5.538748553127035732e-06
2.030800000000001546e+03 4.107551417042805356e-06
2.031600000000000364e+03 5.446857829706394684e-06
2.032399999999999636e+03 4.003104872880155049e-06
2.033300000000001546e+03 5.257168294705817954e-06
2.034100000000000364e+03 3.706983349303836956e-06
2.034899999999999636e+03 4.833278821451787148e-06
2.035800000000001546e+03 3.225294784842865956e-06
2.036600000000000364e+03 4.392592571398777537e-06
2.037399999999999636e+03 2.888315929667827902e-06
2.038300000000001546e+03 4.236984734891134717e-06
2.039100000000000364e+03 2.935706489923438962e-06
2.039899999999999636e+03 4.397306777958812221e-06
2.040800000000001546e+03 3.152823031040472420e-06
2.041600000000000364e+03 4.554520296757838801e-06
2.042500000000000000e+03 3.168947502283257137e-06
2.043300000000001546e+03 4.406960683445544524e-06
2.044100000000000364e+03 2.893381415494146035e-06
2.045000000000000000e+03 4.046834442356555290e-06
2.045800000000001546e+03 2.463170660811018653e-06
2.046600000000000364e+03 3.631704282689673248e-06
2.047500000000000000e+03 2.099603979206038980e-06
2.048300000000001546e+03 3.332632877293650029e-06
2.049100000000000364e+03 1.890204314446548044e-06
2.050000000000000000e+03 3.168038520414346034e-06
2.050800000000001546e+03 1.735081228038970719e-06
2.051600000000000364e+03 2.970157410272370899e-06
2.052500000000000000e+03 1.498993759056195430e-06
2.053300000000001546e+03 2.754570996371214401e-06
2.054100000000000364e+03 1.317857993177668650e-06
2.055000000000000000e+03 2.645780516579706157e-06
2.055800000000001546e+03 1.257020405791520104e-06
2.056600000000000364e+03 2.584216136714794853e-06
2.057500000000000000e+03 1.164550137961049620e-06
2.058300000000001546e+03 2.463106695076397303e-06
2.059100000000000364e+03 1.044089167138251735e-06
2.060000000000000000e+03 2.363910509163201057e-06
2.060800000000001546e+03 9.858512313807084563e-07
2.061600000000000364e+03 2.315923458374737857e-06
2.062500000000000000e+03 9.014243962783753064e-07
2.063300000000001546e+03 2.176536880353035912e-06
2.064100000000000364e+03 7.187036758535274536e-07
2.065000000000000000e+03 2.001126137467034527e-06
2.065800000000001546e+03 5.888187914838649865e-07
2.066600000000000364e+03 1.922354114685379462e-06
2.067500000000000000e+03 5.352541421649771055e-07
2.068300000000001546e+03 1.877581256959680506e-06
2.069100000000000364e+03 4.911047105190163509e-07
2.070000000000000000e+03 1.831502532727178244e-06
2.070800000000001546e+03 4.579665917137182589e-07
2.071600000000000364e+03 1.809820314922407673e-06
2.072500000000000000e+03 4.198987169863346050e-07
2.073300000000001546e+03 1.755745183762605658e-06
2.074100000000000364e+03 3.652711131267360361e-07
2.075000000000000000e+03 1.705466578325371943e-06
2.075800000000001546e+03 3.261584337876961026e-07
2.076600000000000364e+03 1.693928812325149591e-06
2.077500000000000000e+03 3.382613573230409079e-07
2.078300000000001546e+03 1.719083605149458024e-06
2.079100000000000364e+03 3.622568075690838243e-07
2.080000000000000000e+03 1.716247450506692297e-06
2.080800000000001546e+03 3.188177545530014978e-07
2.081600000000000364e+03 1.636481374833158238e-06
2.082500000000000000e+03 2.166445779746595501e-07
2.083300000000001546e+03 1.539351371892135467e-06
2.084199999999998454e+03 1.561483763640564453e-07
2.085000000000000000e+03 1.520531767705989708e-06
2.085800000000001546e+03 1.526250867601460540e-07
2.086699999999998454e+03 1.501719312085251876e-06
2.087500000000000000e+03 1.079689239491469951e-07
2.088300000000001546e+03 1.426881816379320358e-06
2.089199999999998454e+03 3.831835303218654006e-08
2.090000000000000000e+03 1.381425976668571804e-06
2.090800000000001546e+03 1.401796541032644575e-08
2.091699999999998454e+03 1.351845364648011482e-06
2.092500000000000000e+03 -3.756871299567319849e-08
2.093300000000001546e+03 1.287173720023595902e-06
2.094199999999998454e+03 -9.117784743479225410e-08
2.095000000000000000e+03 1.267999472722422293e-06
2.095800000000001546e+03 -7.323200837542036078e-08
2.096699999999998454e+03 1.303773772016096437e-06
2.097500000000000000e+03 -3.845247373554876803e-08
2.098300000000001546e+03 1.317160187976902964e-06
2.099199999999998454e+03 -2.803831367578854762e-08
2.100000000000000000e+03 1.348196814229380703e-06
2.100800000000001546e+03 2.422348638792937762e-08
2.101699999999998454e+03 1.409339639169200238e-06
2.102500000000000000e+03 7.750793360515731920e-08
2.103300000000001546e+03 1.426574759190817094e-06
2.104199999999998454e+03 5.574596751876099520e-08
2.105000000000000000e+03 1.385185441257234917e-06
2.105800000000001546e+03 1.502098650244405067e-08
2.106699999999998454e+03 1.356631440594637644e-06
2.107500000000000000e+03 4.806178579045309005e-09
2.108300000000001546e+03 1.363644647452086917e-06
2.109199999999998454e+03 1.621006835065233317e-08
2.110000000000000000e+03 1.373098888246135092e-06
2.110800000000001546e+03 2.563536209672512135e-08
2.111699999999998454e+03 1.380514457213671671e-06
2.112500000000000000e+03 3.725647232359547543e-08
2.113300000000001546e+03 1.396039624916697184e-06
2.114199999999998454e+03 4.964697243305315684e-08
2.115000000000000000e+03 1.385424067178699451e-06
2.115800000000001546e+03 1.595514308113513421e-08
2.116699999999998454e+03 1.326948678359557363e-06
2.117500000000000000e+03 -4.598595999152369444e-08
2.118300000000001546e+03 1.285627711232969702e-06
2.119199999999998454e+03 -5.850033143264227164e-08
2.120000000000000000e+03 1.317774872072909438e-06
2.120800000000001546e+03 8.208029870172885583e-09
2.121699999999998454e+03 1.401708622961975742e-06
2.122500000000000000e+03 9.168904722686469200e-08
2.123300000000001546e+03 1.454345923859703532e-06
2.124199999999998454e+03 1.062352947154324748e-07
2.125000000000000000e+03 1.428743259486830159e-06
2.125800000000001546e+03 8.053640941432514905e-08
2.126699999999998454e+03 1.433867666821963278e-06
2.127500000000000000e+03 1.221777405827723861e-07
2.128399999999999181e+03 1.507691223626791053e-06
2.129199999999998454e+03 1.910342729922656623e-07
2.130000000000000000e+03 1.542368499740545680e-06
2.130899999999999181e+03 1.891089848401998243e-07
2.131699999999998454e+03 1.507578133940965679e-06
2.132500000000000000e+03 1.351315600248197468e-07
2.133399999999999181e+03 1.440348995656147889e-06
2.134199999999998454e+03 7.314374989688112647e-08
2.135000000000000000e+03 1.395128229246478760e-06
2.135899999999999181e+03 5.615662320256757212e-08
2.136699999999998454e+03 1.423744215088780282e-06
2.137500000000000000e+03 1.188986843464383581e-07
2.138399999999999181e+03 1.490044683550953124e-06
2.139199999999998454e+03 1.668353083499162227e-07
2.140000000000000000e+03 1.499720681508874492e-06
2.140899999999999181e+03 1.507778200933865049e-07
2.141699999999998454e+03 1.470246561450568528e-06
2.142500000000000000e+03 1.333862269493858146e-07
2.143399999999999181e+03 1.482758067276289707e-06
2.144199999999998454e+03 1.696428842041374898e-07
2.145000000000000000e+03 1.536428960988066938e-06
2.145899999999999181e+03 2.431812287222857386e-07
2.146699999999998454e+03 1.622647477245535894e-06
2.147500000000000000e+03 3.266534487325467473e-07
2.148399999999999181e+03 1.719306355685407488e-06
2.149199999999998454e+03 4.347961725649939910e-07
2.150000000000000000e+03 1.805178636902398724e-06
2.150899999999999181e+03 4.909656384283590810e-07
2.151699999999998454e+03 1.813799775837836532e-06
2.152500000000000000e+03 4.400267252652712722e-07
2.153399999999999181e+03 1.724679477393619352e-06
2.154199999999998454e+03 3.583767086182040119e-07
2.155000000000000000e+03 1.685915211705466892e-06
2.155899999999999181e+03 3.640047339336139489e-07
2.156699999999998454e+03 1.747676876502542093e-06
2.157500000000000000e+03 4.747748495419878712e-07
2.158399999999999181e+03 1.870299468287628978e-06
2.159199999999998454e+03 6.203643275117903337e-07
2.160000000000000000e+03 2.013856185149503525e-06
2.160899999999999181e+03 7.156267600035259426e-07
2.161699999999998454e+03 2.042121105254097294e-06
2.162500000000000000e+03 6.825984072653308236e-07
2.163399999999999181e+03 1.971121154419858921e-06
2.164199999999998454e+03 6.130687059014831738e-07
2.165000000000000000e+03 1.961843687436106114e-06
2.165899999999999181e+03 6.924274061852949431e-07
2.166699999999998454e+03 2.068066201383082349e-06
2.167500000000000000e+03 7.973222365751981113e-07
2.168399999999999181e+03 2.148977966184415587e-06
2.169199999999998454e+03 8.407335865793633592e-07
2.170100000000000819e+03 2.181777379152542389e-06
2.170899999999999181e+03 9.078102685547400819e-07
2.171699999999998454e+03 2.287145828304947421e-06
2.172600000000000819e+03 1.027210305621767386e-06
2.173399999999999181e+03 2.392639634205201949e-06
2.174199999999998454e+03 1.103675523481783400e-06
2.175100000000000819e+03 2.431843004391789043e-06
2.175899999999999181e+03 1.139421816491069037e-06
2.176699999999998454e+03 2.462773126303543660e-06
2.177600000000000819e+03 1.148312125218349552e-06
2.178399999999999181e+03 2.473701766449459798e-06
2.179199999999998454e+03 1.159299160788179386e-06
2.180100000000000819e+03 2.483413479382864922e-06
2.180899999999999181e+03 1.210455749315238756e-06
2.181699999999998454e+03 2.589082552014905808e-06
2.182600000000000819e+03 1.340085791970043846e-06
2.183399999999999181e+03 2.686672786405029348e-06
2.184199999999998454e+03 1.428131484640321545e-06
2.185100000000000819e+03 2.763122051514103588e-06
2.185899999999999181e+03 1.515466343772011794e-06
2.186699999999998454e+03 2.925996206703114873e-06
2.187600000000000819e+03 1.748697326477939952e-06
2.188399999999999181e+03 3.177397168487423582e-06
2.189199999999998454e+03 1.969805208745294565e-06
2.190100000000000819e+03 3.336640065977934183e-06
2.190899999999999181e+03 2.073148924226422620e-06
2.191699999999998454e+03 3.388140559298822708e-06
2.192600000000000819e+03 2.117195484612089257e-06
2.193399999999999181e+03 3.454042874330110948e-06
2.194199999999998454e+03 2.249997160061239554e-06
2.195100000000000819e+03 3.704827700952473075e-06
2.195899999999999181e+03 2.659523494318118050e-06
2.196699999999998454e+03 4.229987041349005580e-06
2.197600000000000819e+03 3.193608660361923921e-06
2.198399999999999181e+03 4.655733600489724880e-06
2.199199999999998454e+03 3.399361516972189014e-06
2.200100000000000819e+03 4.657104809835740125e-06
2.200899999999999181e+03 3.373298806827236167e-06
2.201699999999998454e+03 4.702841427246922523e-06
2.202600000000000819e+03 3.580950489519089287e-06
2.203399999999999181e+03 5.078527378154556996e-06
2.204199999999998454e+03 4.016685383222939109e-06
2.205100000000000819e+03 5.456122011499112958e-06
2.205899999999999181e+03 4.288478481946836166e-06
2.206699999999998454e+03 5.671920972983770444e-06
2.207600000000000819e+03 4.483211004907710381e-06
2.208399999999999181e+03 5.982773152279238535e-06
2.209199999999998454e+03 4.993412659193750940e-06
2.210100000000000819e+03 6.593975896932303447e-06
2.210899999999999181e+03 5.704190927919173229e-06
2.211800000000001546e+03 7.392777020054109144e-06
2.212600000000000819e+03 6.678522970285870004e-06
2.213399999999999181e+03 8.699689290799689537e-06
2.214300000000001546e+03 8.588244270156795187e-06
2.215100000000000819e+03 1.114624591194910327e-05
2.215899999999999181e+03 1.133680098039506907e-05
2.216800000000001546e+03 1.411702701134365773e-05
2.217600000000000819e+03 1.418540208013640500e-05
2.218399999999999181e+03 1.659107339434887435e-05
2.219300000000001546e+03 1.630036324194762551e-05
2.220100000000000819e+03 1.814432594080349942e-05
2.220899999999999181e+03 1.727960928863556814e-05
2.221800000000001546e+03 1.861430147872170879e-05
2.222600000000000819e+03 1.757805917114135170e-05
2.223399999999999181e+03 1.893259989463976615e-05
2.224300000000001546e+03 1.842915542335259976e-05
2.225100000000000819e+03 2.102048070624292720e-05
2.225899999999999181e+03 2.182401223005583162e-05
2.226800000000001546e+03 2.604264548348342821e-05
2.227600000000000819e+03 2.844665396711126994e-05
2.228399999999999181e+03 3.356034278659702390e-05
2.229300000000001546e+03 3.648785764258134789e-05
2.230100000000000819e+03 4.190004963387862670e-05
2.230899999999999181e+03 4.577962163336560865e-05
2.231800000000001546e+03 5.325855610359876165e-05
2.232600000000000819e+03 5.961716913613278822e-05
2.233399999999999181e+03 6.873631674896507008e-05
2.234300000000001546e+03 7.399216670585732198e-05
2.235100000000000819e+03 7.950079210179553969e-05
2.235899999999999181e+03 7.977535673955799325e-05
2.236800000000001546e+03 8.190208558503850301e-05
2.237600000000000819e+03 8.351945048907098474e-05
2.238399999999999181e+03 9.024912562258145213e-05
2.239300000000001546e+03 9.870481828400990993e-05
2.240100000000000819e+03 1.123605507215077732e-04
2.240899999999999181e+03 1.234848882610374088e-04
2.241800000000001546e+03 1.344871146870895253e-04
2.242600000000000819e+03 1.377976252301401716e-04
2.243399999999999181e+03 1.400534256017885756e-04
2.244300000000001546e+03 1.372985776897990453e-04
2.245100000000000819e+03 1.389246581495334483e-04
2.245899999999999181e+03 1.433645371194722088e-04
2.246800000000001546e+03 1.555271880019139263e-04
2.247600000000000819e+03 1.698026530936893837e-04
2.248399999999999181e+03 1.888351297981292391e-04
2.249300000000001546e+03 2.069067681355905082e-04
2.250100000000000819e+03 2.279415703891772202e-04
2.250899999999999181e+03 2.478021171048883781e-04
2.251800000000001546e+03 2.711627221342431671e-04
2.252600000000000819e+03 2.941826314876575584e-04
2.253500000000000000e+03 3.181946657865227521e-04
2.254300000000001546e+03 3.366320074003831069e-04
2.255100000000000819e+03 3.531485449622970372e-04
2.256000000000000000e+03 3.640585183781093210e-04
2.256800000000001546e+03 3.768639168913624901e-04
2.257600000000000819e+03 3.876502077471544031e-04
2.258500000000000000e+03 4.066381281551702514e-04
2.259300000000001546e+03 4.336764163281548118e-04
2.260100000000001273e+03 4.728128623262125240e-04
2.261000000000000000e+03 5.251337076834274855e-04
2.261800000000001546e+03 5.909778129678238279e-04
2.262600000000001273e+03 6.689288647897426946e-04
2.263500000000000000e+03 7.460166112905499249e-04
2.264300000000001546e+03 8.268666694277154033e-04
2.265100000000001273e+03 9.146088420567882521e-04
2.266000000000000000e+03 9.941169813984067349e-04
2.266800000000001546e+03 1.082210269279060104e-03
2.267600000000001273e+03 1.162532726153736942e-03
2.268500000000000000e+03 1.243038724766217873e-03
2.269300000000001546e+03 1.313605834606950198e-03
2.270100000000001273e+03 1.387057344170406284e-03
2.271000000000000000e+03 1.461580241106060331e-03
2.271800000000001546e+03 1.546939899007132189e-03
2.272600000000001273e+03 1.651870503170243913e-03
2.273500000000000000e+03 1.781354108545790378e-03
2.274300000000001546e+03 1.922284207286002831e-03
2.275100000000001273e+03 2.074288393173931867e-03
2.276000000000000000e+03 2.186662603535140074e-03
2.276800000000001546e+03 2.285070807106453009e-03
2.277600000000001273e+03 2.351333366509646573e-03
2.278500000000000000e+03 2.416861573284600530e-03
2.279300000000001546e+03 2.497998409584677344e-03
2.280100000000001273e+03 2.629958141854278272e-03
2.281000000000000000e+03 2.806622402704902781e-03
2.281800000000001546e+03 3.032610836483094416e-03
2.282600000000001273e+03 3.297203070771048163e-03
2.283500000000000000e+03 3.593632725367988581e-03
2.284300000000001546e+03 3.882895865778346507e-03
2.285100000000001273e+03 4.174821924168477423e-03
2.286000000000000000e+03 4.468217925661907390e-03
2.286800000000001546e+03 4.753691088559395053e-03
2.287600000000001273e+03 5.025586309646258576e-03
2.288500000000000000e+03 5.321231788280301328e-03
2.289300000000001546e+03 5.663798779156852155e-03
2.290100000000001273e+03 6.037588908856056369e-03
2.291000000000000000e+03 6.431375216147465837e-03
2.291800000000001546e+03 6.851274830572746076e-03
2.292600000000001273e+03 7.290782557610953930e-03
2.293500000000000000e+03 7.714830815666316385e-03
2.294300000000001546e+03 8.205185267225405255e-03
2.295199999999998454e+03 8.769256591760813541e-03
2.296000000000000000e+03 9.297600562343339911e-03
2.296800000000001546e+03 9.761251563295292658e-03
2.297699999999998454e+03 1.017411370906537785e-02
2.298500000000000000e+03 1.055562119478777212e-02
2.299300000000001546e+03 1.092924669085941144e-02
2.300199999999998454e+03 1.146006016585548147e-02
2.301000000000000000e+03 1.203447370060401790e-02
2.301800000000001546e+03 1.258933544477010107e-02
2.302699999999998454e+03 1.302975515545577202e-02
2.303500000000000000e+03 1.342835111658118377e-02
2.304300000000001546e+03 1.376093270659157694e-02
2.305199999999998454e+03 1.417708752491305887e-02
2.306000000000000000e+03 1.455548182587351226e-02
2.306800000000001546e+03 1.499845459563333566e-02
2.307699999999998454e+03 1.531335663838233503e-02
2.308500000000000000e+03 1.551201558052224018e-02
2.309300000000001546e+03 1.559778908156268795e-02
2.310199999999998454e+03 1.568121686287198002e-02
2.311000000000000000e+03 1.585645883772201017e-02
2.311800000000001546e+03 1.597836508755014900e-02
2.312699999999998454e+03 1.609563869564009306e-02
2.313500000000000000e+03 1.619384946264299657e-02
2.314300000000001546e+03 1.608747509583690130e-02
2.315199999999998454e+03 1.594516603573494645e-02
2.316000000000000000e+03 1.580312930193422324e-02
2.316800000000001546e+03 1.560450440058197899e-02
2.317699999999998454e+03 1.543506792733572060e-02
2.318500000000000000e+03 1.520266528077813054e-02
2.319300000000001546e+03 1.509111052501429899e-02
2.320199999999998454e+03 1.495387044765592727e-02
2.321000000000000000e+03 1.492529784834480816e-02
2.321800000000001546e+03 1.493787746669201187e-02
2.322699999999998454e+03 1.502241002629156261e-02
2.323500000000000000e+03 1.515346086953076564e-02
2.324300000000001546e+03 1.539684321741575414e-02
2.325199999999998454e+03 1.559093450477571155e-02
2.326000000000000000e+03 1.584281467110631308e-02
2.326800000000001546e+03 1.591476761235867052e-02
2.327699999999998454e+03 1.590134316355419630e-02
2.328500000000000000e+03 1.575727636096239601e-02
2.329300000000001546e+03 1.561657031249729516e-02
2.330199999999998454e+03 1.561575023897650120e-02
2.331000000000000000e+03 1.577667032607480216e-02
2.331800000000001546e+03 1.611691109330765440e-02
2.332699999999998454e+03 1.649740973386863360e-02
2.333500000000000000e+03 1.692974321017760853e-02
2.334300000000001546e+03 1.741244467374835486e-02
2.335199999999998454e+03 1.790337781869758005e-02
2.336000000000000000e+03 1.845005739535813399e-02
2.336899999999998727e+03 1.877285690084318920e-02
2.337699999999998454e+03 1.878325481416338524e-02
2.338500000000000000e+03 1.850749348798399335e-02
2.339399999999998727e+03 1.803026330737459229e-02
2.340199999999998454e+03 1.760828441974696817e-02
2.341000000000000000e+03 1.715415555548735135e-02
2.341899999999998727e+03 1.679781968492760277e-02
2.342699999999997999e+03 1.636723157264022288e-02
2.343500000000000000e+03 1.593744496617128734e-02
2.344399999999998727e+03 1.548784971590395562e-02
2.345199999999997999e+03 1.500269731562202738e-02
2.346000000000000000e+03 1.446411944642345820e-02
2.346899999999998727e+03 1.375762765557194886e-02
2.347699999999997999e+03 1.293963371744661153e-02
2.348500000000000000e+03 1.211113974363811630e-02
2.349399999999998727e+03 1.126414614904743157e-02
2.350199999999997999e+03 1.040747568691143682e-02
2.351000000000000000e+03 9.463348252054580231e-03
2.351899999999998727e+03 8.454134831200582623e-03
2.352699999999997999e+03 7.395695336779802703e-03
2.353500000000000000e+03 6.371582263169034074e-03
2.354399999999998727e+03 5.495751788970339689e-03
2.355199999999997999e+03 4.742438751469047441e-03
2.356000000000000000e+03 4.121303926201762627e-03
2.356899999999998727e+03 3.561559495239065200e-03
2.357699999999997999e+03 3.046057257068686668e-03
2.358500000000000000e+03 2.561833551366334005e-03
2.359399999999998727e+03 2.111988874964001832e-03
2.360199999999997999e+03 1.707858191227529287e-03
2.361000000000000000e+03 1.364629261761933759e-03
2.361899999999998727e+03 1.080996777091486295e-03
2.362699999999997999e+03 8.677210301940588505e-04
2.363500000000000000e+03 7.077399118039854860e-04
2.364399999999998727e+03 5.801446417581962748e-04
2.365199999999997999e+03 4.883178531260095549e-04
2.366000000000000000e+03 4.063224153227519152e-04
2.366899999999998727e+03 3.415119740285970534e-04
2.367699999999997999e+03 2.831347464625849847e-04
2.368500000000000000e+03 2.405332577429127017e-04
2.369399999999998727e+03 2.022539278318474072e-04
2.370199999999997999e+03 1.777500381921492695e-04
2.371000000000000000e+03 1.527488188340396578e-04
2.371899999999998727e+03 1.380841805806234132e-04
2.372699999999997999e+03 1.214021986014701091e-04
2.373500000000000000e+03 1.114987122488822913e-04
2.374399999999998727e+03 9.921768731252424579e-05
2.375199999999997999e+03 9.230571466294488939e-05
2.376000000000000000e+03 8.263601425074026301e-05
2.376899999999998727e+03 7.822966947964424722e-05
2.377699999999997999e+03 7.099300929871174646e-05
2.378500000000000000e+03 6.775824353119653534e-05
2.379399999999998727e+03 6.104737426177239820e-05
2.380199999999997999e+03 5.801027715893802757e-05
2.381100000000001273e+03 5.183959217442809446e-05
2.381899999999998727e+03 4.961781185650079824e-05
2.382699999999997999e+03 4.432603339554679425e-05
2.383600000000001273e+03 4.306509299190663703e-05
2.384399999999998727e+03 3.847012852587370301e-05
2.385199999999997999e+03 3.734448880308068053e-05
2.386100000000001273e+03 3.326610288303144975e-05
2.386899999999998727e+03 3.317640054901066233e-05
2.387699999999997999e+03 3.006256334895595587e-05
2.388600000000001273e+03 3.058606022083806987e-05
2.389399999999998727e+03 2.737473493970237035e-05
2.390199999999997999e+03 2.718563310342757093e-05
2.391100000000001273e+03 2.289969514735580781e-05
2.391899999999998727e+03 2.216919234652366482e-05
2.392699999999997999e+03 1.840272429904671149e-05
2.393600000000001273e+03 1.871159245745293031e-05
2.394399999999998727e+03 1.629032662516912965e-05
2.395199999999997999e+03 1.752327767197538004e-05
2.396100000000001273e+03 1.536280868088680775e-05
2.396899999999998727e+03 1.633211447717149514e-05
2.397699999999997999e+03 1.397624409259080164e-05
2.398600000000001273e+03 1.504583225443043029e-05
2.399399999999998727e+03 1.283475649542777257e-05
2.400199999999997999e+03 1.421419445915109937e-05
2.401100000000001273e+03 1.203489822017224888e-05
2.401899999999998727e+03 1.297876295298692426e-05
2.402699999999997999e+03 1.034381734060239604e-05
2.403600000000001273e+03 1.101178217028573437e-05
2.404399999999998727e+03 8.451346240822021655e-06
2.405199999999997999e+03 9.435822747371732237e-06
2.406100000000001273e+03 7.413126076829608158e-06
2.406899999999998727e+03 8.856771433820687344e-06
2.407699999999997999e+03 6.953107017486527163e-06
2.408600000000001273e+03 8.336408790096531520e-06
2.409399999999998727e+03 6.231834184360900101e-06
2.410199999999997999e+03 7.425846190791318682e-06
2.411100000000001273e+03 5.297653684280147072e-06
2.411899999999998727e+03 6.640922568411508871e-06
2.412699999999997999e+03 4.776834429808848707e-06
2.413600000000001273e+03 6.316251314744135581e-06
2.414399999999998727e+03 4.615581392861116308e-06
2.415199999999997999e+03 6.305488484180271657e-06
2.416100000000001273e+03 4.694319282016605611e-06
2.416899999999998727e+03 6.364202282297684228e-06
2.417699999999997999e+03 4.596814737572861264e-06
2.418600000000001273e+03 6.002183549808224690e-06
2.419399999999998727e+03 4.019728382069967109e-06
2.420199999999997999e+03 5.308895453253234504e-06
2.421100000000001273e+03 3.387611410727806354e-06
2.421899999999998727e+03 4.830591084643197242e-06
2.422800000000002001e+03 3.092811257689760448e-06
2.423600000000001273e+03 4.635992713331857654e-06
2.424399999999998727e+03 2.871873579360682259e-06
2.425300000000002001e+03 4.351230724380832802e-06
2.426100000000001273e+03 2.573325535601776229e-06
2.426899999999998727e+03 4.064074987241879344e-06
2.427800000000002001e+03 2.385690238351519772e-06
2.428600000000001273e+03 4.010255171273343115e-06
2.429399999999998727e+03 2.375948099143185497e-06
2.430300000000002001e+03 3.883923814010879693e-06
2.431100000000001273e+03 2.123989676136380502e-06
2.431899999999998727e+03 3.512621035381801596e-06
2.432800000000002001e+03 1.657991253413880605e-06
2.433600000000001273e+03 3.121019094488073804e-06
2.434399999999998727e+03 1.431752743631103699e-06
2.435300000000002001e+03 3.038223264928523961e-06
2.436100000000001273e+03 1.518446521892731461e-06
2.436899999999998727e+03 3.223473995719667076e-06
2.437800000000002001e+03 1.669898077255394201e-06
2.438600000000001273e+03 3.242839530585144477e-06
2.439399999999998727e+03 1.551488419769795944e-06
2.440300000000002001e+03 2.987896652696845898e-06
2.441100000000001273e+03 1.249079841229060226e-06
2.441899999999998727e+03 2.768671566394712104e-06
2.442800000000002001e+03 1.150144964780377445e-06
2.443600000000001273e+03 2.726114702053039304e-06
2.444399999999998727e+03 1.157690300325072943e-06
2.445300000000002001e+03 2.765167222036440746e-06
2.446100000000001273e+03 1.196116593600297777e-06
2.446899999999998727e+03 2.777148650906025969e-06
2.447800000000002001e+03 1.211102493334520604e-06
2.448600000000001273e+03 2.755482797436266314e-06
2.449399999999998727e+03 1.133911572300946894e-06
2.450300000000002001e+03 2.627071805210736200e-06
2.451100000000001273e+03 9.670432908062605190e-07
2.451899999999998727e+03 2.468574487309694998e-06
2.452800000000002001e+03 8.690608728419667518e-07
2.453600000000001273e+03 2.479949922077438932e-06
2.454399999999998727e+03 9.846877451102000295e-07
2.455300000000002001e+03 2.618440651785031372e-06
2.456100000000001273e+03 1.083010524872200099e-06
2.456899999999998727e+03 2.625143134332761605e-06
2.457800000000002001e+03 1.017737614720810301e-06
2.458600000000001273e+03 2.521572583421164574e-06
2.459399999999998727e+03 9.189426025847519058e-07
2.460300000000002001e+03 2.458976742933359369e-06
2.461100000000001273e+03 8.829612146120675659e-07
2.461899999999998727e+03 2.433296991649531812e-06
2.462800000000002001e+03 8.447075143194896904e-07
2.463600000000001273e+03 2.368968010877506967e-06
2.464500000000000000e+03 7.527956175289306770e-07
2.465300000000002001e+03 2.261297463716010147e-06
2.466100000000001273e+03 6.481980526496914447e-07
2.467000000000000000e+03 2.202930018234524318e-06
2.467800000000002001e+03 6.526040170923508050e-07
2.468600000000001273e+03 2.256218485359312355e-06
2.469500000000000000e+03 7.748279912539929691e-07
2.470300000000002001e+03 2.403561320746583768e-06
2.471100000000001273e+03 9.108276842025371982e-07
2.472000000000000000e+03 2.505081431002990488e-06
2.472800000000002001e+03 9.369245279736557025e-07
2.473600000000001273e+03 2.455705299454992540e-06
2.474500000000000000e+03 8.608573861790991753e-07
2.475300000000002001e+03 2.405794340713672393e-06
2.476100000000001273e+03 8.473437505109728506e-07
2.477000000000000000e+03 2.409124721173938363e-06
2.477800000000002001e+03 8.594088578258497389e-07
2.478600000000001273e+03 2.381488738662065516e-06
2.479500000000000000e+03 7.992309963775486346e-07
2.480300000000002001e+03 2.308999995412016649e-06
2.481100000000001273e+03 7.042327296818707340e-07
2.482000000000000000e+03 2.167548614926812815e-06
2.482800000000002001e+03 5.115996165965375497e-07
2.483600000000001273e+03 1.931000103395805655e-06
2.484500000000000000e+03 2.815990118005964763e-07
2.485300000000002001e+03 1.748773887303993481e-06
2.486100000000001273e+03 1.816187427630157728e-07
2.487000000000000000e+03 1.725052378749298741e-06
2.487800000000002001e+03 1.983275705451608632e-07
2.488600000000001273e+03 1.744000455962672647e-06
2.489500000000000000e+03 2.199353937558195822e-07
2.490300000000002001e+03 1.772436502201426789e-06
2.491100000000001273e+03 2.494773230631350945e-07
2.492000000000000000e+03 1.786212415949204580e-06
2.492800000000002001e+03 2.270765537448312841e-07
2.493600000000001273e+03 1.710678965623508808e-06
2.494500000000000000e+03 1.103252025137181720e-07
2.495300000000002001e+03 1.592321591693132627e-06
2.496100000000001273e+03 2.946542727898580579e-08
2.497000000000000000e+03 1.557132917731813558e-06
2.497800000000002001e+03 3.383914240780556266e-08
2.498600000000001273e+03 1.598579216849314457e-06
2.499500000000000000e+03 1.144313564326429179e-07
2.500300000000002001e+03 1.695893897252601877e-06
2.501100000000001273e+03 2.201071759487967823e-07
2.502000000000000000e+03 1.774381317387138735e-06
2.502800000000002001e+03 2.336637030093687684e-07
2.503600000000001273e+03 1.714084344128214942e-06
2.504500000000000000e+03 1.420942008395158600e-07
2.505300000000002001e+03 1.628128198788909053e-06
2.506199999999997999e+03 8.723756437133773202e-08
2.507000000000000000e+03 1.593436950479130388e-06
2.507800000000002001e+03 4.785874796517357632e-08
2.508699999999997999e+03 1.522405094143008043e-06
2.509500000000000000e+03 -4.583718937100124431e-08
2.510300000000002001e+03 1.435123091070694261e-06
2.511199999999997999e+03 -1.072282954375113873e-07
2.512000000000000000e+03 1.400854743844427315e-06
2.512800000000002001e+03 -1.166434512180971824e-07
2.513699999999997999e+03 1.390662570259664348e-06
2.514500000000000000e+03 -1.413457677036557621e-07
2.515300000000002001e+03 1.349838261010124334e-06
2.516199999999997999e+03 -1.734701827987465662e-07
2.517000000000000000e+03 1.344655179735541342e-06
2.517800000000002001e+03 -1.329638736130941348e-07
2.518699999999997999e+03 1.442700570402788437e-06
2.519500000000000000e+03 -1.964503139444769073e-08
2.520300000000002001e+03 1.520168335878512167e-06
2.521199999999997999e+03 3.226293015467742017e-09
2.522000000000000000e+03 1.501216405866899497e-06
2.522800000000002001e+03 -4.885162490257007746e-08
2.523699999999997999e+03 1.452620210656427361e-06
2.524500000000000000e+03 -6.108158246821074584e-08
2.525300000000002001e+03 1.435189841960669545e-06
2.526199999999997999e+03 -9.508529661124487128e-08
2.527000000000000000e+03 1.398669554278612364e-06
2.527800000000002001e+03 -1.435405010684822079e-07
2.528699999999997999e+03 1.362764352683318174e-06
2.529500000000000000e+03 -1.497151285951261448e-07
2.530300000000002001e+03 1.370190041048639390e-06
2.531199999999997999e+03 -1.469481076974709545e-07
2.532000000000000000e+03 1.355906647238495344e-06
2.532800000000002001e+03 -1.661490089353785534e-07
2.533699999999997999e+03 1.336258698239084490e-06
2.534500000000000000e+03 -1.711726060251788422e-07
2.535300000000002001e+03 1.352648439437292863e-06
2.536199999999997999e+03 -1.588289615126202268e-07
2.537000000000000000e+03 1.350617330854873940e-06
2.537800000000002001e+03 -1.682070128346615373e-07
2.538699999999997999e+03 1.332387492598710088e-06
2.539500000000000000e+03 -1.666105586913471999e-07
2.540300000000002001e+03 1.341101630966022807e-06
2.541199999999997999e+03 -1.618836580121341960e-07
2.542000000000000000e+03 1.338480106584040671e-06
2.542800000000002001e+03 -1.919860503204936616e-07
2.543699999999997999e+03 1.283659268646008245e-06
2.544500000000000000e+03 -2.481783854039287913e-07
2.545300000000002001e+03 1.233971682458664679e-06
2.546199999999997999e+03 -2.734848887349663930e-07
2.547000000000000000e+03 1.232150280601288879e-06
2.547899999999998727e+03 -2.559117096511431038e-07
2.548699999999997999e+03 1.250131973893913199e-06
2.549500000000000000e+03 -2.522833763657627471e-07
2.550399999999998727e+03 1.250767388520140722e-06
2.551199999999997999e+03 -2.397282859533739791e-07
2.552000000000000000e+03 1.282112815777833298e-06
2.552899999999998727e+03 -1.971740520362015720e-07
2.553699999999997999e+03 1.317494468511679615e-06
2.554500000000000000e+03 -1.807356628388932809e-07
2.555399999999998727e+03 1.304851348622414322e-06
2.556199999999997999e+03 -2.080903446600494014e-07
2.557000000000000000e+03 1.282385295262621417e-06
2.557899999999998727e+03 -2.221367805473242043e-07
2.558699999999997999e+03 1.277047266511864709e-06
2.559500000000000000e+03 -2.042113969067157707e-07
2.560399999999998727e+03 1.319769940435590782e-06
2.561199999999997999e+03 -1.552824994161681028e-07
2.562000000000000000e+03 1.356853510314833045e-06
2.562899999999998727e+03 -1.421596519903258567e-07
2.563699999999997999e+03 1.339924129174851575e-06
2.564500000000000000e+03 -1.867312977148108908e-07
2.565399999999998727e+03 1.287764822828147137e-06
2.566199999999997999e+03 -2.267512568833794674e-07
2.567000000000000000e+03 1.258642712365750564e-06
2.567899999999998727e+03 -2.306958414645468775e-07
2.568699999999997999e+03 1.278467633849872336e-06
2.569500000000000000e+03 -1.935398637353442455e-07
2.570399999999998727e+03 1.315621275143195092e-06
2.571199999999997999e+03 -1.747075963761913089e-07
2.572000000000000000e+03 1.312393332696834396e-06
2.572899999999998727e+03 -2.004984444124580307e-07
2.573699999999997999e+03 1.267342652629993940e-06
2.574500000000000000e+03 -2.521109628709049244e-07
2.575399999999998727e+03 1.227472305817788409e-06
2.576199999999997999e+03 -2.698905281556658618e-07
2.577000000000000000e+03 1.226795389282175212e-06
2.577899999999998727e+03 -2.533096318427638694e-07
2.578699999999997999e+03 1.247301095573233948e-06
2.579500000000000000e+03 -2.409643688454829542e-07
2.580399999999998727e+03 1.248158490175761828e-06
2.581199999999997999e+03 -2.495584608278203257e-07
2.582000000000000000e+03 1.233419974129282587e-06
2.582899999999998727e+03 -2.636140846331449066e-07
2.583699999999997999e+03 1.235790884043310972e-06
2.584500000000000000e+03 -2.462652931376950186e-07
2.585399999999998727e+03 1.258199111388728336e-06
2.586199999999997999e+03 -2.236110251683385216e-07
2.587000000000000000e+03 1.259655487690840263e-06
2.587899999999998727e+03 -2.379438988106480683e-07
2.588699999999997999e+03 1.240317816757367995e-06
2.589600000000001273e+03 -2.574921924758132097e-07
2.590399999999998727e+03 1.232948571112595868e-06
2.591199999999997999e+03 -2.501590919582976561e-07
2.592100000000001273e+03 1.247474579805594110e-06
2.592899999999998727e+03 -2.389025802295362312e-07
2.593699999999997999e+03 1.249313351748525227e-06
2.594600000000001273e+03 -2.408711899258191187e-07
2.595399999999998727e+03 1.241280518083815956e-06
2.596199999999997999e+03 -2.402162451713289312e-07
2.597100000000001273e+03 1.254214191568805826e-06
2.597899999999998727e+03 -2.229541308051011313e-07
2.598699999999997999e+03 1.266138620686771512e-06
2.599600000000001273e+03 -2.123018399626061087e-07
2.600399999999998727e+03 1.268755951862637428e-06
2.601199999999997999e+03 -2.224556498891434955e-07
2.602100000000001273e+03 1.256861549814001363e-06
2.602899999999998727e+03 -2.379421348789242246e-07
2.603699999999997999e+03 1.231992241602673192e-06
2.604600000000001273e+03 -2.643718913640782211e-07
2.605399999999998727e+03 1.222412600736136542e-06
2.606199999999997999e+03 -2.531097814730560105e-07
2.607100000000001273e+03 1.254051878904030766e-06
2.607899999999998727e+03 -1.928026145455376168e-07
2.608699999999997999e+03 1.313961919813527150e-06
2.609600000000001273e+03 -1.444602800563143182e-07
2.610399999999998727e+03 1.350279831299432725e-06
2.611199999999997999e+03 -1.273628643046145512e-07
2.612100000000001273e+03 1.348996970794774339e-06
2.612899999999998727e+03 -1.474181181364803887e-07
2.613699999999997999e+03 1.317208247379838817e-06
2.614600000000001273e+03 -1.955073408017831708e-07
2.615399999999998727e+03 1.263912721433537896e-06
2.616199999999997999e+03 -2.294887241881154851e-07
2.617100000000001273e+03 1.246762870490380047e-06
2.617899999999998727e+03 -2.125082199743095338e-07
2.618699999999997999e+03 1.288929980191866907e-06
2.619600000000001273e+03 -1.702794469332931834e-07
2.620399999999998727e+03 1.316553089096771822e-06
2.621199999999997999e+03 -1.637541683476282234e-07
2.622100000000001728e+03 1.318072889575520712e-06
2.622899999999998272e+03 -1.538580162374717273e-07
2.623699999999997999e+03 1.337963256021217385e-06
2.624600000000001728e+03 -1.367151684127200503e-07
2.625399999999998272e+03 1.338923410477826118e-06
2.626199999999997999e+03 -1.408747886495067378e-07
2.627100000000001728e+03 1.336672005390787158e-06
2.627899999999998272e+03 -1.247556803780866948e-07
2.628699999999997999e+03 1.363908797775058671e-06
2.629600000000001728e+03 -1.081143771401815330e-07
2.630399999999998272e+03 1.359200180093433729e-06
2.631199999999997999e+03 -1.316131970512686828e-07
2.632100000000001728e+03 1.339590340684187855e-06
2.632899999999998272e+03 -1.439400192254914400e-07
2.633800000000002001e+03 1.336341651925060161e-06
2.634600000000001728e+03 -1.298357944592462483e-07
2.635399999999998272e+03 1.351253460337641558e-06
2.636300000000002001e+03 -1.093971887498903158e-07
2.637100000000001728e+03 1.384263523889014815e-06
2.637899999999998272e+03 -7.743868226459784017e-08
2.638800000000002001e+03 1.404115399487725054e-06
2.639600000000001728e+03 -8.918646135695101972e-08
2.640399999999998272e+03 1.363930868583927504e-06
2.641300000000002001e+03 -1.379098917478277309e-07
2.642100000000001728e+03 1.318660767789095106e-06
2.642899999999998272e+03 -1.632558390679065399e-07
2.643800000000002001e+03 1.315242763246785730e-06
2.644600000000001728e+03 -1.538019417763520323e-07
2.645399999999998272e+03 1.322712828420741811e-06
2.646300000000002001e+03 -1.442231735918262077e-07
2.647100000000001728e+03 1.351337760800961823e-06
2.647899999999998272e+03 -1.178865031878243274e-07
2.648800000000002001e+03 1.363203014651513873e-06
2.649600000000001728e+03 -1.149272725299815020e-07
2.650399999999998272e+03 1.336887288615770835e-06
2.651300000000002001e+03 -1.739267935458879156e-07
2.652100000000001728e+03 1.266299902844065492e-06
2.652899999999998272e+03 -2.298000086235218725e-07
2.653800000000002001e+03 1.237541477967746379e-06
2.654600000000001728e+03 -2.118636112407985386e-07
2.655399999999998272e+03 1.300572307113297336e-06
2.656300000000002001e+03 -1.426257941580108894e-07
2.657100000000001728e+03 1.356102827392370448e-06
2.657899999999998272e+03 -1.184660426772164504e-07
2.658800000000002001e+03 1.338386352065603348e-06
2.659600000000001728e+03 -1.489968215563410666e-07
2.660399999999998272e+03 1.318287464133197618e-06
2.661300000000002001e+03 -1.487546213521728597e-07
2.662100000000001728e+03 1.343773956581654691e-06
2.662899999999998272e+03 -1.025290947374911273e-07
2.663800000000002001e+03 1.392522809251675568e-06
2.664600000000001728e+03 -6.687687183569097010e-08
2.665399999999998272e+03 1.420565473959050312e-06
2.666300000000002001e+03 -4.316850302503131717e-08
2.667100000000001728e+03 1.428588899987897953e-06
2.667899999999998272e+03 -5.554416754030547026e-08
2.668800000000002001e+03 1.397813255170523928e-06
2.669600000000001728e+03 -9.870717452543898956e-08
2.670399999999998272e+03 1.349951554940675206e-06
2.671300000000002001e+03 -1.307589589581415342e-07
2.672100000000001728e+03 1.343183345821215964e-06
2.672899999999998272e+03 -1.172784666387234011e-07
2.673800000000002001e+03 1.358268709642350481e-06
2.674600000000001728e+03 -1.062484777841063098e-07
2.675500000000000000e+03 1.358227551235458288e-06
2.676300000000002001e+03 -1.260969183578804608e-07
2.677100000000001728e+03 1.338136028491654326e-06
2.678000000000000000e+03 -1.338122628799785897e-07
2.678800000000002001e+03 1.335763818838460362e-06
2.679600000000001728e+03 -1.400253874428436603e-07
2.680500000000000000e+03 1.330555547381012378e-06
2.681300000000002001e+03 -1.399268610249006560e-07
2.682100000000001728e+03 1.331005207618237896e-06
2.683000000000000000e+03 -1.343776401329131593e-07
2.683800000000002001e+03 1.346245754106442479e-06
2.684600000000001728e+03 -1.205569658439863460e-07
2.685500000000000000e+03 1.359471066778820893e-06
2.686300000000002001e+03 -9.575745362582029138e-08
2.687100000000001728e+03 1.395932934898951073e-06
2.688000000000000000e+03 -6.085095922646244116e-08
2.688800000000002001e+03 1.426947019960765585e-06
2.689600000000001728e+03 -3.120349419356378070e-08
2.690500000000000000e+03 1.458535014134749021e-06
2.691300000000002001e+03 -1.889139930192675026e-09
2.692100000000001728e+03 1.488204680878818317e-06
2.693000000000000000e+03 1.915512256774519498e-08
2.693800000000002001e+03 1.484900315935785847e-06
2.694600000000001728e+03 -5.464443857640285356e-09
2.695500000000000000e+03 1.440393162030822448e-06
2.696300000000002001e+03 -5.266877315322383683e-08
2.697100000000001728e+03 1.408905835749787702e-06
2.698000000000000000e+03 -5.549149715795141513e-08
2.698800000000002001e+03 1.437595068083271926e-06
2.699600000000001728e+03 -1.912290760415496352e-08
2.700500000000000000e+03 1.462199814387559413e-06
2.701300000000002001e+03 -1.415857862027971007e-08
2.702100000000001728e+03 1.444137896242282238e-06
2.703000000000000000e+03 -4.611885522653026742e-08
2.703800000000002001e+03 1.403069542706268786e-06
2.704600000000001728e+03 -9.043377770898634918e-08
2.705500000000000000e+03 1.353777491903778484e-06
2.706300000000002001e+03 -1.314861630209728527e-07
2.707100000000001728e+03 1.340330916587333730e-06
2.708000000000000000e+03 -1.127346404101382907e-07
2.708800000000002001e+03 1.393714205873444134e-06
2.709600000000001728e+03 -3.643387668990243349e-08
2.710500000000000000e+03 1.463750805511651545e-06
2.711300000000002001e+03 1.215076631508604957e-08
2.712100000000001728e+03 1.482702642684753145e-06
2.713000000000000000e+03 1.439379736836145461e-08
2.713800000000002001e+03 1.488164227116230430e-06
2.714600000000001728e+03 3.515488074302832030e-08
2.715500000000000000e+03 1.510565646304115627e-06
2.716300000000002001e+03 4.072516050410619960e-08
2.717199999999997999e+03 1.497086237100668359e-06
2.718000000000000000e+03 4.357004196698136783e-09
2.718800000000002001e+03 1.451289017803609011e-06
2.719699999999997999e+03 -3.088796084893463435e-08
2.720500000000000000e+03 1.428802397618838561e-06
2.721300000000002001e+03 -4.497082037900042053e-08
2.722199999999997999e+03 1.424499673005365804e-06
2.723000000000000000e+03 -3.370483602741959178e-08
2.723800000000002001e+03 1.430095730926549485e-06
2.724699999999997999e+03 -4.007278428177553686e-08
2.725500000000000000e+03 1.418143753527520288e-06
2.726300000000002001e+03 -6.274732199287219398e-08
2.727199999999997999e+03 1.406854485277183477e-06
2.728000000000000000e+03 -4.582335643274487155e-08
2.728800000000002001e+03 1.449312095965904256e-06
2.729699999999997999e+03 7.960701235667267000e-09
2.730500000000000000e+03 1.488467202504831056e-06
2.731300000000002001e+03 3.231764298429114596e-08
2.732199999999997999e+03 1.497615080232983115e-06
2.733000000000000000e+03 2.859958437188511156e-08
2.733800000000002001e+03 1.483130968631969096e-06
2.734699999999997999e+03 -2.753187959398766763e-09
2.735500000000000000e+03 1.439528216562669389e-06
2.736300000000002001e+03 -5.305302246966101448e-08
2.737199999999997999e+03 1.404434856806785829e-06
2.738000000000000000e+03 -5.989259964774850830e-08
2.738800000000002001e+03 1.409587146641625533e-06
2.739699999999997999e+03 -5.222585918118798923e-08
2.740500000000000000e+03 1.398361661543503958e-06
2.741300000000002001e+03 -9.080242706082618556e-08
2.742199999999997999e+03 1.335933849478182350e-06
2.743000000000000000e+03 -1.497570266154956943e-07
2.743800000000002001e+03 1.306653529813232740e-06
2.744699999999997999e+03 -1.467614713426076096e-07
2.745500000000000000e+03 1.341205053068153520e-06
2.746300000000002001e+03 -1.114425758954214589e-07
2.747199999999997999e+03 1.356214874192247036e-06
2.748000000000000000e+03 -1.102059669184123443e-07
2.748800000000002001e+03 1.344791095316797749e-06
