1.998399999999999636e+03 3.360861462011497674e-06
2.000100000000000364e+03 3.731769169232692941e-06
2.001800000000001546e+03 3.751451171172926863e-06
2.003500000000000000e+03 4.111994087321447328e-06
2.005100000000000364e+03 4.134328791705417825e-06
2.006800000000001546e+03 4.481755668814341427e-06
2.008500000000000000e+03 4.459657689079561792e-06
2.010100000000000364e+03 4.816687905368979878e-06
2.011800000000001546e+03 4.758223819133315928e-06
2.013500000000000000e+03 5.025129766274363445e-06
2.015100000000000364e+03 4.905031560088126761e-06
2.016800000000001546e+03 5.065105151650142419e-06
2.018500000000000000e+03 4.872010726613593475e-06
2.020100000000000364e+03 5.014135053200989040e-06
2.021800000000001546e+03 4.891011293579632738e-06
2.023500000000000000e+03 5.154552826229049075e-06
2.025100000000000364e+03 5.047951881861680723e-06
2.026800000000001546e+03 5.318450893860557143e-06
2.028500000000000000e+03 5.135084760062638043e-06
2.030100000000000364e+03 5.283109840493741844e-06
2.031800000000001546e+03 5.017548398323579549e-06
2.033500000000000000e+03 5.089527418169193426e-06
2.035100000000000364e+03 4.794430106001744827e-06
2.036800000000001546e+03 4.840805050862258144e-06
2.038500000000000000e+03 4.546372543145072424e-06
2.040199999999998454e+03 4.607668876031818916e-06
2.041800000000001546e+03 4.278476074263739821e-06
2.043500000000000000e+03 4.340986369946159969e-06
2.045199999999998454e+03 3.983337736170536669e-06
2.046800000000001546e+03 3.981544674136285878e-06
2.048500000000000000e+03 3.616414976187020553e-06
2.050199999999998454e+03 3.627491262129016523e-06
2.051800000000001546e+03 3.274553017490122157e-06
2.053500000000000000e+03 3.307158781052870262e-06
2.055199999999998454e+03 2.973257172874133391e-06
2.056800000000001546e+03 3.005074804305236698e-06
2.058500000000000000e+03 2.660045251433611708e-06
2.060199999999998454e+03 2.725304736349040049e-06
2.061800000000001546e+03 2.448918786634027168e-06
2.063500000000000000e+03 2.589272762711261200e-06
2.065199999999998454e+03 2.347403063777405102e-06
2.066800000000001546e+03 2.463395404834273508e-06
2.068500000000000000e+03 2.149906637233707179e-06
2.070199999999998454e+03 2.184844749963524373e-06
2.071800000000001546e+03 1.819851785266448663e-06
2.073500000000000000e+03 1.887659488904622028e-06
2.075199999999998454e+03 1.611337829998568876e-06
2.076899999999999636e+03 1.777481062986107333e-06
2.078500000000000000e+03 1.590179965748810472e-06
2.080199999999998454e+03 1.820175083841631089e-06
2.081899999999999636e+03 1.621059504728214222e-06
2.083500000000000000e+03 1.814488485925371637e-06
2.085199999999998454e+03 1.567594048227006990e-06
2.086899999999999636e+03 1.740956924857222071e-06
2.088500000000000000e+03 1.540476803817882875e-06
2.090199999999998454e+03 1.816021617928210488e-06
2.091899999999999636e+03 1.726178410584323897e-06
2.093500000000000000e+03 2.058466691339292014e-06
2.095199999999998454e+03 1.969018838257445558e-06
2.096899999999999636e+03 2.278361339563178774e-06
2.098500000000000000e+03 2.149983363747500709e-06
2.100199999999998454e+03 2.501284944678243953e-06
2.101899999999999636e+03 2.397068383085012535e-06
2.103500000000000000e+03 2.789226853436142150e-06
2.105199999999998454e+03 2.742197552497462653e-06
2.106899999999999636e+03 3.163095781632809940e-06
2.108500000000000000e+03 3.135942595656677484e-06
2.110199999999998454e+03 3.561307905496121050e-06
2.111899999999999636e+03 3.523723992436255034e-06
2.113600000000000364e+03 3.882148070652037232e-06
2.115199999999998454e+03 3.697709528972553936e-06
2.116899999999999181e+03 4.000393513603159808e-06
2.118600000000000819e+03 3.781963243999645127e-06
2.120199999999998454e+03 4.189462102328525365e-06
2.121899999999999181e+03 4.145791804267344451e-06
2.123600000000000819e+03 4.726980271008170397e-06
2.125199999999998454e+03 4.806592433582371402e-06
2.126899999999999181e+03 5.472910053269982947e-06
2.128600000000000819e+03 5.603364583539434161e-06
2.130199999999998454e+03 6.322968038169631645e-06
2.131899999999999181e+03 6.453728849733965564e-06
2.133600000000000819e+03 7.139374143025521637e-06
2.135199999999998454e+03 7.161288353983373851e-06
2.136899999999999181e+03 7.773630641371409624e-06
2.138600000000000819e+03 7.774753305863273955e-06
2.140199999999998454e+03 8.448039888589496080e-06
2.141899999999999181e+03 8.589637643403515656e-06
2.143600000000000819e+03 9.497639348717669346e-06
2.145199999999998454e+03 9.839082361013932234e-06
2.146899999999999181e+03 1.085389359138106880e-05
2.148600000000000819e+03 1.108861472356798743e-05
2.150300000000001546e+03 1.211855241208914859e-05
2.151899999999999181e+03 1.253500203259966376e-05
2.153600000000000819e+03 1.398603321462244809e-05
2.155300000000001546e+03 1.489114338055889251e-05
2.156899999999999181e+03 1.669111734615971588e-05
2.158600000000000819e+03 1.744781183748141001e-05
2.160300000000001546e+03 1.847540923345466791e-05
2.161899999999999181e+03 1.869063617854492508e-05
2.163600000000000819e+03 1.974320018575335053e-05
2.165300000000001546e+03 2.010285966110036699e-05
2.166899999999999181e+03 2.192449189419329412e-05
2.168600000000000819e+03 2.344941389230166602e-05
2.170300000000001546e+03 2.608549268447400354e-05
2.171899999999999181e+03 2.825255672681428355e-05
2.173600000000000819e+03 3.161610190913042320e-05
2.175300000000001546e+03 3.407472703114144556e-05
2.176899999999999181e+03 3.748139584626442034e-05
2.178600000000000819e+03 4.001110083906079563e-05
2.180300000000001546e+03 4.336732174823586938e-05
2.181899999999999181e+03 4.570326507200526549e-05
2.183600000000000819e+03 4.964496967491957092e-05
2.185300000000001546e+03 5.310715349945279112e-05
2.187000000000000000e+03 5.808386902295151292e-05
2.188600000000000819e+03 6.245347849406038016e-05
2.190300000000001546e+03 6.794856358083433833e-05
2.192000000000000000e+03 7.237889320708948610e-05
2.193600000000000819e+03 7.938559771735969705e-05
2.195300000000001546e+03 8.662747092618888246e-05
2.197000000000000000e+03 9.725994798302845987e-05
2.198600000000000819e+03 1.081719784945063323e-04
2.200300000000001546e+03 1.231359900478064251e-04
2.202000000000000000e+03 1.380094887102320045e-04
2.203600000000000819e+03 1.564901361124666627e-04
2.205300000000001546e+03 1.764184423596770095e-04
2.207000000000000000e+03 2.009786916514988636e-04
2.208600000000000819e+03 2.253408621806849538e-04
2.210300000000001546e+03 2.543986418031519915e-04
2.212000000000000000e+03 2.871522950518516485e-04
2.213600000000000819e+03 3.253666209955048032e-04
2.215300000000001546e+03 3.709019772768163076e-04
2.217000000000000000e+03 4.348968878629297613e-04
2.218600000000000819e+03 5.089092644507859113e-04
2.220300000000001546e+03 6.053505652245445194e-04
2.222000000000000000e+03 7.291790366034917687e-04
2.223600000000000819e+03 8.915444779904927548e-04
2.225300000000001546e+03 1.095657592020333028e-03
2.227000000000000000e+03 1.378889694751108536e-03
2.228699999999998454e+03 1.794183330220920896e-03
2.230300000000001546e+03 2.404179345212552766e-03
2.232000000000000000e+03 3.292103545571984074e-03
2.233699999999998454e+03 4.789456419078131667e-03
2.235300000000001546e+03 7.080527376236574535e-03
2.237000000000000000e+03 1.043656412987834479e-02
2.238699999999998454e+03 1.494745838064607917e-02
2.240300000000001546e+03 2.000408669542080853e-02
2.242000000000000000e+03 2.430163423206832887e-02
2.243699999999998454e+03 2.648446338633215699e-02
2.245300000000001546e+03 2.582051277513250018e-02
2.247000000000000000e+03 2.244175259720400731e-02
2.248699999999998454e+03 1.743704186258478520e-02
2.250300000000001546e+03 1.237700711670135234e-02
2.252000000000000000e+03 8.244866354535857270e-03
2.253699999999998454e+03 5.340182020302750542e-03
2.255300000000001546e+03 3.537389790781157728e-03
2.257000000000000000e+03 2.481131665225407880e-03
2.258699999999998454e+03 1.832644763734783558e-03
2.260300000000001546e+03 1.381023994906030927e-03
2.262000000000000000e+03 1.071378217104907186e-03
2.263699999999998454e+03 8.317378413911381135e-04
2.265399999999998727e+03 6.695951121725193626e-04
2.267000000000000000e+03 5.467201439991099419e-04
2.268699999999998454e+03 4.717720549987549760e-04
2.270399999999998727e+03 4.105520916199224325e-04
2.272000000000000000e+03 3.673712783712435536e-04
2.273699999999998454e+03 3.220107954703422810e-04
2.275399999999998727e+03 2.858275057307097509e-04
2.277000000000000000e+03 2.464659711409180275e-04
2.278699999999998454e+03 2.170150715182120966e-04
2.280399999999998727e+03 1.871337239554237114e-04
2.282000000000000000e+03 1.662696219943428616e-04
2.283699999999998454e+03 1.446108517189579885e-04
2.285399999999998727e+03 1.316931324209671505e-04
2.287000000000000000e+03 1.164536521553102415e-04
2.288699999999998454e+03 1.074328156694558171e-04
2.290399999999998727e+03 9.423319560316310590e-05
2.292000000000000000e+03 8.650960543477861312e-05
2.293699999999998454e+03 7.414194889709442441e-05
2.295399999999998727e+03 6.710734735232083594e-05
2.297000000000000000e+03 5.609517669139398277e-05
2.298699999999998454e+03 5.084269164833371112e-05
2.300399999999998727e+03 4.193271474074231737e-05
2.302100000000001273e+03 3.901648394382273982e-05
2.303699999999998454e+03 3.344702084693842667e-05
2.305399999999998727e+03 3.261872704127541454e-05
2.307100000000001273e+03 2.823217347607349917e-05
2.308699999999998454e+03 2.773388385729320545e-05
2.310399999999998727e+03 2.247886898131301432e-05
2.312100000000001273e+03 2.122405018278392870e-05
2.313699999999998454e+03 1.565477003356303937e-05
2.315399999999998727e+03 1.448602747698062447e-05
2.317100000000001273e+03 9.749640785285483812e-06
2.318699999999998454e+03 9.809886330864285366e-06
2.320399999999998727e+03 6.028582476725716372e-06
2.322100000000001273e+03 6.820415926335440633e-06
2.323699999999998454e+03 3.582457618111611626e-06
2.325399999999998727e+03 4.776677691094522111e-06
2.327100000000001273e+03 1.872746936773931556e-06
2.328699999999998454e+03 3.524583156837901072e-06
2.330399999999998727e+03 1.063593108873233855e-06
2.332100000000001273e+03 3.223508911721963832e-06
2.333699999999998454e+03 1.209235740312053978e-06
2.335399999999998727e+03 3.788526767360099569e-06
2.337100000000001273e+03 2.061126950407497580e-06
2.338800000000001546e+03 4.935202582222261482e-06
2.340399999999998727e+03 3.393925787727408888e-06
2.342100000000001273e+03 6.588612543707962189e-06
2.343800000000002001e+03 5.459213344165934906e-06
2.345399999999998727e+03 9.098191627502336909e-06
2.347100000000001273e+03 8.235705583645089504e-06
2.348800000000002001e+03 1.222029703521607986e-05
2.350399999999998727e+03 1.165592961454152651e-05
2.352100000000001273e+03 1.621020275732057569e-05
2.353800000000002001e+03 1.619273609587011984e-05
2.355399999999998727e+03 2.155412233168608888e-05
2.357100000000001273e+03 2.199313662786852170e-05
2.358800000000002001e+03 2.771838310822408738e-05
2.360399999999998727e+03 2.801275572820483378e-05
2.362100000000001273e+03 3.351833386338904253e-05
2.363800000000002001e+03 3.341449820624484298e-05
2.365399999999998727e+03 3.880171783382309374e-05
2.367100000000001273e+03 3.879074466307954423e-05
2.368800000000002001e+03 4.479240919392885690e-05
2.370399999999998727e+03 4.522607500651424798e-05
2.372100000000001273e+03 5.199956953098825574e-05
2.373800000000002001e+03 5.302658024729806904e-05
2.375500000000000000e+03 6.140229877715318427e-05
2.377100000000001273e+03 6.328802406769882388e-05
2.378800000000002001e+03 7.342187101139965725e-05
2.380500000000000000e+03 7.786111864454692418e-05
2.382100000000001273e+03 8.971512255915053589e-05
2.383800000000002001e+03 9.586984146102046369e-05
2.385500000000000000e+03 1.104131245593316141e-04
2.387100000000001273e+03 1.192408565644838557e-04
2.388800000000002001e+03 1.367579153450597775e-04
2.390500000000000000e+03 1.481444364220640519e-04
2.392100000000001273e+03 1.690944964739954641e-04
2.393800000000002001e+03 1.813301471123569375e-04
2.395500000000000000e+03 2.057586136335313618e-04
2.397100000000001273e+03 2.213641974794287957e-04
2.398800000000002001e+03 2.549360635802439207e-04
2.400500000000000000e+03 2.814587355209246578e-04
2.402100000000001273e+03 3.264254409357573408e-04
2.403800000000002001e+03 3.635060054547664525e-04
2.405500000000000000e+03 4.218105993133661885e-04
2.407100000000001273e+03 4.877902543410096150e-04
2.408800000000002001e+03 5.911598789839989316e-04
2.410500000000000000e+03 7.197133826908690916e-04
2.412199999999997999e+03 9.095810695785041091e-04
2.413800000000002001e+03 1.138921647140122510e-03
2.415500000000000000e+03 1.452689355335233089e-03
2.417199999999997999e+03 1.908581104513033767e-03
2.418800000000002001e+03 2.768565727168356087e-03
2.420500000000000000e+03 4.390911714486748357e-03
2.422199999999997999e+03 8.166209926453948942e-03
2.423800000000002001e+03 1.419282530077872057e-02
2.425500000000000000e+03 2.346137626683878624e-02
2.427199999999997999e+03 3.468802713555606265e-02
2.428800000000002001e+03 4.465684811104732310e-02
2.430500000000000000e+03 4.999108717346118641e-02
2.432199999999997999e+03 4.871724259145072261e-02
2.433800000000002001e+03 4.136078239521280564e-02
2.435500000000000000e+03 3.051136179000811868e-02
2.437199999999997999e+03 1.968481038649129780e-02
2.438800000000002001e+03 1.179822323331739843e-02
2.440500000000000000e+03 6.525448683310414860e-03
2.442199999999997999e+03 3.734207430144278941e-03
2.443800000000002001e+03 2.359760078564804645e-03
2.445500000000000000e+03 1.601596508045306615e-03
2.447199999999997999e+03 1.175088722862687807e-03
2.448899999999998727e+03 8.676239534858373606e-04
2.450500000000000000e+03 6.890164403190878091e-04
2.452199999999997999e+03 5.449909562669579509e-04
2.453899999999998727e+03 4.550482632844027949e-04
2.455500000000000000e+03 3.671159299152955890e-04
2.457199999999997999e+03 3.109188815959326290e-04
2.458899999999998727e+03 2.539811442513805004e-04
2.460500000000000000e+03 2.230297608135975559e-04
2.462199999999997999e+03 1.873612021523092801e-04
2.463899999999998727e+03 1.695538559402914847e-04
2.465500000000000000e+03 1.430376339058497337e-04
2.467199999999997999e+03 1.296004115509134715e-04
2.468899999999998727e+03 1.093340106198084795e-04
2.470500000000000000e+03 1.000754766437422772e-04
2.472199999999997999e+03 8.407903056229461725e-05
2.473899999999998727e+03 7.775132922116081220e-05
2.475500000000000000e+03 6.409132299916114298e-05
2.477199999999997999e+03 6.012125993164303889e-05
2.478899999999998727e+03 4.986345162112429375e-05
2.480500000000000000e+03 4.894737750709620495e-05
2.482199999999997999e+03 4.186071617482474172e-05
2.483899999999998727e+03 4.229050900911676030e-05
2.485500000000000000e+03 3.565148714584645632e-05
2.487199999999997999e+03 3.541362105960772105e-05
2.488899999999998727e+03 2.881988310147696466e-05
2.490600000000001273e+03 2.871305028179029525e-05
2.492199999999997999e+03 2.306590657289714957e-05
2.493899999999998727e+03 2.371359693476763584e-05
2.495600000000001273e+03 1.909504529973149112e-05
2.497199999999997999e+03 2.023535956731003081e-05
2.498899999999998727e+03 1.625756523994723165e-05
2.500600000000001273e+03 1.780380025111087647e-05
2.502199999999997999e+03 1.428177475580125781e-05
2.503899999999998727e+03 1.583366731650269387e-05
2.505600000000001273e+03 1.241061130670959291e-05
2.507199999999997999e+03 1.390564173796184953e-05
2.508899999999998727e+03 1.054310866731660578e-05
2.510600000000001273e+03 1.191279724951246105e-05
2.512199999999997999e+03 8.871352173637737386e-06
2.513899999999998727e+03 1.022729412540726792e-05
2.515600000000001273e+03 7.562433846413390159e-06
2.517199999999997999e+03 9.268088851698381780e-06
2.518899999999998727e+03 6.877808370169651494e-06
2.520600000000001273e+03 8.545573210850384644e-06
2.522199999999997999e+03 6.176142051239282794e-06
2.523899999999998727e+03 7.695932625325892915e-06
2.525600000000001273e+03 5.363619158845358388e-06
2.527300000000002001e+03 6.877980685007920785e-06
2.528899999999998727e+03 4.589611012843434532e-06
2.530600000000001273e+03 5.895391020375249524e-06
2.532300000000002001e+03 3.536834378882745278e-06
2.533899999999998727e+03 4.783250466857376175e-06
2.535600000000001273e+03 2.649982296932608031e-06
2.537300000000002001e+03 4.120260498980865665e-06
2.538899999999998727e+03 2.283606559209318157e-06
2.540600000000001273e+03 3.866989519751902024e-06
2.542300000000002001e+03 2.209808683654595373e-06
2.543899999999998727e+03 3.793583160646004382e-06
2.545600000000001273e+03 2.174150787568934844e-06
2.547300000000002001e+03 3.677922567303486600e-06
2.548899999999998727e+03 2.019192236433825158e-06
2.550600000000001273e+03 3.379748132201498252e-06
2.552300000000002001e+03 1.724134968425958830e-06
2.553899999999998727e+03 3.069926871134918577e-06
2.555600000000001273e+03 1.474595533660776151e-06
2.557300000000002001e+03 2.802900975968157522e-06
2.558899999999998727e+03 1.256578542989547774e-06
2.560600000000001273e+03 2.571670409275761740e-06
2.562300000000002001e+03 1.066065791101785350e-06
2.564000000000000000e+03 2.353681547692858647e-06
2.565600000000001273e+03 8.805787151189678538e-07
2.567300000000002001e+03 2.135994742835254266e-06
2.569000000000000000e+03 7.059031159663675662e-07
2.570600000000001273e+03 1.978390986379896500e-06
2.572300000000002001e+03 6.146757075727442902e-07
2.574000000000000000e+03 1.892586646061825297e-06
2.575600000000001273e+03 5.500819196222790935e-07
2.577300000000002001e+03 1.764515159794459984e-06
2.579000000000000000e+03 4.449653789301272061e-07
2.580600000000001273e+03 1.657682042602880677e-06
2.582300000000002001e+03 3.856674132342974371e-07
2.584000000000000000e+03 1.595610736969994816e-06
2.585600000000001273e+03 3.338397688101571916e-07
2.587300000000002001e+03 1.493387936448060561e-06
2.589000000000000000e+03 2.175448950201496397e-07
2.590600000000001273e+03 1.355417539881730556e-06
2.592300000000002001e+03 1.474112980712453090e-07
2.594000000000000000e+03 1.311756732226869561e-06
2.595600000000001273e+03 1.690304139184656062e-07
2.597300000000002001e+03 1.323105146496200703e-06
2.599000000000000000e+03 1.781328738487731370e-07
2.600699999999997999e+03 1.275289801315268468e-06
2.602300000000002001e+03 1.104141836767765330e-07
2.604000000000000000e+03 1.162974531574932258e-06
2.605699999999997999e+03 -2.186363512479532211e-09
2.607300000000002001e+03 1.031308472099894623e-06
2.609000000000000000e+03 -8.979313726916258221e-08
2.610699999999997999e+03 9.625363468263414362e-07
2.612300000000002001e+03 -1.212512161779321292e-07
2.614000000000000000e+03 9.149444879215422369e-07
2.615699999999997999e+03 -1.831615694284564302e-07
2.617300000000002001e+03 8.078738130670543128e-07
2.619000000000000000e+03 -2.780092257026501268e-07
2.620699999999997999e+03 7.280256398554261945e-07
2.622300000000002001e+03 -2.940050526764002987e-07
2.624000000000000000e+03 7.322750808496911318e-07
2.625699999999997999e+03 -2.502449081353210959e-07
2.627300000000002001e+03 7.709762140617442714e-07
2.629000000000000000e+03 -2.193699983321660657e-07
2.630699999999997999e+03 7.700586196976754900e-07
2.632300000000002001e+03 -2.261673902947644760e-07
2.634000000000000000e+03 7.246659765170495088e-07
2.635699999999997999e+03 -2.732643200473853528e-07
2.637399999999998272e+03 6.686898642618139903e-07
2.639000000000000000e+03 -3.034668985262990786e-07
2.640699999999997999e+03 6.378350360394310697e-07
2.642399999999998272e+03 -3.100211992348427180e-07
2.644000000000000000e+03 6.307889002296719571e-07
2.645699999999997999e+03 -3.021841168970827197e-07
2.647399999999998272e+03 6.254031898444527816e-07
2.649000000000000000e+03 -2.966308309266582495e-07
2.650699999999997999e+03 6.236566367512688717e-07
2.652399999999998272e+03 -2.807738197393991226e-07
2.654000000000000000e+03 6.337252140948877548e-07
2.655699999999997999e+03 -2.620003382637757465e-07
2.657399999999998272e+03 6.259260636319191956e-07
2.659000000000000000e+03 -2.807233331578142641e-07
2.660699999999997999e+03 5.763459765032062965e-07
2.662399999999998272e+03 -3.312660539174555876e-07
2.664000000000000000e+03 5.216844818765707323e-07
2.665699999999997999e+03 -3.624897882162403487e-07
2.667399999999998272e+03 5.004657778746961578e-07
2.669000000000000000e+03 -3.621139502756614594e-07
2.670699999999997999e+03 5.020401137112197380e-07
2.672399999999998272e+03 -3.487203689145536228e-07
2.674100000000001728e+03 5.010241945726039496e-07
2.675699999999997999e+03 -3.491945917256697454e-07
2.677399999999998272e+03 4.897213586490113845e-07
2.679100000000001728e+03 -3.552074483908692525e-07
2.680699999999997999e+03 4.723727471429991721e-07
2.682399999999998272e+03 -3.651209513051945853e-07
2.684100000000001728e+03 4.506299287582237226e-07
2.685699999999997999e+03 -3.809440171833261815e-07
2.687399999999998272e+03 4.227669585659468599e-07
2.689100000000001728e+03 -4.033508962561143775e-07
2.690699999999997999e+03 3.987083322865613434e-07
2.692399999999998272e+03 -4.093174462835783870e-07
2.694100000000001728e+03 4.021606684013887276e-07
2.695699999999997999e+03 -3.853607154325537897e-07
2.697399999999998272e+03 4.270061356411513379e-07
2.699100000000001728e+03 -3.545740753333249248e-07
2.700699999999997999e+03 4.380036378229675129e-07
2.702399999999998272e+03 -3.473323003011127012e-07
2.704100000000001728e+03 4.240187401845496226e-07
2.705699999999997999e+03 -3.673872543843909641e-07
2.707399999999998272e+03 3.921412686177937074e-07
2.709100000000001728e+03 -3.922643761455476684e-07
2.710800000000002001e+03 3.689565927335991042e-07
2.712399999999998272e+03 -3.949407302288608536e-07
2.714100000000001728e+03 3.723577877560608673e-07
2.715800000000002001e+03 -3.802918864418159173e-07
2.717399999999998272e+03 3.815201205475582048e-07
2.719100000000001728e+03 -3.712078718153291985e-07
2.720800000000002001e+03 3.748460889918793352e-07
2.722399999999998272e+03 -3.809338425157353569e-07
2.724100000000001728e+03 3.560861737397105330e-07
2.725800000000002001e+03 -3.931761394135701373e-07
2.727399999999998272e+03 3.470060088266337003e-07
2.729100000000001728e+03 -3.860126676711229315e-07
2.730800000000002001e+03 3.504654434083827750e-07
2.732399999999998272e+03 -3.798869227714957142e-07
2.734100000000001728e+03 3.456334878192837262e-07
2.735800000000002001e+03 -3.858723941106203348e-07
2.737399999999998272e+03 3.338760346575066608e-07
2.739100000000001728e+03 -3.866242484947184416e-07
2.740800000000002001e+03 3.361596227714120882e-07
2.742399999999998272e+03 -3.736751394546949000e-07
2.744100000000001728e+03 3.472389730138811872e-07
2.745800000000002001e+03 -3.598826932737228183e-07
2.747399999999998272e+03 3.471259211517579554e-07
