1.998448619960923224e+03 2.955418499641460154e-06
2.000116774067734241e+03 4.134340178039436384e-06
2.001784928174545257e+03 3.164605567412833402e-06
2.003453082281358775e+03 4.399922642998826946e-06
2.005121236388170018e+03 3.446948053894063727e-06
2.006789390494983991e+03 4.685916039031264568e-06
2.008457544601797508e+03 3.674473739621279884e-06
2.010125698708608525e+03 4.870971049290653368e-06
2.011793852815419541e+03 3.817873223611039687e-06
2.013462006922230557e+03 4.999281083489438322e-06
2.015130161029044075e+03 3.963874261680931463e-06
2.016798315135855319e+03 5.198793158757797234e-06
2.018466469242668609e+03 4.153577637837267092e-06
2.020134623349479853e+03 5.390911079371670837e-06
2.021802777456293825e+03 4.327562858954458349e-06
2.023470931563104841e+03 5.529546276619504548e-06
2.025139085669915630e+03 4.390390806901037472e-06
2.026807239776728920e+03 5.546884471011459815e-06
2.028475393883540619e+03 4.334290749587648965e-06
2.030143547990353909e+03 5.440206991057319221e-06
2.031811702097165153e+03 4.173716531870484209e-06
2.033479856203978443e+03 5.295879247773705497e-06
2.035148010310789232e+03 4.036623753552476928e-06
2.036816164417600248e+03 5.180315353061399174e-06
2.038484318524414221e+03 3.899409055410249199e-06
2.040152472631225464e+03 4.948865395131831468e-06
2.041820626738038754e+03 3.551726597590338387e-06
2.043488780844850453e+03 4.533114264211535389e-06
2.045156934951663516e+03 3.101461459140516762e-06
2.046825089058474532e+03 4.153931786872638807e-06
2.048493243165285548e+03 2.818941494103706249e-06
2.050161397272096565e+03 3.949538951165972289e-06
2.051829551378910764e+03 2.598505899925276020e-06
2.053497705485724055e+03 3.683093229925113551e-06
2.055165859592535526e+03 2.243481911338101161e-06
2.056834013699348816e+03 3.256877152884466956e-06
2.058502167806159832e+03 1.778506023738819547e-06
2.060170321912970849e+03 2.893018741641672549e-06
2.061838476019781865e+03 1.515990546996353824e-06
2.063506630126595155e+03 2.723331528521079693e-06
2.065174784233409355e+03 1.391146362492242554e-06
2.066842938340219916e+03 2.605383611647502502e-06
2.068511092447034116e+03 1.236726158525364321e-06
2.070179246553845132e+03 2.447194169258273866e-06
2.071847400660656149e+03 1.092381252633483746e-06
2.073515554767467165e+03 2.366903628341277810e-06
2.075183708874280455e+03 1.016229698396100192e-06
2.076851862981091472e+03 2.345529670879473549e-06
2.078520017087905217e+03 9.911090790348754498e-07
2.080188171194719416e+03 2.309028124760809011e-06
2.081856325301530433e+03 9.295218019350372845e-07
2.083524479408340994e+03 2.271984467568392669e-06
2.085192633515151556e+03 8.831046994417087947e-07
2.086860787621965756e+03 2.256764452038096521e-06
2.088528941728776772e+03 8.826100686215742919e-07
2.090197095835590517e+03 2.274423255439862895e-06
2.091865249942401533e+03 8.804768441618584076e-07
2.093533404049215278e+03 2.313466451712251284e-06
2.095201558156025840e+03 9.628930104955360604e-07
2.096869712262836856e+03 2.483282253823321431e-06
2.098537866369647872e+03 1.191219711299376337e-06
2.100206020476462072e+03 2.824712944343893450e-06
2.101874174583275817e+03 1.568340548762804629e-06
2.103542328690086833e+03 3.211433759373666502e-06
2.105210482796900124e+03 1.919457708069492179e-06
2.106878636903711140e+03 3.525771712702322942e-06
2.108546791010522156e+03 2.138267045685065554e-06
2.110214945117333173e+03 3.680833520974019726e-06
2.111883099224147372e+03 2.229688143270226264e-06
2.113551253330957934e+03 3.741898682261796072e-06
2.115219407437771679e+03 2.270895220469146308e-06
2.116887561544585424e+03 3.871771105335377228e-06
2.118555715651396440e+03 2.495724341867120950e-06
2.120223869758207456e+03 4.221791362246438066e-06
2.121892023865018473e+03 2.870931875080851854e-06
2.123560177971831763e+03 4.589035886797065172e-06
2.125228332078642779e+03 3.145786470468866472e-06
2.126896486185456979e+03 4.866361541451241390e-06
2.128564640292270724e+03 3.486011677228834912e-06
2.130232794399081740e+03 5.333526946554061159e-06
2.131900948505892757e+03 4.065516905925799488e-06
2.133569102612703773e+03 6.018489575064146694e-06
2.135237256719517063e+03 4.712722500069941720e-06
2.136905410826328080e+03 6.541694630334244901e-06
2.138573564933141824e+03 5.023862704809017795e-06
2.140241719039952841e+03 6.801594894216258236e-06
2.141909873146767040e+03 5.227247176659373365e-06
2.143578027253577602e+03 7.209052811756231190e-06
2.145246181360388164e+03 5.944405440636617719e-06
2.146914335467202363e+03 8.175667398418897633e-06
2.148582489574012925e+03 6.940530229555635133e-06
2.150250643680827125e+03 9.168322997931606060e-06
2.151918797787638141e+03 7.824928068423042131e-06
2.153586951894451431e+03 9.910642971116770004e-06
2.155255106001262448e+03 8.459448157530503453e-06
2.156923260108073464e+03 1.050569914007433043e-05
2.158591414214884480e+03 8.866902030711920738e-06
2.160259568321698225e+03 1.099010166728601448e-05
2.161927722428512425e+03 9.487299567667337882e-06
2.163595876535323441e+03 1.203017383811606871e-05
2.165264030642136731e+03 1.110096174419271972e-05
2.166932184748947748e+03 1.428432231365882786e-05
2.168600338855758764e+03 1.365891723928547145e-05
2.170268492962569781e+03 1.695475555091256257e-05
2.171936647069383071e+03 1.636827332943598879e-05
2.173604801176197270e+03 1.949564576688654063e-05
2.175272955283008287e+03 1.863685607279239945e-05
2.176941109389822032e+03 2.179128701733874782e-05
2.178609263496633048e+03 2.064298594761770081e-05
2.180277417603444064e+03 2.356178279810378350e-05
2.181945571710255081e+03 2.242197252210023265e-05
2.183613725817068371e+03 2.556694093743204071e-05
2.185281879923878932e+03 2.452940609245076871e-05
2.186950034030693587e+03 2.803218533788080029e-05
2.188618188137504603e+03 2.755510865765548766e-05
2.190286342244318348e+03 3.168641897893069312e-05
2.191954496351128910e+03 3.185554271773443350e-05
2.193622650457939926e+03 3.688717145679599373e-05
2.195290804564753216e+03 3.767454793051238282e-05
2.196958958671564233e+03 4.358315453575556999e-05
2.198627112778378887e+03 4.493026613790508119e-05
2.200295266885189903e+03 5.090085683948883014e-05
2.201963420992003194e+03 5.187958020214583833e-05
2.203631575098813755e+03 5.681155438514297155e-05
2.205299729205624772e+03 5.661945476611961989e-05
2.206967883312435788e+03 6.143785263287858173e-05
2.208636037419249533e+03 6.215469762613921769e-05
2.210304191526064187e+03 6.789693926388421451e-05
2.211972345632874749e+03 6.883818961910684125e-05
2.213640499739688039e+03 7.499441503858495536e-05
2.215308653846499055e+03 7.613949895616326229e-05
2.216976807953310072e+03 8.375969888545574231e-05
2.218644962060121088e+03 8.753739353321023607e-05
2.220313116166934378e+03 9.817110441718159919e-05
2.221981270273745849e+03 1.039012258285832709e-04
2.223649424380560049e+03 1.140091190960564613e-04
2.225317578487373339e+03 1.184099901946933950e-04
2.226985732594184356e+03 1.266771249917696812e-04
2.228653886700995372e+03 1.301055251869220159e-04
2.230322040807806388e+03 1.389270841467892068e-04
2.231990194914619678e+03 1.434014844570017278e-04
2.233658349021430240e+03 1.531233036312959050e-04
2.235326503128244894e+03 1.568792463102338330e-04
2.236994657235058639e+03 1.672419100229459357e-04
2.238662811341869656e+03 1.735473255325574503e-04
2.240330965448680672e+03 1.892719946741614205e-04
2.241999119555491234e+03 2.018479911651413700e-04
2.243667273662304524e+03 2.231873477369694170e-04
2.245335427769115540e+03 2.413436988024038918e-04
2.247003581875930195e+03 2.660317202677951287e-04
2.248671735982741211e+03 2.870151147270609158e-04
2.250339890089554501e+03 3.165419929995039031e-04
2.252008044196365518e+03 3.378578902741776759e-04
2.253676198303176534e+03 3.660430842210679776e-04
2.255344352409989824e+03 3.878484647515976027e-04
2.257012506516800840e+03 4.142540034247743207e-04
2.258680660623615495e+03 4.349408638258002034e-04
2.260348814730426511e+03 4.642392070377330117e-04
2.262016968837239801e+03 4.930331975063000863e-04
2.263685122944050363e+03 5.383451309446945100e-04
2.265353277050861379e+03 5.894815154282653791e-04
2.267021431157672396e+03 6.614179306032298656e-04
2.268689585264485686e+03 7.327768508769169718e-04
2.270357739371300795e+03 8.132206133736938737e-04
2.272025893478111811e+03 8.766316255668320625e-04
2.273694047584924647e+03 9.415758896974064018e-04
2.275362201691735663e+03 9.852032576037946660e-04
2.277030355798546680e+03 1.037357169230065544e-03
2.278698509905357696e+03 1.085079914193100422e-03
2.280366664012170531e+03 1.164169410499329895e-03
2.282034818118986095e+03 1.255135068050198394e-03
2.283702972225796657e+03 1.398556213966694640e-03
2.285371126332609947e+03 1.568139347167324046e-03
2.287039280439420963e+03 1.770370577897706311e-03
2.288707434546231980e+03 1.981874769077723603e-03
2.290375588653042996e+03 2.212367658206835196e-03
2.292043742759855832e+03 2.442330572454257109e-03
2.293711896866666848e+03 2.739887566917183648e-03
2.295380050973481957e+03 3.116846009531268943e-03
2.297048205080295247e+03 3.593821086658809984e-03
2.298716359187106264e+03 4.177015312666736320e-03
2.300384513293917280e+03 4.911864340242753403e-03
2.302052667400727842e+03 5.701177702400909986e-03
2.303720821507541132e+03 6.649708520303047876e-03
2.305388975614352148e+03 7.687374037242540072e-03
2.307057129721166802e+03 8.931332129071800283e-03
2.308725283827977819e+03 1.040227952917406433e-02
2.310393437934791109e+03 1.217971911760272821e-02
2.312061592041602125e+03 1.423095991761482403e-02
2.313729746148412687e+03 1.662317372082302083e-02
2.315397900255223703e+03 1.916596974995311842e-02
2.317066054362036994e+03 2.199245510132483150e-02
2.318734208468852103e+03 2.459786323706772415e-02
2.320402362575663119e+03 2.730907713295170972e-02
2.322070516682475954e+03 2.967560155283783044e-02
2.323738670789286971e+03 3.156500866072287775e-02
2.325406824896097987e+03 3.272559739369425985e-02
2.327074979002909004e+03 3.284365574191502185e-02
2.328743133109722294e+03 3.176162009237823436e-02
2.330411287216532855e+03 2.960561311884890925e-02
2.332079441323348419e+03 2.675576154200771939e-02
2.333747595430161255e+03 2.373719818209579779e-02
2.335415749536972271e+03 2.054778396203861546e-02
2.337083903643783287e+03 1.764302666406861869e-02
2.338752057750594304e+03 1.484895701046350103e-02
2.340420211857407139e+03 1.225165993149042801e-02
2.342088365964217701e+03 9.963313621769961589e-03
2.343756520071033265e+03 8.030193079825139260e-03
2.345424674177846555e+03 6.513113075350641587e-03
2.347092828284657571e+03 5.303485592601160127e-03
2.348760982391468588e+03 4.420468037653943645e-03
2.350429136498279149e+03 3.703456377942594691e-03
2.352097290605092439e+03 3.186745852456562746e-03
2.353765444711903001e+03 2.779578477884124196e-03
2.355433598818718565e+03 2.487064703258061362e-03
2.357101752925529127e+03 2.248588302990430637e-03
2.358769907032342417e+03 2.050499181614769562e-03
2.360438061139153433e+03 1.846671107297886104e-03
2.362106215245964449e+03 1.643877223418270831e-03
2.363774369352777740e+03 1.444748427647842308e-03
2.365442523459588301e+03 1.263876369397552409e-03
2.367110677566403865e+03 1.105626593256360448e-03
2.368778831673214427e+03 9.970536884316622862e-04
2.370446985780027717e+03 9.006366321524205939e-04
2.372115139886838278e+03 8.311636421968301080e-04
2.373783293993649295e+03 7.522144545100445823e-04
2.375451448100459857e+03 6.913996495835183619e-04
2.377119602207273601e+03 6.247294201329787284e-04
2.378787756314089165e+03 5.789975321537923179e-04
2.380455910420899727e+03 5.321048944261221828e-04
2.382124064527713017e+03 5.028598529478986489e-04
2.383792218634523579e+03 4.646502271962021642e-04
2.385460372741334595e+03 4.399129443651904705e-04
2.387128526848145157e+03 4.037201397249285035e-04
2.388796680954958447e+03 3.826104467832832463e-04
2.390464835061774011e+03 3.502487632304507889e-04
2.392132989168585027e+03 3.300807416184362692e-04
2.393801143275398317e+03 3.034780021267073223e-04
2.395469297382208879e+03 2.857195224730763928e-04
2.397137451489019895e+03 2.599804564385036799e-04
2.398805605595830457e+03 2.454586815319525031e-04
2.400473759702643747e+03 2.249204160118165833e-04
2.402141913809454309e+03 2.144527397346246964e-04
2.403810067916269873e+03 1.978052468669479257e-04
2.405478222023080434e+03 1.892813487751495956e-04
2.407146376129894179e+03 1.718871050060934093e-04
2.408814530236705195e+03 1.598523086196763237e-04
2.410482684343515757e+03 1.433269350006905222e-04
2.412150838450329047e+03 1.339163043509198562e-04
2.413818992557139609e+03 1.204828356722482138e-04
2.415487146663955173e+03 1.157218869376599524e-04
2.417155300770765734e+03 1.061570166645408209e-04
2.418823454877579024e+03 1.026238767451608972e-04
2.420491608984390041e+03 9.446014531838900908e-05
2.422159763091200603e+03 9.245372362847469104e-05
2.423827917198011619e+03 8.534117964776435146e-05
2.425496071304824909e+03 8.406921532596529413e-05
2.427164225411640473e+03 7.760899138622259265e-05
2.428832379518451489e+03 7.621327704969634595e-05
2.430500533625264325e+03 6.984916434377123223e-05
2.432168687732074886e+03 6.791733622916207324e-05
2.433836841838885903e+03 6.135810123167820946e-05
2.435504995945696464e+03 5.921307279014776021e-05
2.437173150052510209e+03 5.301186709303054627e-05
2.438841304159320771e+03 5.173513238369112534e-05
2.440509458266136335e+03 4.628408764092260146e-05
2.442177612372949625e+03 4.541000485491008079e-05
2.443845766479760186e+03 4.018646911768595885e-05
2.445513920586571203e+03 3.955679486651376048e-05
2.447182074693381765e+03 3.505055699788325299e-05
2.448850228800195055e+03 3.473599715057344131e-05
2.450518382907006071e+03 3.057134364996368558e-05
2.452186537013821180e+03 3.044181662738673061e-05
2.453854691120634470e+03 2.640066476096718752e-05
2.455522845227445487e+03 2.648222486840326085e-05
2.457190999334256503e+03 2.288939123618046349e-05
2.458859153441067065e+03 2.310739505114132658e-05
2.460527307547879900e+03 1.990199203402589454e-05
2.462195461654690916e+03 2.050447829951019938e-05
2.463863615761506480e+03 1.778494501599072456e-05
2.465531769868317497e+03 1.850768935061371896e-05
2.467199923975130787e+03 1.586106629281920852e-05
2.468868078081941349e+03 1.663948831071365643e-05
2.470536232188752365e+03 1.396542895823887468e-05
2.472204386295565200e+03 1.471114891732566379e-05
2.473872540402376217e+03 1.221549231493888271e-05
2.475540694509191781e+03 1.290696574532479138e-05
2.477208848616002797e+03 1.044443277392235926e-05
2.478877002722815632e+03 1.111311694323645486e-05
2.480545156829626649e+03 8.846604688017041659e-06
2.482213310936437210e+03 9.770649639319455365e-06
2.483881465043248227e+03 7.875246345992224859e-06
2.485549619150061517e+03 9.254514702987953230e-06
2.487217773256877081e+03 7.675691767141996116e-06
2.488885927363688097e+03 9.024859133774552834e-06
2.490554081470500932e+03 7.328431097324616529e-06
2.492222235577311494e+03 8.340924916702276934e-06
2.493890389684122511e+03 6.497279424030728170e-06
2.495558543790933072e+03 7.465929131681266762e-06
2.497226697897746817e+03 5.811520744989060932e-06
2.498894852004561926e+03 6.963012403638492873e-06
2.500563006111372943e+03 5.472224080724056460e-06
2.502231160218185778e+03 6.623713285853073579e-06
2.503899314324996794e+03 5.012900491772879537e-06
2.505567468431807811e+03 5.867029518746420295e-06
2.507235622538618372e+03 4.136502985333591477e-06
2.508903776645431662e+03 4.910242250333834918e-06
2.510571930752242224e+03 3.324734568594902308e-06
2.512240084859057788e+03 4.274731365607883443e-06
2.513908238965871078e+03 2.885824298126643512e-06
2.515576393072682094e+03 3.964820690060339257e-06
2.517244547179493111e+03 2.650406148450399106e-06
2.518912701286303673e+03 3.762155563474390555e-06
2.520580855393116508e+03 2.546090111379382122e-06
2.522249009499927524e+03 3.650013475709960634e-06
2.523917163606743088e+03 2.464933932971856546e-06
2.525585317713554105e+03 3.511025320999084974e-06
2.527253471820367395e+03 2.288112841381349957e-06
2.528921625927177956e+03 3.227239427023294860e-06
2.530589780033988973e+03 1.972657600015635500e-06
2.532257934140799080e+03 2.917822729138433570e-06
2.533926088247612824e+03 1.714644452875265147e-06
2.535594242354428388e+03 2.678718310447710281e-06
2.537262396461239405e+03 1.519096150053971670e-06
2.538930550568052240e+03 2.480927991430299341e-06
2.540598704674862802e+03 1.387687961237633739e-06
2.542266858781673818e+03 2.406339655423405200e-06
2.543935012888484380e+03 1.416497589857310369e-06
2.545603166995298125e+03 2.449877751242402101e-06
2.547271321102113689e+03 1.421607969746453794e-06
2.548939475208924705e+03 2.338501924359290968e-06
2.550607629315737540e+03 1.245141011785863569e-06
2.552275783422548102e+03 2.100134919529533396e-06
2.553943937529359118e+03 1.025923560177276493e-06
2.555612091636169680e+03 1.883967857381922772e-06
2.557280245742982515e+03 8.545087422636456580e-07
2.558948399849793987e+03 1.715920465427194683e-06
2.560616553956609096e+03 7.422815811633509040e-07
2.562284708063422840e+03 1.640881397049004031e-06
2.563952862170233402e+03 7.442822050799116786e-07
2.565621016277044419e+03 1.648363936069523414e-06
2.567289170383854980e+03 7.496697842418441848e-07
2.568957324490667816e+03 1.608322390941570327e-06
2.570625478597478832e+03 6.940948736270111480e-07
2.572293632704294396e+03 1.516578571727469690e-06
2.573961786811105412e+03 6.342059470893416217e-07
2.575629940917918702e+03 1.473432271424872373e-06
2.577298095024729719e+03 6.263644168268819639e-07
2.578966249131539826e+03 1.445051417491732475e-06
2.580634403238353116e+03 6.173589099677352781e-07
2.582302557345164132e+03 1.430837724093348082e-06
2.583970711451979696e+03 6.226417661042903718e-07
2.585638865558790712e+03 1.452496826707739852e-06
2.587307019665603548e+03 6.808106830971511940e-07
2.588975173772414109e+03 1.482983333688018210e-06
2.590643327879225126e+03 6.930901436113133233e-07
2.592311481986035687e+03 1.442577328678067754e-06
2.593979636092849432e+03 6.268634165052073420e-07
2.595647790199664996e+03 1.335818713979251187e-06
2.597315944306476013e+03 5.288272347802561814e-07
2.598984098413288848e+03 1.231268620182621214e-06
2.600652252520099410e+03 4.387190609847179727e-07
2.602320406626910426e+03 1.137873413172848458e-06
2.603988560733720988e+03 3.571267296213353691e-07
2.605656714840534733e+03 1.054352239396026321e-06
2.607324868947350296e+03 3.084551179625075386e-07
2.608993023054160403e+03 1.019793592452129679e-06
2.610661177160974148e+03 3.206017877333169437e-07
2.612329331267784710e+03 1.047799518943639911e-06
2.613997485374595726e+03 3.723610743030905821e-07
2.615665639481406288e+03 1.081204067334641280e-06
2.617333793588219123e+03 4.027840115526291257e-07
2.619001947695030140e+03 1.075268934151533629e-06
2.620670101801845703e+03 3.836930654917251427e-07
2.622338255908659448e+03 1.043387167909358023e-06
2.624006410015470010e+03 3.674394093580647954e-07
2.625674564122281026e+03 1.023344461065466581e-06
2.627342718229091588e+03 3.618697123121049178e-07
2.629010872335903969e+03 1.001664269625349137e-06
2.630679026442715440e+03 3.283094098282746415e-07
2.632347180549531458e+03 9.310994695239062352e-07
2.634015334656342475e+03 2.590054608131960819e-07
2.635683488763155310e+03 8.567479565267941312e-07
2.637351642869965417e+03 2.221902088456002107e-07
2.639019796976776433e+03 8.473778443475078886e-07
2.640687951083589269e+03 2.554415332124734158e-07
2.642356105190400285e+03 8.846668578179889558e-07
2.644024259297216304e+03 2.909455436357658572e-07
2.645692413404027320e+03 8.900732042319223369e-07
2.647360567510840156e+03 2.797739303322919105e-07
