1.998448619960923224e+03 2.955291486119430090e-06
2.000116774067734241e+03 4.134162498598318099e-06
2.001784928174545257e+03 3.164469563764280121e-06
2.003453082281358775e+03 4.399733549754802105e-06
2.005121236388170018e+03 3.446799916155657432e-06
2.006789390494983991e+03 4.685714654794098354e-06
2.008457544601797508e+03 3.674315823626867092e-06
2.010125698708608525e+03 4.870761712038162266e-06
2.011793852815419541e+03 3.817709144809727945e-06
2.013462006922230557e+03 4.999066231921678708e-06
2.015130161029044075e+03 3.963703908267050898e-06
2.016798315135855319e+03 5.198569732860760364e-06
2.018466469242668609e+03 4.153399131637595831e-06
2.020134623349479853e+03 5.390679396920192155e-06
2.021802777456293825e+03 4.327376875480175707e-06
2.023470931563104841e+03 5.529308636113461050e-06
2.025139085669915630e+03 4.390202123301898731e-06
2.026807239776728920e+03 5.546646085370629178e-06
2.028475393883540619e+03 4.334104476972223010e-06
2.030143547990353909e+03 5.439973190040444081e-06
2.031811702097165153e+03 4.173537160171777491e-06
2.033479856203978443e+03 5.295651649457057511e-06
2.035148010310789232e+03 4.036450273620577578e-06
2.036816164417600248e+03 5.180092721275648161e-06
2.038484318524414221e+03 3.899241472484844584e-06
2.040152472631225464e+03 4.948652710253542719e-06
2.041820626738038754e+03 3.551573956837597829e-06
2.043488780844850453e+03 4.532919446858753200e-06
2.045156934951663516e+03 3.101328169204280915e-06
2.046825089058474532e+03 4.153753265452884085e-06
2.048493243165285548e+03 2.818820345884729320e-06
2.050161397272096565e+03 3.949369213833460790e-06
2.051829551378910764e+03 2.598394225255036633e-06
2.053497705485724055e+03 3.682934943495237449e-06
2.055165859592535526e+03 2.243385494353770602e-06
2.056834013699348816e+03 3.256737183726779233e-06
2.058502167806159832e+03 1.778429589787399778e-06
2.060170321912970849e+03 2.892894409842395672e-06
2.061838476019781865e+03 1.515925395039444068e-06
2.063506630126595155e+03 2.723214489283105485e-06
2.065174784233409355e+03 1.391086575900535798e-06
2.066842938340219916e+03 2.605271641397334902e-06
2.068511092447034116e+03 1.236673008372450209e-06
2.070179246553845132e+03 2.447088997435546504e-06
2.071847400660656149e+03 1.092334305918386090e-06
2.073515554767467165e+03 2.366801907124407726e-06
2.075183708874280455e+03 1.016186024407729075e-06
2.076851862981091472e+03 2.345428868240334298e-06
2.078520017087905217e+03 9.910664846426228245e-07
2.080188171194719416e+03 2.308928890830105430e-06
2.081856325301530433e+03 9.294818543479586839e-07
2.083524479408340994e+03 2.271886825644157724e-06
2.085192633515151556e+03 8.830667466989039650e-07
2.086860787621965756e+03 2.256667464216750288e-06
2.088528941728776772e+03 8.825721371362672367e-07
2.090197095835590517e+03 2.274325508705078452e-06
2.091865249942401533e+03 8.804390043550572604e-07
2.093533404049215278e+03 2.313367027037821381e-06
2.095201558156025840e+03 9.628516287309511040e-07
2.096869712262836856e+03 2.483175531061285871e-06
2.098537866369647872e+03 1.191168516853966185e-06
2.100206020476462072e+03 2.824591548088226389e-06
2.101874174583275817e+03 1.568273146986418019e-06
2.103542328690086833e+03 3.211295743213655993e-06
2.105210482796900124e+03 1.919375216509017762e-06
2.106878636903711140e+03 3.525620187399507144e-06
2.108546791010522156e+03 2.138175150466656691e-06
2.110214945117333173e+03 3.680675331658508988e-06
2.111883099224147372e+03 2.229592319093670399e-06
2.113551253330957934e+03 3.741737868579817599e-06
2.115219407437771679e+03 2.270797625356931735e-06
2.116887561544585424e+03 3.871604710192136565e-06
2.118555715651396440e+03 2.495617084387777202e-06
2.120223869758207456e+03 4.221609924460128153e-06
2.121892023865018473e+03 2.870808492497637784e-06
2.123560177971831763e+03 4.588838666129069484e-06
2.125228332078642779e+03 3.145651275599098118e-06
2.126896486185456979e+03 4.866152402299229654e-06
2.128564640292270724e+03 3.485861860672899575e-06
2.130232794399081740e+03 5.333297730271355749e-06
2.131900948505892757e+03 4.065342184267544237e-06
2.133569102612703773e+03 6.018230921489932404e-06
2.135237256719517063e+03 4.712519963785095231e-06
2.136905410826328080e+03 6.541413491241711525e-06
2.138573564933141824e+03 5.023646796809384437e-06
2.140241719039952841e+03 6.801302585521891683e-06
2.141909873146767040e+03 5.227022527908440478e-06
2.143578027253577602e+03 7.208742991949582273e-06
2.145246181360388164e+03 5.944149970938677018e-06
2.146914335467202363e+03 8.175316036907373496e-06
2.148582489574012925e+03 6.940231949907822614e-06
2.150250643680827125e+03 9.167928975563802599e-06
2.151918797787638141e+03 7.824591780457826231e-06
2.153586951894451431e+03 9.910217046439943620e-06
2.155255106001262448e+03 8.459084600117213344e-06
2.156923260108073464e+03 1.050524764197031027e-05
2.158591414214884480e+03 8.866520962360159425e-06
2.160259568321698225e+03 1.098962935126024669e-05
2.161927722428512425e+03 9.486891836805262570e-06
2.163595876535323441e+03 1.202965682343608217e-05
2.165264030642136731e+03 1.110048466378964881e-05
2.166932184748947748e+03 1.428370842358299149e-05
2.168600338855758764e+03 1.365833022692634521e-05
2.170268492962569781e+03 1.695402689498178673e-05
2.171936647069383071e+03 1.636756987845421464e-05
2.173604801176197270e+03 1.949480791240555853e-05
2.175272955283008287e+03 1.863605512608056917e-05
2.176941109389822032e+03 2.179035050424797039e-05
2.178609263496633048e+03 2.064209878447963997e-05
2.180277417603444064e+03 2.356077019531373359e-05
2.181945571710255081e+03 2.242100890435836465e-05
2.183613725817068371e+03 2.556584215997754402e-05
2.185281879923878932e+03 2.452835190460512594e-05
2.186950034030693587e+03 2.803098061286794638e-05
2.188618188137504603e+03 2.755392443572516901e-05
2.190286342244318348e+03 3.168505720777187103e-05
2.191954496351128910e+03 3.185417367823046528e-05
2.193622650457939926e+03 3.688558617553547563e-05
2.195290804564753216e+03 3.767292881057247470e-05
2.196958958671564233e+03 4.358128148462610301e-05
2.198627112778378887e+03 4.492833519264348538e-05
2.200295266885189903e+03 5.089866929917859938e-05
2.201963420992003194e+03 5.187735059973800787e-05
2.203631575098813755e+03 5.680911282378191057e-05
2.205299729205624772e+03 5.661702146052646794e-05
2.206967883312435788e+03 6.143521224944394261e-05
2.208636037419249533e+03 6.215202643522084436e-05
2.210304191526064187e+03 6.789402129155913007e-05
2.211972345632874749e+03 6.883523119514259390e-05
2.213640499739688039e+03 7.499119204164295116e-05
2.215308653846499055e+03 7.613622674753046471e-05
2.216976807953310072e+03 8.375609918735512261e-05
2.218644962060121088e+03 8.753363148304260481e-05
2.220313116166934378e+03 9.816688536741415699e-05
2.221981270273745849e+03 1.038967605182939259e-04
2.223649424380560049e+03 1.140042193839643520e-04
2.225317578487373339e+03 1.184049013485959670e-04
2.226985732594184356e+03 1.266716808532126971e-04
2.228653886700995372e+03 1.300999337077485447e-04
2.230322040807806388e+03 1.389211135479501700e-04
2.231990194914619678e+03 1.433953215641297263e-04
2.233658349021430240e+03 1.531167229287316509e-04
2.235326503128244894e+03 1.568725041904258310e-04
2.236994657235058639e+03 1.672347225521949611e-04
2.238662811341869656e+03 1.735398670771618672e-04
2.240330965448680672e+03 1.892638604276348558e-04
2.241999119555491234e+03 2.018393164463914600e-04
2.243667273662304524e+03 2.231777559275142909e-04
2.245335427769115540e+03 2.413333266966569384e-04
2.247003581875930195e+03 2.660202871574701157e-04
2.248671735982741211e+03 2.870027798240338125e-04
2.250339890089554501e+03 3.165283891348037010e-04
2.252008044196365518e+03 3.378433703269706381e-04
2.253676198303176534e+03 3.660273529730747569e-04
2.255344352409989824e+03 3.878317963848238034e-04
2.257012506516800840e+03 4.142362002405564048e-04
2.258680660623615495e+03 4.349221715928740998e-04
2.260348814730426511e+03 4.642192556647692847e-04
2.262016968837239801e+03 4.930120086686106719e-04
2.263685122944050363e+03 5.383219947590214913e-04
2.265353277050861379e+03 5.894561815801300847e-04
2.267021431157672396e+03 6.613895051802618462e-04
2.268689585264485686e+03 7.327453586978218032e-04
2.270357739371300795e+03 8.131856640038145120e-04
2.272025893478111811e+03 8.765939510140402513e-04
2.273694047584924647e+03 9.415354240679112835e-04
2.275362201691735663e+03 9.851609170230344464e-04
2.277030355798546680e+03 1.037312587257095253e-03
2.278698509905357696e+03 1.085033281263922096e-03
2.280366664012170531e+03 1.164119378580978767e-03
2.282034818118986095e+03 1.255081126746915819e-03
2.283702972225796657e+03 1.398496108925559051e-03
2.285371126332609947e+03 1.568071954037876786e-03
2.287039280439420963e+03 1.770294493579216508e-03
2.288707434546231980e+03 1.981789595050872585e-03
2.290375588653042996e+03 2.212272578403981765e-03
2.292043742759855832e+03 2.442225609651862538e-03
2.293711896866666848e+03 2.739769816158743425e-03
2.295380050973481957e+03 3.116712058421013468e-03
2.297048205080295247e+03 3.593666636832560345e-03
2.298716359187106264e+03 4.176835799198000583e-03
2.300384513293917280e+03 4.911653245540035552e-03
2.302052667400727842e+03 5.700932685778124093e-03
2.303720821507541132e+03 6.649422739152344684e-03
2.305388975614352148e+03 7.687043660867161517e-03
2.307057129721166802e+03 8.930948291740379436e-03
2.308725283827977819e+03 1.040183247568221385e-02
2.310393437934791109e+03 1.217919567599110887e-02
2.312061592041602125e+03 1.423034832086761924e-02
2.313729746148412687e+03 1.662245931511639740e-02
2.315397900255223703e+03 1.916514606379112265e-02
2.317066054362036994e+03 2.199150994273533014e-02
2.318734208468852103e+03 2.459680610717409135e-02
2.320402362575663119e+03 2.730790348459345707e-02
2.322070516682475954e+03 2.967432619955975848e-02
2.323738670789286971e+03 3.156365210735373461e-02
2.325406824896097987e+03 3.272419096229172569e-02
2.327074979002909004e+03 3.284224423677872817e-02
2.328743133109722294e+03 3.176025508933930097e-02
2.330411287216532855e+03 2.960434077342826917e-02
2.332079441323348419e+03 2.675461167321300376e-02
2.333747595430161255e+03 2.373617804056775069e-02
2.335415749536972271e+03 2.054690089034800701e-02
2.337083903643783287e+03 1.764226842865926695e-02
2.338752057750594304e+03 1.484831885436865145e-02
2.340420211857407139e+03 1.225113339811493424e-02
2.342088365964217701e+03 9.962885433493292794e-03
2.343756520071033265e+03 8.029847970289627837e-03
2.345424674177846555e+03 6.512833164593100424e-03
2.347092828284657571e+03 5.303257667390488816e-03
2.348760982391468588e+03 4.420278061440911961e-03
2.350429136498279149e+03 3.703297216376032902e-03
2.352097290605092439e+03 3.186608897296207017e-03
2.353765444711903001e+03 2.779459021349532134e-03
2.355433598818718565e+03 2.486957817939614620e-03
2.357101752925529127e+03 2.248491666551295527e-03
2.358769907032342417e+03 2.050411058351343969e-03
2.360438061139153433e+03 1.846591743850239725e-03
2.362106215245964449e+03 1.643806575340525699e-03
2.363774369352777740e+03 1.444686337427365710e-03
2.365442523459588301e+03 1.263822052423794638e-03
2.367110677566403865e+03 1.105579077302976066e-03
2.368778831673214427e+03 9.970108385609463726e-04
2.370446985780027717e+03 9.005979259486347668e-04
2.372115139886838278e+03 8.311279216985006978e-04
2.373783293993649295e+03 7.521821269709156633e-04
2.375451448100459857e+03 6.913699356514188109e-04
2.377119602207273601e+03 6.247025714535186028e-04
2.378787756314089165e+03 5.789726488704893207e-04
2.380455910420899727e+03 5.320820264239292533e-04
2.382124064527713017e+03 5.028382417950218565e-04
2.383792218634523579e+03 4.646302581590334860e-04
2.385460372741334595e+03 4.398940384496805326e-04
2.387128526848145157e+03 4.037027892492286128e-04
2.388796680954958447e+03 3.825940035281512309e-04
2.390464835061774011e+03 3.502337107669806779e-04
2.392132989168585027e+03 3.300665559058028431e-04
2.393801143275398317e+03 3.034649597065175778e-04
2.395469297382208879e+03 2.857072432500606181e-04
2.397137451489019895e+03 2.599692833902754159e-04
2.398805605595830457e+03 2.454481325786796956e-04
2.400473759702643747e+03 2.249107497211651273e-04
2.402141913809454309e+03 2.144435233079879869e-04
2.403810067916269873e+03 1.977967458911694687e-04
2.405478222023080434e+03 1.892732141266165592e-04
2.407146376129894179e+03 1.718797179011534264e-04
2.408814530236705195e+03 1.598454387280772359e-04
2.410482684343515757e+03 1.433207753116926713e-04
2.412150838450329047e+03 1.339105490978228716e-04
2.413818992557139609e+03 1.204776577425219116e-04
2.415487146663955173e+03 1.157169136168129282e-04
2.417155300770765734e+03 1.061524544082727246e-04
2.418823454877579024e+03 1.026194663308553070e-04
2.420491608984390041e+03 9.445608575262874423e-05
2.422159763091200603e+03 9.244975029168184689e-05
2.423827917198011619e+03 8.533751198316707033e-05
2.425496071304824909e+03 8.406560232593359816e-05
2.427164225411640473e+03 7.760565602395888356e-05
2.428832379518451489e+03 7.621000167033984145e-05
2.430500533625264325e+03 6.984616247165895142e-05
2.432168687732074886e+03 6.791441738024694204e-05
2.433836841838885903e+03 6.135546427567909757e-05
2.435504995945696464e+03 5.921052801994813576e-05
2.437173150052510209e+03 5.300958882890323903e-05
2.438841304159320771e+03 5.173290898914392966e-05
2.440509458266136335e+03 4.628209851316084675e-05
2.442177612372949625e+03 4.540805329216092971e-05
2.443845766479760186e+03 4.018474204418309850e-05
2.445513920586571203e+03 3.955509485420185504e-05
2.447182074693381765e+03 3.504905064787090297e-05
2.448850228800195055e+03 3.473450431924011961e-05
2.450518382907006071e+03 3.057002980083177879e-05
2.452186537013821180e+03 3.044050834487197803e-05
2.453854691120634470e+03 2.639953015298674970e-05
2.455522845227445487e+03 2.648108675525544814e-05
2.457190999334256503e+03 2.288840753042157094e-05
2.458859153441067065e+03 2.310640197634303896e-05
2.460527307547879900e+03 1.990113671620746856e-05
2.462195461654690916e+03 2.050359708894508644e-05
2.463863615761506480e+03 1.778418068142833655e-05
2.465531769868317497e+03 1.850689395503459620e-05
2.467199923975130787e+03 1.586038463981701715e-05
2.468868078081941349e+03 1.663877320386317500e-05
2.470536232188752365e+03 1.396482877308104727e-05
2.472204386295565200e+03 1.471051668373934507e-05
2.473872540402376217e+03 1.221496733592070251e-05
2.475540694509191781e+03 1.290641104920367030e-05
2.477208848616002797e+03 1.044398390883188709e-05
2.478877002722815632e+03 1.111263934044555807e-05
2.480545156829626649e+03 8.846224491973885565e-06
2.482213310936437210e+03 9.770229731065052583e-06
2.483881465043248227e+03 7.874907895523913733e-06
2.485549619150061517e+03 9.254116976402954544e-06
2.487217773256877081e+03 7.675361892829617595e-06
2.488885927363688097e+03 9.024471276980482293e-06
2.490554081470500932e+03 7.328116147057931551e-06
2.492222235577311494e+03 8.340566453002198465e-06
2.493890389684122511e+03 6.497000193747990201e-06
2.495558543790933072e+03 7.465608272231290477e-06
2.497226697897746817e+03 5.811270986209292683e-06
2.498894852004561926e+03 6.962713157785685348e-06
2.500563006111372943e+03 5.471988903724954704e-06
2.502231160218185778e+03 6.623428621886377136e-06
2.503899314324996794e+03 5.012685054890717487e-06
2.505567468431807811e+03 5.866777374394233458e-06
2.507235622538618372e+03 4.136325212942601217e-06
2.508903776645431662e+03 4.910031225342852339e-06
2.510571930752242224e+03 3.324591683163473875e-06
2.512240084859057788e+03 4.274547652645897315e-06
2.513908238965871078e+03 2.885700275519317598e-06
2.515576393072682094e+03 3.964650295972285542e-06
2.517244547179493111e+03 2.650292243289499960e-06
2.518912701286303673e+03 3.761993879222701553e-06
2.520580855393116508e+03 2.545980689355905029e-06
2.522249009499927524e+03 3.649856610931904727e-06
2.523917163606743088e+03 2.464827998756300280e-06
2.525585317713554105e+03 3.510874429444467003e-06
2.527253471820367395e+03 2.288014506316173099e-06
2.528921625927177956e+03 3.227100731591121626e-06
2.530589780033988973e+03 1.972572822110385182e-06
2.532257934140799080e+03 2.917697331350765436e-06
2.533926088247612824e+03 1.714570763470189043e-06
2.535594242354428388e+03 2.678603188529383510e-06
2.537262396461239405e+03 1.519030864629134279e-06
2.538930550568052240e+03 2.480821369846204488e-06
2.540598704674862802e+03 1.387628323275883922e-06
2.542266858781673818e+03 2.406236239384399428e-06
2.543935012888484380e+03 1.416436713758762146e-06
2.545603166995298125e+03 2.449772464088732515e-06
2.547271321102113689e+03 1.421546874021700835e-06
2.548939475208924705e+03 2.338401423748049632e-06
2.550607629315737540e+03 1.245087499992068302e-06
2.552275783422548102e+03 2.100044663096171410e-06
2.553943937529359118e+03 1.025879469580723835e-06
2.555612091636169680e+03 1.883886891050762752e-06
2.557280245742982515e+03 8.544720184747901992e-07
2.558948399849793987e+03 1.715846721183574399e-06
2.560616553956609096e+03 7.422496805042824116e-07
2.562284708063422840e+03 1.640810877721369460e-06
2.563952862170233402e+03 7.442502184410436572e-07
2.565621016277044419e+03 1.648293095168604239e-06
2.567289170383854980e+03 7.496375660637186817e-07
2.568957324490667816e+03 1.608253270885829195e-06
2.570625478597478832e+03 6.940650438636346726e-07
2.572293632704294396e+03 1.516513394499319247e-06
2.573961786811105412e+03 6.341786911419885511e-07
2.575629940917918702e+03 1.473368948473388675e-06
2.577298095024729719e+03 6.263374978809982357e-07
2.578966249131539826e+03 1.444989314249815133e-06
2.580634403238353116e+03 6.173323780469526575e-07
2.582302557345164132e+03 1.430776231706123290e-06
2.583970711451979696e+03 6.226150071448788373e-07
2.585638865558790712e+03 1.452434403488246123e-06
2.587307019665603548e+03 6.807814242416941441e-07
2.588975173772414109e+03 1.482919600265375394e-06
2.590643327879225126e+03 6.930603570277092649e-07
2.592311481986035687e+03 1.442515331763810458e-06
2.593979636092849432e+03 6.268364761140675398e-07
2.595647790199664996e+03 1.335761305175835901e-06
2.597315944306476013e+03 5.288045076403796335e-07
2.598984098413288848e+03 1.231215704575564780e-06
2.600652252520099410e+03 4.387002063781286734e-07
2.602320406626910426e+03 1.137824511364238367e-06
2.603988560733720988e+03 3.571113815669918704e-07
2.605656714840534733e+03 1.054306927034544590e-06
2.607324868947350296e+03 3.084418616433346545e-07
2.608993023054160403e+03 1.019749765300091019e-06
2.610661177160974148e+03 3.205880093928774569e-07
2.612329331267784710e+03 1.047754488195101569e-06
2.613997485374595726e+03 3.723450715300417552e-07
2.615665639481406288e+03 1.081157600975767612e-06
2.617333793588219123e+03 4.027667013084349212e-07
2.619001947695030140e+03 1.075222722863868935e-06
2.620670101801845703e+03 3.836765757094379195e-07
2.622338255908659448e+03 1.043342326788192577e-06
2.624006410015470010e+03 3.674236181009142736e-07
2.625674564122281026e+03 1.023300481309548570e-06
2.627342718229091588e+03 3.618541604209997040e-07
2.629010872335903969e+03 1.001621221608023411e-06
2.630679026442715440e+03 3.282953002412692805e-07
2.632347180549531458e+03 9.310594541342078757e-07
2.634015334656342475e+03 2.589943296668603030e-07
2.635683488763155310e+03 8.567111365043627422e-07
2.637351642869965417e+03 2.221806598896775389e-07
2.639019796976776433e+03 8.473414270196356572e-07
2.640687951083589269e+03 2.554305552312466714e-07
2.642356105190400285e+03 8.846288379390957580e-07
2.644024259297216304e+03 2.909330398166889294e-07
2.645692413404027320e+03 8.900349520072211676e-07
2.647360567510840156e+03 2.797619066299742335e-07
2.649028721617650717e+03 8.477173234382404477e-07
2.650696875724461734e+03 2.304244696526518360e-07
2.652365029831272295e+03 7.842454931462222462e-07
2.654033183938085585e+03 1.821724548632469090e-07
2.655701338044901604e+03 7.474933362542440428e-07
2.657369492151712620e+03 1.786433266706876078e-07
2.659037646258525456e+03 7.581293149300240967e-07
2.660705800365336017e+03 2.116584697837648361e-07
2.662373954472147034e+03 7.798417116159643046e-07
2.664042108578957595e+03 2.282569772804030041e-07
2.665710262685770886e+03 7.732446908641254107e-07
2.667378416792581447e+03 2.211319344406805871e-07
2.669046570899397466e+03 7.564698266390958888e-07
2.670714725006210756e+03 2.090953842887144596e-07
2.672382879113021318e+03 7.324122161790303893e-07
2.674051033219832334e+03 1.852942916507896424e-07
2.675719187326642896e+03 6.957035038325260961e-07
2.677387341433455276e+03 1.564356900186617761e-07
2.679055495540266747e+03 6.710586828434962258e-07
2.680723649647082766e+03 1.558714408339377529e-07
2.682391803753896056e+03 6.788627520015334034e-07
2.684059957860706618e+03 1.806877405457902253e-07
2.685728111967517179e+03 6.940813376836251623e-07
2.687396266074328196e+03 1.918061749279116893e-07
2.689064420181140576e+03 6.805726682564214923e-07
2.690732574287952048e+03 1.759175459316245308e-07
2.692400728394767611e+03 6.603528535334749358e-07
2.694068882501579083e+03 1.725212980906833829e-07
2.695737036608391463e+03 6.677527934262610200e-07
2.697405190715202025e+03 1.970758112746370526e-07
2.699073344822013041e+03 6.839303826624536880e-07
2.700741498928823603e+03 2.062525818965503108e-07
2.702409653035636893e+03 6.680233259275392070e-07
2.704077807142452912e+03 1.840504944336020443e-07
2.705745961249263928e+03 6.372734534156875272e-07
2.707414115356076763e+03 1.701826805779228374e-07
2.709082269462887325e+03 6.317633081456277503e-07
2.710750423569698341e+03 1.796633841361625336e-07
2.712418577676508903e+03 6.305304467039152416e-07
2.714086731783321738e+03 1.744663924054482959e-07
2.715754885890138212e+03 6.136711747907676048e-07
2.717423039996949228e+03 1.634805398054266113e-07
2.719091194103762064e+03 6.073525961408458984e-07
2.720759348210572625e+03 1.754256741389337659e-07
2.722427502317383642e+03 6.172792075301319428e-07
2.724095656424194203e+03 1.877222848077670306e-07
2.725763810531007039e+03 6.153830637767613361e-07
2.727431964637818055e+03 1.843809346382395249e-07
2.729100118744634074e+03 6.025080269415456770e-07
2.730768272851447364e+03 1.779220125855170442e-07
2.732436426958257925e+03 5.954104644694884439e-07
2.734104581065068942e+03 1.766701906691735322e-07
2.735772735171879503e+03 5.907052493913608773e-07
2.737440889278691884e+03 1.788036660920597199e-07
2.739109043385502900e+03 5.865624747121873739e-07
2.740777197492319374e+03 1.838573426134686410e-07
2.742445351599132664e+03 5.867080645935912222e-07
2.744113505705942771e+03 1.866570919144062268e-07
2.745781659812753787e+03 5.811309212445216521e-07
2.747449813919564349e+03 1.802043003730005866e-07
