1.998399999999999636e+03 3.382968725222477860e-06
2.000100000000000364e+03 3.164134259692469964e-06
2.001800000000001546e+03 3.704110542367997858e-06
2.003500000000000000e+03 3.466005594420840382e-06
2.005100000000000364e+03 3.979520128188178464e-06
2.006800000000001546e+03 3.708190436062596960e-06
2.008500000000000000e+03 4.175199934041582790e-06
2.010100000000000364e+03 3.909669774899394687e-06
2.011800000000001546e+03 4.404318780157805053e-06
2.013500000000000000e+03 4.194302021824752847e-06
2.015100000000000364e+03 4.803610635967837407e-06
2.016800000000001546e+03 4.641924992607436550e-06
2.018500000000000000e+03 5.250905580245816910e-06
2.020100000000000364e+03 4.998941756866600221e-06
2.021800000000001546e+03 5.403190138978737897e-06
2.023500000000000000e+03 4.927140569851692376e-06
2.025100000000000364e+03 5.155207177702498091e-06
2.026800000000001546e+03 4.601290581252779117e-06
2.028500000000000000e+03 4.881067132543042501e-06
2.030100000000000364e+03 4.471680314345845515e-06
2.031800000000001546e+03 4.922895959174763407e-06
2.033500000000000000e+03 4.626106821022638358e-06
2.035100000000000364e+03 5.095193497287099659e-06
2.036800000000001546e+03 4.700917675657342480e-06
2.038500000000000000e+03 4.990364495653397999e-06
2.040199999999998454e+03 4.432523688836273802e-06
2.041800000000001546e+03 4.631331206388443315e-06
2.043500000000000000e+03 4.004749554623677070e-06
2.045199999999998454e+03 4.235944109731400444e-06
2.046800000000001546e+03 3.662549663134285141e-06
2.048500000000000000e+03 3.912420387441422285e-06
2.050199999999998454e+03 3.382958213439939578e-06
2.051800000000001546e+03 3.682755841421100661e-06
2.053500000000000000e+03 3.198543446204697165e-06
2.055199999999998454e+03 3.534651762628758005e-06
2.056800000000001546e+03 3.034296917671396053e-06
2.058500000000000000e+03 3.348821597154459332e-06
2.060199999999998454e+03 2.753446601045094480e-06
2.061800000000001546e+03 2.997442740597102236e-06
2.063500000000000000e+03 2.378389144591334846e-06
2.065199999999998454e+03 2.669412702523214720e-06
2.066800000000001546e+03 2.138327532853790422e-06
2.068500000000000000e+03 2.542635773236850822e-06
2.070199999999998454e+03 2.112439014708727878e-06
2.071800000000001546e+03 2.570497064405428230e-06
2.073500000000000000e+03 2.133370770993536439e-06
2.075199999999998454e+03 2.580801702992722146e-06
2.076899999999999636e+03 2.089062783145308321e-06
2.078500000000000000e+03 2.497382199021047415e-06
2.080199999999998454e+03 2.002399761198345434e-06
2.081899999999999636e+03 2.455329651034371864e-06
2.083500000000000000e+03 2.017813650215653470e-06
2.085199999999998454e+03 2.523222162742010145e-06
2.086899999999999636e+03 2.131888020760397602e-06
2.088500000000000000e+03 2.684627197453727567e-06
2.090199999999998454e+03 2.288224845161151179e-06
2.091899999999999636e+03 2.872398117739162525e-06
2.093500000000000000e+03 2.491192823184888954e-06
2.095199999999998454e+03 3.083630629973379813e-06
2.096899999999999636e+03 2.672419572889953252e-06
2.098500000000000000e+03 3.246959980452248347e-06
2.100199999999998454e+03 2.822338497657768365e-06
2.101899999999999636e+03 3.397921252987568542e-06
2.103500000000000000e+03 2.961269724086749089e-06
2.105199999999998454e+03 3.582967224791644136e-06
2.106899999999999636e+03 3.142114784195587749e-06
2.108500000000000000e+03 3.776879048934490386e-06
2.110199999999998454e+03 3.346434804178343097e-06
2.111899999999999636e+03 4.023526101040651039e-06
2.113600000000000364e+03 3.607249589676639302e-06
2.115199999999998454e+03 4.312372630530857173e-06
2.116899999999999181e+03 3.853161317566262682e-06
2.118600000000000819e+03 4.516501450906032017e-06
2.120199999999998454e+03 4.047221778903081955e-06
2.121899999999999181e+03 4.744097428291335729e-06
2.123600000000000819e+03 4.359073918649151599e-06
2.125199999999998454e+03 5.208739269449588818e-06
2.126899999999999181e+03 4.942892567262610250e-06
2.128600000000000819e+03 5.894481763340088044e-06
2.130199999999998454e+03 5.585640527894109860e-06
2.131899999999999181e+03 6.529391367458832910e-06
2.133600000000000819e+03 6.244144284311731190e-06
2.135199999999998454e+03 7.225124147582652050e-06
2.136899999999999181e+03 6.970917739928036943e-06
2.138600000000000819e+03 8.039019757429125541e-06
2.140199999999998454e+03 7.824697202189141222e-06
2.141899999999999181e+03 8.930115429357474391e-06
2.143600000000000819e+03 8.756037778289748935e-06
2.145199999999998454e+03 9.956712718799360740e-06
2.146899999999999181e+03 9.645041605493178183e-06
2.148600000000000819e+03 1.062710041343500477e-05
2.150300000000001546e+03 1.022908360445749547e-05
2.151899999999999181e+03 1.129128597970503620e-05
2.153600000000000819e+03 1.099383580648859080e-05
2.155300000000001546e+03 1.236297634287130805e-05
2.156899999999999181e+03 1.230121172926661097e-05
2.158600000000000819e+03 1.398497766096480758e-05
2.160300000000001546e+03 1.435687981597123495e-05
2.161899999999999181e+03 1.655322373166880363e-05
2.163600000000000819e+03 1.744459727388231396e-05
2.165300000000001546e+03 1.979783499123126877e-05
2.166899999999999181e+03 2.035534048101888497e-05
2.168600000000000819e+03 2.217091789399894681e-05
2.170300000000001546e+03 2.194850123676048549e-05
2.171899999999999181e+03 2.346707132585003930e-05
2.173600000000000819e+03 2.324293156072897940e-05
2.175300000000001546e+03 2.525158391862702894e-05
2.176899999999999181e+03 2.563332003758809203e-05
2.178600000000000819e+03 2.815299048395756900e-05
2.180300000000001546e+03 2.918321878453493764e-05
2.181899999999999181e+03 3.252450634864229132e-05
2.183600000000000819e+03 3.453616325077033336e-05
2.185300000000001546e+03 3.921252051458888599e-05
2.187000000000000000e+03 4.215180188629959348e-05
2.188600000000000819e+03 4.718866087945850852e-05
2.190300000000001546e+03 4.987976730999904871e-05
2.192000000000000000e+03 5.437637633135446869e-05
2.193600000000000819e+03 5.619585105396097361e-05
2.195300000000001546e+03 6.056648121999378732e-05
2.197000000000000000e+03 6.297894532352429941e-05
2.198600000000000819e+03 6.837186665819964572e-05
2.200300000000001546e+03 7.192138350649239617e-05
2.202000000000000000e+03 7.903762767056546150e-05
2.203600000000000819e+03 8.497165258089793994e-05
2.205300000000001546e+03 9.498467312037435083e-05
2.207000000000000000e+03 1.030292019057512927e-04
2.208600000000000819e+03 1.153643635420230931e-04
2.210300000000001546e+03 1.238431673366047236e-04
2.212000000000000000e+03 1.351449677488762529e-04
2.213600000000000819e+03 1.437237453676843552e-04
2.215300000000001546e+03 1.564547389227386603e-04
2.217000000000000000e+03 1.677967579450037204e-04
2.218600000000000819e+03 1.841947264764166945e-04
2.220300000000001546e+03 1.985817350633841587e-04
2.222000000000000000e+03 2.170754939187661615e-04
2.223600000000000819e+03 2.313019107355420215e-04
2.225300000000001546e+03 2.529068627742731478e-04
2.227000000000000000e+03 2.756863077593560613e-04
2.228699999999998454e+03 3.087246341606888806e-04
2.230300000000001546e+03 3.489893841072610960e-04
2.232000000000000000e+03 3.981853802800996837e-04
2.233699999999998454e+03 4.463519873282779959e-04
2.235300000000001546e+03 5.021613375107560973e-04
2.237000000000000000e+03 5.540449638647057789e-04
2.238699999999998454e+03 6.170357459853729109e-04
2.240300000000001546e+03 6.861629357472227983e-04
2.242000000000000000e+03 7.804315415299938573e-04
2.243699999999998454e+03 8.954080644635438674e-04
2.245300000000001546e+03 1.036139632404226366e-03
2.247000000000000000e+03 1.216995292629909683e-03
2.248699999999998454e+03 1.433509745919921228e-03
2.250300000000001546e+03 1.698656651948649357e-03
2.252000000000000000e+03 2.064881855489560450e-03
2.253699999999998454e+03 2.526539027636907474e-03
2.255300000000001546e+03 3.170821196179870408e-03
2.257000000000000000e+03 4.011507040777630498e-03
2.258699999999998454e+03 5.177095300084819454e-03
2.260300000000001546e+03 6.893188555347011179e-03
2.262000000000000000e+03 9.301443529147251574e-03
2.263699999999998454e+03 1.257044595201620325e-02
2.265399999999998727e+03 1.672810622605270733e-02
2.267000000000000000e+03 2.130862282787095163e-02
2.268699999999998454e+03 2.548694744080009372e-02
2.270399999999998727e+03 2.826486117265572529e-02
2.272000000000000000e+03 2.900122184506235407e-02
2.273699999999998454e+03 2.744424429372118932e-02
2.275399999999998727e+03 2.409334124584526504e-02
2.277000000000000000e+03 1.992930912379456757e-02
2.278699999999998454e+03 1.575166762950650987e-02
2.280399999999998727e+03 1.212641294636101347e-02
2.282000000000000000e+03 9.279183283774156826e-03
2.283699999999998454e+03 7.161441884506508995e-03
2.285399999999998727e+03 5.604153985299962885e-03
2.287000000000000000e+03 4.436479269660582175e-03
2.288699999999998454e+03 3.570675270409420701e-03
2.290399999999998727e+03 2.918298734865051348e-03
2.292000000000000000e+03 2.415468058865112913e-03
2.293699999999998454e+03 2.043759650438780988e-03
2.295399999999998727e+03 1.740800655387876161e-03
2.297000000000000000e+03 1.525093872111864864e-03
2.298699999999998454e+03 1.332280396742706102e-03
2.300399999999998727e+03 1.189974122555261188e-03
2.302100000000001273e+03 1.058108786790867362e-03
2.303699999999998454e+03 9.510751375221564337e-04
2.305399999999998727e+03 8.561458205675249490e-04
2.307100000000001273e+03 7.922070935532845443e-04
2.308699999999998454e+03 7.292436656230294294e-04
2.310399999999998727e+03 6.885925119727125121e-04
2.312100000000001273e+03 6.355472894812384376e-04
2.313699999999998454e+03 5.926012988684308718e-04
2.315399999999998727e+03 5.359450876843975227e-04
2.317100000000001273e+03 4.958694909339588690e-04
2.318699999999998454e+03 4.537696546482500228e-04
2.320399999999998727e+03 4.260254388257418722e-04
2.322100000000001273e+03 3.931515025698032145e-04
2.323699999999998454e+03 3.711046434377395886e-04
2.325399999999998727e+03 3.367618254348667085e-04
2.327100000000001273e+03 3.091221679871203071e-04
2.328699999999998454e+03 2.724798313034841168e-04
2.330399999999998727e+03 2.477171927911340772e-04
2.332100000000001273e+03 2.184039830070509376e-04
2.333699999999998454e+03 2.022356836739318839e-04
2.335399999999998727e+03 1.810078602367067751e-04
2.337100000000001273e+03 1.693414305273747815e-04
2.338800000000001546e+03 1.482031191879463138e-04
2.340399999999998727e+03 1.347930880367980344e-04
2.342100000000001273e+03 1.144818390362407846e-04
2.343800000000002001e+03 1.049388011773498493e-04
2.345399999999998727e+03 9.089046632355880697e-05
2.347100000000001273e+03 8.758217280092018208e-05
2.348800000000002001e+03 7.739824598866722725e-05
2.350399999999998727e+03 7.512756257019730956e-05
2.352100000000001273e+03 6.521494574857498376e-05
2.353800000000002001e+03 6.231426794127745529e-05
2.355399999999998727e+03 5.306643744754732542e-05
2.357100000000001273e+03 5.190825395875129104e-05
2.358800000000002001e+03 4.436424796837910389e-05
2.360399999999998727e+03 4.469396280669107738e-05
2.362100000000001273e+03 3.796591261776357954e-05
2.363800000000002001e+03 3.833172176671835560e-05
2.365399999999998727e+03 3.147389314003020392e-05
2.367100000000001273e+03 3.168093992229209250e-05
2.368800000000002001e+03 2.535920416658399141e-05
2.370399999999998727e+03 2.606334057211815621e-05
2.372100000000001273e+03 2.038687936200304920e-05
2.373800000000002001e+03 2.159389405572864249e-05
2.375500000000000000e+03 1.583829325659682845e-05
2.377100000000001273e+03 1.708114971318138792e-05
2.378800000000002001e+03 1.136568647731640010e-05
2.380500000000000000e+03 1.311236161440271240e-05
2.382100000000001273e+03 7.920098136009035938e-06
2.383800000000002001e+03 1.021102471539565684e-05
2.385500000000000000e+03 5.567512258123044084e-06
2.387100000000001273e+03 8.233664962433753077e-06
2.388800000000002001e+03 3.740251817417356874e-06
2.390500000000000000e+03 6.624130206202726659e-06
2.392100000000001273e+03 2.196499089630259043e-06
2.393800000000002001e+03 5.203088553273258419e-06
2.395500000000000000e+03 8.342971836204505204e-07
2.397100000000001273e+03 4.148962672052342097e-06
2.398800000000002001e+03 -7.526168349304732120e-08
2.400500000000000000e+03 3.564539274995004397e-06
2.402100000000001273e+03 -5.653920650541019355e-07
2.403800000000002001e+03 3.342283032858109626e-06
2.405500000000000000e+03 -8.205411823223640245e-07
2.407100000000001273e+03 3.323163130989687786e-06
2.408800000000002001e+03 -8.730076914347220796e-07
2.410500000000000000e+03 3.516729803550173249e-06
2.412199999999997999e+03 -7.045994834164142349e-07
2.413800000000002001e+03 3.999352092905620152e-06
2.415500000000000000e+03 -1.659212439380131551e-07
2.417199999999997999e+03 5.021927168010924628e-06
2.418800000000002001e+03 9.071674218638784785e-07
2.420500000000000000e+03 6.619822142048577110e-06
2.422199999999997999e+03 2.586103380877182749e-06
2.423800000000002001e+03 8.814608665023556671e-06
2.425500000000000000e+03 4.685170966526938748e-06
2.427199999999997999e+03 1.126197871776429107e-05
2.428800000000002001e+03 6.786814115566941632e-06
2.430500000000000000e+03 1.367404561136082189e-05
2.432199999999997999e+03 8.914294578298699348e-06
2.433800000000002001e+03 1.693371845916832356e-05
2.435500000000000000e+03 1.254236212022791729e-05
2.437199999999997999e+03 2.218214150382710065e-05
2.438800000000002001e+03 1.852478951965313341e-05
2.440500000000000000e+03 2.966970143033172201e-05
2.442199999999997999e+03 2.591764667725587898e-05
2.443800000000002001e+03 3.840770664318308910e-05
2.445500000000000000e+03 3.517135552467157779e-05
2.447199999999997999e+03 5.110515388773659171e-05
2.448899999999998727e+03 5.137929222804392512e-05
2.450500000000000000e+03 7.460486639188800744e-05
2.452199999999997999e+03 8.013628001982066491e-05
2.453899999999998727e+03 1.121852130095851334e-04
2.455500000000000000e+03 1.243116277226322521e-04
2.457199999999997999e+03 1.784448868407897298e-04
2.458899999999998727e+03 2.236947654436343151e-04
2.460500000000000000e+03 3.564210700817599972e-04
2.462199999999997999e+03 5.312249439879243498e-04
2.463899999999998727e+03 9.737327932892099773e-04
2.465500000000000000e+03 2.007128708880753093e-03
2.467199999999997999e+03 5.452281694555891761e-03
2.468899999999998727e+03 1.065750676026866288e-02
2.470500000000000000e+03 1.972091347666424244e-02
2.472199999999997999e+03 3.056359191140038331e-02
2.473899999999998727e+03 3.914834858500407244e-02
2.475500000000000000e+03 4.233083638756189593e-02
2.477199999999997999e+03 3.890325327222483864e-02
2.478899999999998727e+03 3.014250109196858415e-02
2.480500000000000000e+03 1.932262615859382110e-02
2.482199999999997999e+03 1.021186930914999569e-02
2.483899999999998727e+03 5.217598052099314820e-03
2.485500000000000000e+03 2.025668489910100335e-03
2.487199999999997999e+03 1.015451031021918438e-03
2.488899999999998727e+03 7.479031543607958044e-04
2.490600000000001273e+03 5.173360731696716782e-04
2.492199999999997999e+03 4.013584289730554706e-04
2.493899999999998727e+03 2.836247970980900141e-04
2.495600000000001273e+03 2.316362266429046013e-04
2.497199999999997999e+03 1.677825861776782561e-04
2.498899999999998727e+03 1.478510840663772093e-04
2.500600000000001273e+03 1.095253916461198920e-04
2.502199999999997999e+03 1.002078983622795976e-04
2.503899999999998727e+03 7.409980468574003476e-05
2.505600000000001273e+03 7.045084578574910001e-05
2.507199999999997999e+03 5.189467992023675218e-05
2.508899999999998727e+03 5.128422566902094462e-05
2.510600000000001273e+03 3.727936837225765142e-05
2.512199999999997999e+03 3.924538676576011943e-05
2.513899999999998727e+03 2.810778393009340020e-05
2.515600000000001273e+03 3.149120106970315815e-05
2.517199999999997999e+03 2.244461888820766719e-05
2.518899999999998727e+03 2.629600312562973988e-05
2.520600000000001273e+03 1.843492027153083114e-05
2.522199999999997999e+03 2.184036178919151872e-05
2.523899999999998727e+03 1.430813782869179623e-05
2.525600000000001273e+03 1.731524022021098451e-05
2.527300000000002001e+03 1.078018556365945154e-05
2.528899999999998727e+03 1.441022078172266776e-05
2.530600000000001273e+03 8.893281907788646708e-06
2.532300000000002001e+03 1.253593417992874718e-05
2.533899999999998727e+03 7.303164946154133228e-06
2.535600000000001273e+03 1.047850788717687493e-05
2.537300000000002001e+03 5.578549108614791635e-06
2.538899999999998727e+03 8.795591525398987009e-06
2.540600000000001273e+03 4.472974382499157175e-06
2.542300000000002001e+03 7.866784553892787956e-06
2.543899999999998727e+03 3.920153172679360373e-06
2.545600000000001273e+03 7.194569016331181365e-06
2.547300000000002001e+03 3.486955998077865276e-06
2.548899999999998727e+03 6.543314620933861219e-06
2.550600000000001273e+03 2.876730995000157775e-06
2.552300000000002001e+03 5.621495217006675678e-06
2.553899999999998727e+03 1.933215404417458017e-06
2.555600000000001273e+03 4.487926347869158100e-06
2.557300000000002001e+03 1.082004865751193015e-06
2.558899999999998727e+03 3.697247702830520436e-06
2.560600000000001273e+03 6.265236161250433075e-07
2.562300000000002001e+03 3.269980666429848035e-06
2.564000000000000000e+03 4.132496362212054875e-07
2.565600000000001273e+03 3.041373452619978200e-06
2.567300000000002001e+03 3.038518782264265653e-07
2.569000000000000000e+03 2.890608285190759225e-06
2.570600000000001273e+03 2.671984114201034240e-07
2.572300000000002001e+03 2.683012681879259294e-06
2.574000000000000000e+03 5.365228529419484933e-08
2.575600000000001273e+03 2.297524209889606164e-06
2.577300000000002001e+03 -2.857818884866654020e-07
2.579000000000000000e+03 1.921968430165087165e-06
2.580600000000001273e+03 -4.871783079094473626e-07
2.582300000000002001e+03 1.783432735318247005e-06
2.584000000000000000e+03 -4.807112060674904224e-07
2.585600000000001273e+03 1.740228249078282957e-06
2.587300000000002001e+03 -4.556197578195823745e-07
2.589000000000000000e+03 1.664974129946394156e-06
2.590600000000001273e+03 -4.924281974508269803e-07
2.592300000000002001e+03 1.551245744270971336e-06
2.594000000000000000e+03 -5.674634662758986423e-07
2.595600000000001273e+03 1.398788165130860881e-06
2.597300000000002001e+03 -6.718086991881659049e-07
2.599000000000000000e+03 1.267372554045972818e-06
2.600699999999997999e+03 -7.190819519445189096e-07
2.602300000000002001e+03 1.201566675339141180e-06
2.604000000000000000e+03 -7.177712180519489795e-07
2.605699999999997999e+03 1.133884602451156539e-06
2.607300000000002001e+03 -7.568923626148619991e-07
2.609000000000000000e+03 1.057275679529251806e-06
2.610699999999997999e+03 -7.607147353041587956e-07
2.612300000000002001e+03 1.024909691950728019e-06
2.614000000000000000e+03 -7.501846970100771541e-07
2.615699999999997999e+03 9.854688920309435431e-07
2.617300000000002001e+03 -7.765118538791127399e-07
2.619000000000000000e+03 9.166254055630008606e-07
2.620699999999997999e+03 -7.940898804182206916e-07
2.622300000000002001e+03 8.764473999059384552e-07
2.624000000000000000e+03 -8.060263775489310951e-07
2.625699999999997999e+03 8.078939414682875306e-07
2.627300000000002001e+03 -8.570280447366632743e-07
2.629000000000000000e+03 7.125073472508994476e-07
2.630699999999997999e+03 -9.083240123906706718e-07
2.632300000000002001e+03 6.599348310811440180e-07
2.634000000000000000e+03 -9.006795614597676687e-07
2.635699999999997999e+03 6.568226956651863654e-07
2.637399999999998272e+03 -8.726515746203831444e-07
2.639000000000000000e+03 6.536938945099685369e-07
2.640699999999997999e+03 -8.600066186803821763e-07
2.642399999999998272e+03 6.341811405333874311e-07
2.644000000000000000e+03 -8.527474819967703501e-07
2.645699999999997999e+03 6.179406131818818892e-07
2.647399999999998272e+03 -8.446428976605170320e-07
2.649000000000000000e+03 5.953357079540709926e-07
2.650699999999997999e+03 -8.483724604378879187e-07
2.652399999999998272e+03 5.608285380840043507e-07
2.654000000000000000e+03 -8.569764781126922516e-07
2.655699999999997999e+03 5.336294921597534891e-07
2.657399999999998272e+03 -8.673004118571205266e-07
2.659000000000000000e+03 4.950243082842374747e-07
2.660699999999997999e+03 -8.948074206204674247e-07
2.662399999999998272e+03 4.468603512652705708e-07
2.664000000000000000e+03 -9.120699759043813684e-07
2.665699999999997999e+03 4.287812630918847918e-07
2.667399999999998272e+03 -8.869488473293093478e-07
2.669000000000000000e+03 4.441872962448203091e-07
2.670699999999997999e+03 -8.489140086295564207e-07
2.672399999999998272e+03 4.596705335821057779e-07
2.674100000000001728e+03 -8.213198433499336211e-07
2.675699999999997999e+03 4.544429092917098379e-07
2.677399999999998272e+03 -8.280638143549104936e-07
2.679100000000001728e+03 4.170471693033633079e-07
2.680699999999997999e+03 -8.542776324190650872e-07
2.682399999999998272e+03 3.727673600990800124e-07
2.684100000000001728e+03 -8.670017535650323072e-07
2.685699999999997999e+03 3.608464392511766670e-07
2.687399999999998272e+03 -8.579733690457937157e-07
2.689100000000001728e+03 3.565514191296992322e-07
2.690699999999997999e+03 -8.480087586510508868e-07
2.692399999999998272e+03 3.460758536582896321e-07
2.694100000000001728e+03 -8.497467066972164410e-07
2.695699999999997999e+03 3.292237290096354830e-07
2.697399999999998272e+03 -8.506531050217140049e-07
2.699100000000001728e+03 3.111737911575717795e-07
2.700699999999997999e+03 -8.500995728090569179e-07
2.702399999999998272e+03 3.025011288927686810e-07
2.704100000000001728e+03 -8.488714903831032171e-07
2.705699999999997999e+03 2.931783261281798527e-07
2.707399999999998272e+03 -8.457327074511898501e-07
2.709100000000001728e+03 2.826465211479572131e-07
2.710800000000002001e+03 -8.419898945277639124e-07
2.712399999999998272e+03 2.749181526253704560e-07
2.714100000000001728e+03 -8.342132954735349785e-07
2.715800000000002001e+03 2.691104663854374742e-07
2.717399999999998272e+03 -8.217913718808917649e-07
2.719100000000001728e+03 2.766389049264334077e-07
2.720800000000002001e+03 -8.007244346615484317e-07
2.722399999999998272e+03 2.914644344582969513e-07
2.724100000000001728e+03 -7.793105791737058549e-07
2.725800000000002001e+03 2.912464548333006029e-07
2.727399999999998272e+03 -7.774695155464599448e-07
2.729100000000001728e+03 2.757040335103012780e-07
2.730800000000002001e+03 -7.805291892174684943e-07
2.732399999999998272e+03 2.674203366441470593e-07
2.734100000000001728e+03 -7.731479038540875418e-07
2.735800000000002001e+03 2.660343713667510594e-07
2.737399999999998272e+03 -7.688437882434618041e-07
2.739100000000001728e+03 2.551548236644963716e-07
2.740800000000002001e+03 -7.745689201845150962e-07
2.742399999999998272e+03 2.387356548993948201e-07
2.744100000000001728e+03 -7.809590740116131417e-07
2.745800000000002001e+03 2.259570962644786201e-07
2.747399999999998272e+03 -7.786881462015606396e-07
