1.998399999999999636e+03 3.835130495977693821e-06
2.000100000000000364e+03 3.512221455537779124e-06
2.001800000000001546e+03 4.354568211744149551e-06
2.003500000000000000e+03 3.954287892436344050e-06
2.005100000000000364e+03 4.740401688247919502e-06
2.006800000000001546e+03 4.297273591280826940e-06
2.008500000000000000e+03 5.144932625538218863e-06
2.010100000000000364e+03 4.747205380568047061e-06
2.011800000000001546e+03 5.623334522999602733e-06
2.013500000000000000e+03 5.145732500652751829e-06
2.015100000000000364e+03 5.903559033519301127e-06
2.016800000000001546e+03 5.313386117688518524e-06
2.018500000000000000e+03 5.936759801165415195e-06
2.020100000000000364e+03 5.231630822081465319e-06
2.021800000000001546e+03 5.800530306710579559e-06
2.023500000000000000e+03 5.007520522808810192e-06
2.025100000000000364e+03 5.568483315011158665e-06
2.026800000000001546e+03 4.828102396659464487e-06
2.028500000000000000e+03 5.467045348163778997e-06
2.030100000000000364e+03 4.754704848463862548e-06
2.031800000000001546e+03 5.432663007094051837e-06
2.033500000000000000e+03 4.705358206770596793e-06
2.035100000000000364e+03 5.306210913873457201e-06
2.036800000000001546e+03 4.552683119559078921e-06
2.038500000000000000e+03 5.195240514417721118e-06
2.040199999999998454e+03 4.380483693304243074e-06
2.041800000000001546e+03 4.931360957398768346e-06
2.043500000000000000e+03 4.038337678997192020e-06
2.045199999999998454e+03 4.502037526471969528e-06
2.046800000000001546e+03 3.562821075370955867e-06
2.048500000000000000e+03 4.120849321300239381e-06
2.050199999999998454e+03 3.259523624845996203e-06
2.051800000000001546e+03 3.855839124928398550e-06
2.053500000000000000e+03 2.964090879927838382e-06
2.055199999999998454e+03 3.553265358615981255e-06
2.056800000000001546e+03 2.646142882655025271e-06
2.058500000000000000e+03 3.248085966940576296e-06
2.060199999999998454e+03 2.363892237762520700e-06
2.061800000000001546e+03 2.979723306202960190e-06
2.063500000000000000e+03 2.070376718855272189e-06
2.065199999999998454e+03 2.708210138732392014e-06
2.066800000000001546e+03 1.807424152221841947e-06
2.068500000000000000e+03 2.515230808166922689e-06
2.070199999999998454e+03 1.655766226487537743e-06
2.071800000000001546e+03 2.413649870191488231e-06
2.073500000000000000e+03 1.584334992134779780e-06
2.075199999999998454e+03 2.384650856159061608e-06
2.076899999999999636e+03 1.539938818725357152e-06
2.078500000000000000e+03 2.375472633631140446e-06
2.080199999999998454e+03 1.506677124228925622e-06
2.081899999999999636e+03 2.365184856838658696e-06
2.083500000000000000e+03 1.486551662899827532e-06
2.085199999999998454e+03 2.359769384743386769e-06
2.086899999999999636e+03 1.477267047991405294e-06
2.088500000000000000e+03 2.373653980084768689e-06
2.090199999999998454e+03 1.517209934325474624e-06
2.091899999999999636e+03 2.499584443742923032e-06
2.093500000000000000e+03 1.705484509032110007e-06
2.095199999999998454e+03 2.784694032901375773e-06
2.096899999999999636e+03 1.994107869949856983e-06
2.098500000000000000e+03 3.078431950658442436e-06
2.100199999999998454e+03 2.191527357919113894e-06
2.101899999999999636e+03 3.192735993128103950e-06
2.103500000000000000e+03 2.204373486789127000e-06
2.105199999999998454e+03 3.182845178696378001e-06
2.106899999999999636e+03 2.218085190874046787e-06
2.108500000000000000e+03 3.304892622836777950e-06
2.110199999999998454e+03 2.471076207778669051e-06
2.111899999999999636e+03 3.750726208284576950e-06
2.113600000000000364e+03 2.980577802044769125e-06
2.115199999999998454e+03 4.301596034387819373e-06
2.116899999999999181e+03 3.447103749879733862e-06
2.118600000000000819e+03 4.656291136532215184e-06
2.120199999999998454e+03 3.670371001349334799e-06
2.121899999999999181e+03 4.847439333895507601e-06
2.123600000000000819e+03 3.897510503418878164e-06
2.125199999999998454e+03 5.205684155934448649e-06
2.126899999999999181e+03 4.327621413886045948e-06
2.128600000000000819e+03 5.861273762035404716e-06
2.130199999999998454e+03 5.040526576778824890e-06
2.131899999999999181e+03 6.625493798172483097e-06
2.133600000000000819e+03 5.824807425165133150e-06
2.135199999999998454e+03 7.450452180057767470e-06
2.136899999999999181e+03 6.704649806878685487e-06
2.138600000000000819e+03 8.480418320956201636e-06
2.140199999999998454e+03 7.812497052438680114e-06
2.141899999999999181e+03 9.653201332439691762e-06
2.143600000000000819e+03 8.810251452157713962e-06
2.145199999999998454e+03 1.056556825197119213e-05
2.146899999999999181e+03 9.547921287365698347e-06
2.148600000000000819e+03 1.131546302735649176e-05
2.150300000000001546e+03 1.038789118494961318e-05
2.151899999999999181e+03 1.244720232979633580e-05
2.153600000000000819e+03 1.183271775736018398e-05
2.155300000000001546e+03 1.423129609049731466e-05
2.156899999999999181e+03 1.357279419712067414e-05
2.158600000000000819e+03 1.609797500025864894e-05
2.160300000000001546e+03 1.539722728909100261e-05
2.161899999999999181e+03 1.804521524633098667e-05
2.163600000000000819e+03 1.750988522734187662e-05
2.165300000000001546e+03 2.021009176406506403e-05
2.166899999999999181e+03 1.944244837627139499e-05
2.168600000000000819e+03 2.220236160935212705e-05
2.170300000000001546e+03 2.157428776216753266e-05
2.171899999999999181e+03 2.516415356787048496e-05
2.173600000000000819e+03 2.524848227910437431e-05
2.175300000000001546e+03 2.967372715715537327e-05
2.176899999999999181e+03 3.001525901975627940e-05
2.178600000000000819e+03 3.455498654908495967e-05
2.180300000000001546e+03 3.499748235211497992e-05
2.181899999999999181e+03 3.985370126131095546e-05
2.183600000000000819e+03 4.078052348355307443e-05
2.185300000000001546e+03 4.630721650923054277e-05
2.187000000000000000e+03 4.729119096291160617e-05
2.188600000000000819e+03 5.332203391578946338e-05
2.190300000000001546e+03 5.496928124916747104e-05
2.192000000000000000e+03 6.280675345937290419e-05
2.193600000000000819e+03 6.641973249959039107e-05
2.195300000000001546e+03 7.612248864046196957e-05
2.197000000000000000e+03 8.156952045612976315e-05
2.198600000000000819e+03 9.242636179196829071e-05
2.200300000000001546e+03 9.841809387868454885e-05
2.202000000000000000e+03 1.113273260199428672e-04
2.203600000000000819e+03 1.195011286731073320e-04
2.205300000000001546e+03 1.354609559209597736e-04
2.207000000000000000e+03 1.470475676865531781e-04
2.208600000000000819e+03 1.666615506943543981e-04
2.210300000000001546e+03 1.794874935028126282e-04
2.212000000000000000e+03 2.001539199377722598e-04
2.213600000000000819e+03 2.143459630317964338e-04
2.215300000000001546e+03 2.398710147278267134e-04
2.217000000000000000e+03 2.629709255362576176e-04
2.218600000000000819e+03 3.029254539436363196e-04
2.220300000000001546e+03 3.396933851908039105e-04
2.222000000000000000e+03 3.922452837006685849e-04
2.223600000000000819e+03 4.395099022780337913e-04
2.225300000000001546e+03 5.087837957683979647e-04
2.227000000000000000e+03 5.791510416379660499e-04
2.228699999999998454e+03 6.854791967007213722e-04
2.230300000000001546e+03 7.956815103698779926e-04
2.232000000000000000e+03 9.591671358045545867e-04
2.233699999999998454e+03 1.139419416506508775e-03
2.235300000000001546e+03 1.388035568635153207e-03
2.237000000000000000e+03 1.692159832738719498e-03
2.238699999999998454e+03 2.152967000129612889e-03
2.240300000000001546e+03 2.799872709369268312e-03
2.242000000000000000e+03 3.753021216663853573e-03
2.243699999999998454e+03 5.243887338148728663e-03
2.245300000000001546e+03 7.524092174430037708e-03
2.247000000000000000e+03 1.073888772976001708e-02
2.248699999999998454e+03 1.504493168293383198e-02
2.250300000000001546e+03 2.014929847419865555e-02
2.252000000000000000e+03 2.484122864893615473e-02
2.253699999999998454e+03 2.792977044669999603e-02
2.255300000000001546e+03 2.843837705658044598e-02
2.257000000000000000e+03 2.623833565641570456e-02
2.258699999999998454e+03 2.192834956786299944e-02
2.260300000000001546e+03 1.693687208078711176e-02
2.262000000000000000e+03 1.236025664217798789e-02
2.263699999999998454e+03 8.719453693533163463e-03
2.265399999999998727e+03 6.080021366611791829e-03
2.267000000000000000e+03 4.389460378607544164e-03
2.268699999999998454e+03 3.204541475871912175e-03
2.270399999999998727e+03 2.456009521588192225e-03
2.272000000000000000e+03 1.894109704179910069e-03
2.273699999999998454e+03 1.546090619618347914e-03
2.275399999999998727e+03 1.248547360843774590e-03
2.277000000000000000e+03 1.063471898526158069e-03
2.278699999999998454e+03 8.848721454522701091e-04
2.280399999999998727e+03 7.605550144420408776e-04
2.282000000000000000e+03 6.450648063976261804e-04
2.283699999999998454e+03 5.680790741908278317e-04
2.285399999999998727e+03 4.960769254986198244e-04
2.287000000000000000e+03 4.494723154606130038e-04
2.288699999999998454e+03 3.981759175398759615e-04
2.290399999999998727e+03 3.621757163492701661e-04
2.292000000000000000e+03 3.161018231587037447e-04
2.293699999999998454e+03 2.835505538468781708e-04
2.295399999999998727e+03 2.479095429569559673e-04
2.297000000000000000e+03 2.318273122438935165e-04
2.298699999999998454e+03 2.116740425291326879e-04
2.300399999999998727e+03 2.058567248701356246e-04
2.302100000000001273e+03 1.909125391621473058e-04
2.303699999999998454e+03 1.839570827147076696e-04
2.305399999999998727e+03 1.667006421893994902e-04
2.307100000000001273e+03 1.564187252404840875e-04
2.308699999999998454e+03 1.389498117030267608e-04
2.310399999999998727e+03 1.286124480864121397e-04
2.312100000000001273e+03 1.117927502395736888e-04
2.313699999999998454e+03 1.024044497326948825e-04
2.315399999999998727e+03 8.694389279871069095e-05
2.317100000000001273e+03 7.945442415030244752e-05
2.318699999999998454e+03 6.673425475211378793e-05
2.320399999999998727e+03 6.227041478408789363e-05
2.322100000000001273e+03 5.233424089440204567e-05
2.323699999999998454e+03 4.974988753969776300e-05
2.325399999999998727e+03 4.150588997568780759e-05
2.327100000000001273e+03 3.960642136048546374e-05
2.328699999999998454e+03 3.180750608012574543e-05
2.330399999999998727e+03 3.024416643533601665e-05
2.332100000000001273e+03 2.288486942555340516e-05
2.333699999999998454e+03 2.183528057009217709e-05
2.335399999999998727e+03 1.523679515311170083e-05
2.337100000000001273e+03 1.480838024371468148e-05
2.338800000000001546e+03 9.123113448009911581e-06
2.340399999999998727e+03 9.790267988982739926e-06
2.342100000000001273e+03 5.093238004032119494e-06
2.343800000000002001e+03 6.492192026442191802e-06
2.345399999999998727e+03 2.293514086827561989e-06
2.347100000000001273e+03 3.875730447993703502e-06
2.348800000000002001e+03 -2.222342438370514693e-08
2.350399999999998727e+03 1.919787267036291867e-06
2.352100000000001273e+03 -1.469277836878377742e-06
2.353800000000002001e+03 9.180397008503591967e-07
2.355399999999998727e+03 -2.094639372033739353e-06
2.357100000000001273e+03 6.382400192874468700e-07
2.358800000000002001e+03 -2.071882465810182610e-06
2.360399999999998727e+03 9.362988699158857805e-07
2.362100000000001273e+03 -1.502726160277775830e-06
2.363800000000002001e+03 1.811054506409691038e-06
2.365399999999998727e+03 -4.237032006332908301e-07
2.367100000000001273e+03 3.034966916740114103e-06
2.368800000000002001e+03 8.863789854685078967e-07
2.370399999999998727e+03 4.563056885998586380e-06
2.372100000000001273e+03 2.546793148029312039e-06
2.373800000000002001e+03 6.686255201693660964e-06
2.375500000000000000e+03 5.100668088404923676e-06
2.377100000000001273e+03 9.739462627842916098e-06
2.378800000000002001e+03 8.613583265986018097e-06
2.380500000000000000e+03 1.380330715162704562e-05
2.382100000000001273e+03 1.314409997498151825e-05
2.383800000000002001e+03 1.888318903606611297e-05
2.385500000000000000e+03 1.846189297314761331e-05
2.387100000000001273e+03 2.450289932666807770e-05
2.388800000000002001e+03 2.416564967734307801e-05
2.390500000000000000e+03 3.092420807234126868e-05
2.392100000000001273e+03 3.110231077356303333e-05
2.393800000000002001e+03 3.883796335095107493e-05
2.395500000000000000e+03 4.002288341789403099e-05
2.397100000000001273e+03 4.903827305262505981e-05
2.398800000000002001e+03 5.100218041423786768e-05
2.400500000000000000e+03 6.128453782159355310e-05
2.402100000000001273e+03 6.438938628337256744e-05
2.403800000000002001e+03 7.657353975041966590e-05
2.405500000000000000e+03 8.230000331609301390e-05
2.407100000000001273e+03 9.955302430575750747e-05
2.408800000000002001e+03 1.100600100199699205e-04
2.410500000000000000e+03 1.326265117515077342e-04
2.412199999999997999e+03 1.479634925077696807e-04
2.413800000000002001e+03 1.766491673486937631e-04
2.415500000000000000e+03 1.990274135209112833e-04
2.417199999999997999e+03 2.404958674397003312e-04
2.418800000000002001e+03 2.759551552669924968e-04
2.420500000000000000e+03 3.352985574930098596e-04
2.422199999999997999e+03 3.930111736628656856e-04
2.423800000000002001e+03 4.863412934362865516e-04
2.425500000000000000e+03 5.908363264426742898e-04
2.427199999999997999e+03 7.551565850485297956e-04
2.428800000000002001e+03 9.778537953341799073e-04
2.430500000000000000e+03 1.349331301883912671e-03
2.432199999999997999e+03 2.041451890701100665e-03
2.433800000000002001e+03 3.579048864339478501e-03
2.435500000000000000e+03 7.153195445642972390e-03
2.437199999999997999e+03 1.296467751539377017e-02
2.438800000000002001e+03 2.202983610802735151e-02
2.440500000000000000e+03 3.283007109630874110e-02
2.442199999999997999e+03 4.208195560918608080e-02
2.443800000000002001e+03 4.651375012364634270e-02
2.445500000000000000e+03 4.446352927133494920e-02
2.447199999999997999e+03 3.668805692253809814e-02
2.448899999999998727e+03 2.598043786134123304e-02
2.450500000000000000e+03 1.591821006968105814e-02
2.452199999999997999e+03 8.975951205901262428e-03
2.453899999999998727e+03 4.556359524614687039e-03
2.455500000000000000e+03 2.475904854700967678e-03
2.457199999999997999e+03 1.526881004623488556e-03
2.458899999999998727e+03 1.062865411184929715e-03
2.460500000000000000e+03 7.753724955855130323e-04
2.462199999999997999e+03 5.853115094077542945e-04
2.463899999999998727e+03 4.520250340682268058e-04
2.465500000000000000e+03 3.635252266803703971e-04
2.467199999999997999e+03 2.995327435772122049e-04
2.468899999999998727e+03 2.557636736805033069e-04
2.470500000000000000e+03 2.166709432820252139e-04
2.472199999999997999e+03 1.905369594093715214e-04
2.473899999999998727e+03 1.591014858069624005e-04
2.475500000000000000e+03 1.383155858285755300e-04
2.477199999999997999e+03 1.148693311005759125e-04
2.478899999999998727e+03 1.007845457811683227e-04
2.480500000000000000e+03 8.472675042174017087e-05
2.482199999999997999e+03 7.568860473777148056e-05
2.483899999999998727e+03 6.459505579723609492e-05
2.485500000000000000e+03 5.965374756135004178e-05
2.487199999999997999e+03 5.212176141443447075e-05
2.488899999999998727e+03 4.882161329220122261e-05
2.490600000000001273e+03 4.204044838392926686e-05
2.492199999999997999e+03 3.874497196700231970e-05
2.493899999999998727e+03 3.217545283689262036e-05
2.495600000000001273e+03 2.966961815205906389e-05
2.497199999999997999e+03 2.456684060081821931e-05
2.498899999999998727e+03 2.340447827979749571e-05
2.500600000000001273e+03 1.983341357197088432e-05
2.502199999999997999e+03 1.952546541391243350e-05
2.503899999999998727e+03 1.689350836524567076e-05
2.505600000000001273e+03 1.731825472798656347e-05
2.507199999999997999e+03 1.524692595594905796e-05
2.508899999999998727e+03 1.579765436320068763e-05
2.510600000000001273e+03 1.401495292978930543e-05
2.512199999999997999e+03 1.433482125471539871e-05
2.513899999999998727e+03 1.221935295230675623e-05
2.515600000000001273e+03 1.218574163988102779e-05
2.517199999999997999e+03 1.007028378299927505e-05
2.518899999999998727e+03 1.009856722993138450e-05
2.520600000000001273e+03 8.328090005833839557e-06
2.522199999999997999e+03 8.657349247499388309e-06
2.523899999999998727e+03 7.101800219455477117e-06
2.525600000000001273e+03 7.445177027284966536e-06
2.527300000000002001e+03 5.953859613763893915e-06
2.528899999999998727e+03 6.202528510952446822e-06
2.530600000000001273e+03 4.814951381292937226e-06
2.532300000000002001e+03 5.079583468994966611e-06
2.533899999999998727e+03 3.916241467505263255e-06
2.535600000000001273e+03 4.476036559754692971e-06
2.537300000000002001e+03 3.597676828416168139e-06
2.538899999999998727e+03 4.310749617761146312e-06
2.540600000000001273e+03 3.476871722854236781e-06
2.542300000000002001e+03 4.062116788362485158e-06
2.543899999999998727e+03 3.160082499944804872e-06
2.545600000000001273e+03 3.612431959789249969e-06
2.547300000000002001e+03 2.775925546675755360e-06
2.548899999999998727e+03 3.298052126365621776e-06
2.550600000000001273e+03 2.554393627080632368e-06
2.552300000000002001e+03 3.107981505402023722e-06
2.553899999999998727e+03 2.342580801335925164e-06
2.555600000000001273e+03 2.761954799991885346e-06
2.557300000000002001e+03 1.894373882226753197e-06
2.558899999999998727e+03 2.248976914974728552e-06
2.560600000000001273e+03 1.433211608962562170e-06
2.562300000000002001e+03 1.822062992218201298e-06
2.564000000000000000e+03 1.134618031439208800e-06
2.565600000000001273e+03 1.582969150561953666e-06
2.567300000000002001e+03 9.464537168685399489e-07
2.569000000000000000e+03 1.443113247288557744e-06
2.570600000000001273e+03 8.901725873954278524e-07
2.572300000000002001e+03 1.413302425016458371e-06
2.574000000000000000e+03 8.973804860330328245e-07
2.575600000000001273e+03 1.391391719657476141e-06
2.577300000000002001e+03 8.395434743098672188e-07
2.579000000000000000e+03 1.270654364494386887e-06
2.580600000000001273e+03 7.164146755935895842e-07
2.582300000000002001e+03 1.131994975305351574e-06
2.584000000000000000e+03 6.089324676749603641e-07
2.585600000000001273e+03 1.053475950998193554e-06
2.587300000000002001e+03 5.736337337403306957e-07
2.589000000000000000e+03 1.001053100343488962e-06
2.590600000000001273e+03 5.052434315733196981e-07
2.592300000000002001e+03 9.007071761420646800e-07
2.594000000000000000e+03 3.906938933505672963e-07
2.595600000000001273e+03 7.749749187820009966e-07
2.597300000000002001e+03 3.086363759882238324e-07
2.599000000000000000e+03 7.174910208440342873e-07
2.600699999999997999e+03 2.813486173758908556e-07
2.602300000000002001e+03 6.865680733495196066e-07
2.604000000000000000e+03 2.512477781220205121e-07
2.605699999999997999e+03 6.132995710687317985e-07
2.607300000000002001e+03 1.743401448236716770e-07
2.609000000000000000e+03 5.408984549920335360e-07
2.610699999999997999e+03 1.285204369003581004e-07
2.612300000000002001e+03 5.222000240327297089e-07
2.614000000000000000e+03 1.515646597914594082e-07
2.615699999999997999e+03 5.410411674073501393e-07
2.617300000000002001e+03 1.524840925310592114e-07
2.619000000000000000e+03 4.895048780982565058e-07
2.620699999999997999e+03 6.361791233006954172e-08
2.622300000000002001e+03 3.785788802165582198e-07
2.624000000000000000e+03 -7.771323243225923698e-09
2.625699999999997999e+03 3.553425954549468960e-07
2.627300000000002001e+03 2.540914515450877477e-08
2.629000000000000000e+03 3.954188158674993999e-07
2.630699999999997999e+03 4.344559812371995000e-08
2.632300000000002001e+03 3.638640110136703394e-07
2.634000000000000000e+03 -1.856622874905900752e-08
2.635699999999997999e+03 2.933389827116686827e-07
2.637399999999998272e+03 -5.944812590934355703e-08
2.639000000000000000e+03 2.817789213410392637e-07
2.640699999999997999e+03 -3.454144617104450761e-08
2.642399999999998272e+03 3.124291047596452245e-07
2.644000000000000000e+03 1.790518535874178869e-09
2.645699999999997999e+03 3.342395589317962674e-07
2.647399999999998272e+03 1.954045684703466585e-08
2.649000000000000000e+03 3.413941304058265757e-07
2.650699999999997999e+03 2.276736468607912611e-08
2.652399999999998272e+03 3.322707873179203630e-07
2.654000000000000000e+03 1.656469051985379587e-08
2.655699999999997999e+03 3.260904310062288739e-07
2.657399999999998272e+03 2.460662146829853797e-08
2.659000000000000000e+03 3.334634530502701366e-07
2.660699999999997999e+03 2.989891396014005983e-08
2.662399999999998272e+03 3.196227741965391758e-07
2.664000000000000000e+03 7.049178371488783064e-09
2.665699999999997999e+03 2.828205635112941983e-07
2.667399999999998272e+03 -2.196195399206133618e-08
2.669000000000000000e+03 2.595137795279757755e-07
2.670699999999997999e+03 -3.118241050166732585e-08
2.672399999999998272e+03 2.572426373989839935e-07
2.674100000000001728e+03 -2.575844292678899058e-08
2.675699999999997999e+03 2.644449413735820096e-07
2.677399999999998272e+03 -1.637590201228919643e-08
2.679100000000001728e+03 2.632747836496298943e-07
2.680699999999997999e+03 -2.003895102268233389e-08
2.682399999999998272e+03 2.490483317611585806e-07
2.684100000000001728e+03 -3.127562146805410447e-08
2.685699999999997999e+03 2.365548671629575820e-07
2.687399999999998272e+03 -3.730210837750811236e-08
2.689100000000001728e+03 2.268108722112964888e-07
2.690699999999997999e+03 -5.194900404181620222e-08
2.692399999999998272e+03 2.023764240716051623e-07
2.694100000000001728e+03 -7.892931166759686047e-08
2.695699999999997999e+03 1.760873289755614677e-07
2.697399999999998272e+03 -9.705019877348354359e-08
2.699100000000001728e+03 1.588454507436176708e-07
2.700699999999997999e+03 -1.072172860726580280e-07
2.702399999999998272e+03 1.516318927648205873e-07
2.704100000000001728e+03 -9.933434121767075258e-08
2.705699999999997999e+03 1.675356763653253778e-07
2.707399999999998272e+03 -7.136277249388115024e-08
2.709100000000001728e+03 1.929557553670175054e-07
2.710800000000002001e+03 -5.541778888949820183e-08
2.712399999999998272e+03 1.924660121498074000e-07
2.714100000000001728e+03 -6.479433413624387146e-08
2.715800000000002001e+03 1.734837086363115513e-07
2.717399999999998272e+03 -8.252955816030534937e-08
2.719100000000001728e+03 1.570923161987031525e-07
2.720800000000002001e+03 -9.108170361831041651e-08
2.722399999999998272e+03 1.470377689415178860e-07
2.724100000000001728e+03 -1.000900087927198919e-07
2.725800000000002001e+03 1.343369137429492434e-07
2.727399999999998272e+03 -1.150047012483251294e-07
2.729100000000001728e+03 1.178410595686639652e-07
2.730800000000002001e+03 -1.254640239910182467e-07
2.732399999999998272e+03 1.094679575560811011e-07
2.734100000000001728e+03 -1.243244493468675453e-07
2.735800000000002001e+03 1.122273229649350562e-07
2.737399999999998272e+03 -1.181496391895449003e-07
2.739100000000001728e+03 1.212584996391429476e-07
2.740800000000002001e+03 -1.034361023572680813e-07
2.742399999999998272e+03 1.390536674051098177e-07
2.744100000000001728e+03 -7.953237106501737176e-08
2.745800000000002001e+03 1.596876900693582150e-07
2.747399999999998272e+03 -6.913163382234390095e-08
