1.998399999999999636e+03 2.941392911172504323e-06
2.000100000000000364e+03 3.540351001457312287e-06
2.001800000000001546e+03 3.481553504978192766e-06
2.003500000000000000e+03 4.106761638448160237e-06
2.005100000000000364e+03 4.039651091770529122e-06
2.006800000000001546e+03 4.567862860691695873e-06
2.008500000000000000e+03 4.376507918625937519e-06
2.010100000000000364e+03 4.765559361753481569e-06
2.011800000000001546e+03 4.475611242198339427e-06
2.013500000000000000e+03 4.802373067568197950e-06
2.015100000000000364e+03 4.484043909726091580e-06
2.016800000000001546e+03 4.829807163081432636e-06
2.018500000000000000e+03 4.589642816936722255e-06
2.020100000000000364e+03 4.909185191285421841e-06
2.021800000000001546e+03 4.632970272700157535e-06
2.023500000000000000e+03 4.895446392997079229e-06
2.025100000000000364e+03 4.542438320568265090e-06
2.026800000000001546e+03 4.731663133315389266e-06
2.028500000000000000e+03 4.374080250509487257e-06
2.030100000000000364e+03 4.581128565994910742e-06
2.031800000000001546e+03 4.259524840626922908e-06
2.033500000000000000e+03 4.517609536136374451e-06
2.035100000000000364e+03 4.265806669665885886e-06
2.036800000000001546e+03 4.444034434762783988e-06
2.038500000000000000e+03 4.100278012304754634e-06
2.040199999999998454e+03 4.183292329821120361e-06
2.041800000000001546e+03 3.781895878219754049e-06
2.043500000000000000e+03 3.836350809143424689e-06
2.045199999999998454e+03 3.490673846519725530e-06
2.046800000000001546e+03 3.605286010608109402e-06
2.048500000000000000e+03 3.248411701700616194e-06
2.050199999999998454e+03 3.305672832645906333e-06
2.051800000000001546e+03 2.965866088789940880e-06
2.053500000000000000e+03 2.951410476527007081e-06
2.055199999999998454e+03 2.619513830430012428e-06
2.056800000000001546e+03 2.657754443779095197e-06
2.058500000000000000e+03 2.368035121048983337e-06
2.060199999999998454e+03 2.395044183624643829e-06
2.061800000000001546e+03 2.111283610532180699e-06
2.063500000000000000e+03 2.121829606341535743e-06
2.065199999999998454e+03 1.842249815413144224e-06
2.066800000000001546e+03 1.852741472733357260e-06
2.068500000000000000e+03 1.664212888906440495e-06
2.070199999999998454e+03 1.702335834452017185e-06
2.071800000000001546e+03 1.564707914596472704e-06
2.073500000000000000e+03 1.650255574211400889e-06
2.075199999999998454e+03 1.554478989168883777e-06
2.076899999999999636e+03 1.642950041336357334e-06
2.078500000000000000e+03 1.602101029147775598e-06
2.080199999999998454e+03 1.687545321517565626e-06
2.081899999999999636e+03 1.687567874260970090e-06
2.083500000000000000e+03 1.768553958477891067e-06
2.085199999999998454e+03 1.787863526564194990e-06
2.086899999999999636e+03 1.815838373292771446e-06
2.088500000000000000e+03 1.830859862646249505e-06
2.090199999999998454e+03 1.814496621284843707e-06
2.091899999999999636e+03 1.869117791658724055e-06
2.093500000000000000e+03 1.904789296377251626e-06
2.095199999999998454e+03 2.093163283418542731e-06
2.096899999999999636e+03 2.189730588835310405e-06
2.098500000000000000e+03 2.432949121335454930e-06
2.100199999999998454e+03 2.509111431051387268e-06
2.101899999999999636e+03 2.745041340693219823e-06
2.103500000000000000e+03 2.703507336602352198e-06
2.105199999999998454e+03 2.915031660258259191e-06
2.106899999999999636e+03 2.781316989512947545e-06
2.108500000000000000e+03 3.014914007050477889e-06
2.110199999999998454e+03 2.884523186873011144e-06
2.111899999999999636e+03 3.215351096300251800e-06
2.113600000000000364e+03 3.168547045838239589e-06
2.115199999999998454e+03 3.636681064122322753e-06
2.116899999999999181e+03 3.682560866833062654e-06
2.118600000000000819e+03 4.320997867440541623e-06
2.120199999999998454e+03 4.416458938089227193e-06
2.121899999999999181e+03 5.145810724404688067e-06
2.123600000000000819e+03 5.145025767845664835e-06
2.125199999999998454e+03 5.823023897904787631e-06
2.126899999999999181e+03 5.749863010206366096e-06
2.128600000000000819e+03 6.473667669264269078e-06
2.130199999999998454e+03 6.362627708370424451e-06
2.131899999999999181e+03 7.254639567201767511e-06
2.133600000000000819e+03 7.204117274693228668e-06
2.135199999999998454e+03 8.165947553289789506e-06
2.136899999999999181e+03 7.871999666851726813e-06
2.138600000000000819e+03 8.725194167545615036e-06
2.140199999999998454e+03 8.344700627784028694e-06
2.141899999999999181e+03 9.393514658096792526e-06
2.143600000000000819e+03 9.438507653637522789e-06
2.145199999999998454e+03 1.117910762289046726e-05
2.146899999999999181e+03 1.147265685553270172e-05
2.148600000000000819e+03 1.323267083175080674e-05
2.150300000000001546e+03 1.316631278989940686e-05
2.151899999999999181e+03 1.489871872689475026e-05
2.153600000000000819e+03 1.476163603853108279e-05
2.155300000000001546e+03 1.683944238702613329e-05
2.156899999999999181e+03 1.692904525391896614e-05
2.158600000000000819e+03 1.939966553940058685e-05
2.160300000000001546e+03 1.944158918224433963e-05
2.161899999999999181e+03 2.198909470638852316e-05
2.163600000000000819e+03 2.246991407977570911e-05
2.165300000000001546e+03 2.584285506796268439e-05
2.166899999999999181e+03 2.679604540569713864e-05
2.168600000000000819e+03 3.110106200562363010e-05
2.170300000000001546e+03 3.216109604091608423e-05
2.171899999999999181e+03 3.639757924309716956e-05
2.173600000000000819e+03 3.709329020700957231e-05
2.175300000000001546e+03 4.205346309466539685e-05
2.176899999999999181e+03 4.309117263848015597e-05
2.178600000000000819e+03 4.919906947132636385e-05
2.180300000000001546e+03 5.175329389667666620e-05
2.181899999999999181e+03 5.951970979238717569e-05
2.183600000000000819e+03 6.317745357496999063e-05
2.185300000000001546e+03 7.222421141784395721e-05
2.187000000000000000e+03 7.636666784331258703e-05
2.188600000000000819e+03 8.750219841968244852e-05
2.190300000000001546e+03 9.554927457949927714e-05
2.192000000000000000e+03 1.124226953232760907e-04
2.193600000000000819e+03 1.247842868747313437e-04
2.195300000000001546e+03 1.466853922192249760e-04
2.197000000000000000e+03 1.611473737401610462e-04
2.198600000000000819e+03 1.863958813764827365e-04
2.200300000000001546e+03 2.068393529657305667e-04
2.202000000000000000e+03 2.442687335393133974e-04
2.203600000000000819e+03 2.783352730302812153e-04
2.205300000000001546e+03 3.361773384279545009e-04
2.207000000000000000e+03 3.925502363855000692e-04
2.208600000000000819e+03 4.816792534897406395e-04
2.210300000000001546e+03 5.704215440208411717e-04
2.212000000000000000e+03 7.088669327124781606e-04
2.213600000000000819e+03 8.566161605421858134e-04
2.215300000000001546e+03 1.116342635227189411e-03
2.217000000000000000e+03 1.457653432136033931e-03
2.218600000000000819e+03 2.076673565061240654e-03
2.220300000000001546e+03 3.021241186780576713e-03
2.222000000000000000e+03 4.666437178638609823e-03
2.223600000000000819e+03 7.114336165447147052e-03
2.225300000000001546e+03 1.054285961577551729e-02
2.227000000000000000e+03 1.473093736529776723e-02
2.228699999999998454e+03 1.885577056244396379e-02
2.230300000000001546e+03 2.170776022120686141e-02
2.232000000000000000e+03 2.239609719482953815e-02
2.233699999999998454e+03 2.064956431018220157e-02
2.235300000000001546e+03 1.706171344709819099e-02
2.237000000000000000e+03 1.267341879878213472e-02
2.238699999999998454e+03 8.715811923568057493e-03
2.240300000000001546e+03 5.668571207659729543e-03
2.242000000000000000e+03 3.593216296964513948e-03
2.243699999999998454e+03 2.335492481025090196e-03
2.245300000000001546e+03 1.593120345091369496e-03
2.247000000000000000e+03 1.166298021392465347e-03
2.248699999999998454e+03 8.763439684981179888e-04
2.250300000000001546e+03 7.046076125115096093e-04
2.252000000000000000e+03 5.619660210282968402e-04
2.253699999999998454e+03 4.642504328426571517e-04
2.255300000000001546e+03 3.694008896698240110e-04
2.257000000000000000e+03 3.071628859087883155e-04
2.258699999999998454e+03 2.429688176272033100e-04
2.260300000000001546e+03 2.091288650951359017e-04
2.262000000000000000e+03 1.681670286452549416e-04
2.263699999999998454e+03 1.512909469804779171e-04
2.265399999999998727e+03 1.248774221369562405e-04
2.267000000000000000e+03 1.147592533835868346e-04
2.268699999999998454e+03 9.501770187664026503e-05
2.270399999999998727e+03 8.870557042673901844e-05
2.272000000000000000e+03 7.224883053744252082e-05
2.273699999999998454e+03 6.849488553041745197e-05
2.275399999999998727e+03 5.375729555989750675e-05
2.277000000000000000e+03 5.129715881880290361e-05
2.278699999999998454e+03 3.854923296058213977e-05
2.280399999999998727e+03 3.746074644475517204e-05
2.282000000000000000e+03 2.660855915215329997e-05
2.283699999999998454e+03 2.680252727605649443e-05
2.285399999999998727e+03 1.764373194477102190e-05
2.287000000000000000e+03 1.913426031419852478e-05
2.288699999999998454e+03 1.136148662757118255e-05
2.290399999999998727e+03 1.393789036527596893e-05
2.292000000000000000e+03 7.316386466055088252e-06
2.293699999999998454e+03 1.040879288308320224e-05
2.295399999999998727e+03 4.248732096614226830e-06
2.297000000000000000e+03 7.591362712292242581e-06
2.298699999999998454e+03 1.791665010937987828e-06
2.300399999999998727e+03 5.405234507973853538e-06
2.302100000000001273e+03 9.931653024595376847e-08
2.303699999999998454e+03 4.132148156765259104e-06
2.305399999999998727e+03 -6.088734871708700193e-07
2.307100000000001273e+03 3.893791208667462144e-06
2.308699999999998454e+03 -2.613537837782105203e-07
2.310399999999998727e+03 4.618314165034756231e-06
2.312100000000001273e+03 8.894677882867873098e-07
2.313699999999998454e+03 6.147509591430589801e-06
2.315399999999998727e+03 2.947151459047425926e-06
2.317100000000001273e+03 8.778288925864900091e-06
2.318699999999998454e+03 6.165172930336938401e-06
2.320399999999998727e+03 1.250933472485721343e-05
2.322100000000001273e+03 1.029278541254614479e-05
2.323699999999998454e+03 1.675811870791733742e-05
2.325399999999998727e+03 1.448213005107707626e-05
2.327100000000001273e+03 2.090355306422377515e-05
2.328699999999998454e+03 1.828901506524793210e-05
2.330399999999998727e+03 2.426359966516202388e-05
2.332100000000001273e+03 2.152918880981754605e-05
2.333699999999998454e+03 2.800520907834846943e-05
2.335399999999998727e+03 2.638860633247037577e-05
2.337100000000001273e+03 3.467848865771267142e-05
2.338800000000001546e+03 3.469753407111581976e-05
2.340399999999998727e+03 4.399628022455534900e-05
2.342100000000001273e+03 4.384755835290606756e-05
2.343800000000002001e+03 5.239615000896978222e-05
2.345399999999998727e+03 5.147184171341939133e-05
2.347100000000001273e+03 5.989572154199975461e-05
2.348800000000002001e+03 5.936500221073343921e-05
2.350399999999998727e+03 6.851626371483633769e-05
2.352100000000001273e+03 6.819581658799376395e-05
2.353800000000002001e+03 7.718291973942476480e-05
2.355399999999998727e+03 7.589953241509824161e-05
2.357100000000001273e+03 8.458134872679655338e-05
2.358800000000002001e+03 8.328580713874276403e-05
2.360399999999998727e+03 9.415625307186039467e-05
2.362100000000001273e+03 9.710882312266409669e-05
2.363800000000002001e+03 1.129493881573609545e-04
2.365399999999998727e+03 1.200593811790547885e-04
2.367100000000001273e+03 1.390301737600743649e-04
2.368800000000002001e+03 1.465575196777297630e-04
2.370399999999998727e+03 1.640965861173362473e-04
2.372100000000001273e+03 1.693785256943647788e-04
2.373800000000002001e+03 1.851014144493563600e-04
2.375500000000000000e+03 1.879375566434586487e-04
2.377100000000001273e+03 2.063137075476480632e-04
2.378800000000002001e+03 2.160623885000371189e-04
2.380500000000000000e+03 2.471635370839778286e-04
2.382100000000001273e+03 2.737405647763594329e-04
2.383800000000002001e+03 3.180813501139094957e-04
2.385500000000000000e+03 3.516177639102528491e-04
2.387100000000001273e+03 4.016316358476858142e-04
2.388800000000002001e+03 4.431163024067408880e-04
2.390500000000000000e+03 5.142865548021063578e-04
2.392100000000001273e+03 5.879244708637015220e-04
2.393800000000002001e+03 7.008760870504778450e-04
2.395500000000000000e+03 8.139085601199827448e-04
2.397100000000001273e+03 9.827391540476826479e-04
2.398800000000002001e+03 1.158801580301308410e-03
2.400500000000000000e+03 1.416262155125169600e-03
2.402100000000001273e+03 1.760881575716041845e-03
2.403800000000002001e+03 2.301782940866964246e-03
2.405500000000000000e+03 3.188604036058671504e-03
2.407100000000001273e+03 4.689266912112859294e-03
2.408800000000002001e+03 7.297373322751892280e-03
2.410500000000000000e+03 1.173854552679135660e-02
2.412199999999997999e+03 1.838536271602558489e-02
2.413800000000002001e+03 2.716979552382016438e-02
2.415500000000000000e+03 3.725872441832486781e-02
2.417199999999997999e+03 4.579525565429157230e-02
2.418800000000002001e+03 5.010880233748844781e-02
2.420500000000000000e+03 4.859846781580981490e-02
2.422199999999997999e+03 4.181018589476026559e-02
2.423800000000002001e+03 3.181922369583253113e-02
2.425500000000000000e+03 2.168756265020106710e-02
2.427199999999997999e+03 1.372172480206159013e-02
2.428800000000002001e+03 8.387780000342801370e-03
2.430500000000000000e+03 5.078553600031000988e-03
2.432199999999997999e+03 3.398174723019559054e-03
2.433800000000002001e+03 2.364939704040507247e-03
2.435500000000000000e+03 1.777034183535694273e-03
2.437199999999997999e+03 1.313343216144584021e-03
2.438800000000002001e+03 1.028799060848198605e-03
2.440500000000000000e+03 7.876023742262101184e-04
2.442199999999997999e+03 6.337299100654843198e-04
2.443800000000002001e+03 5.078468232599591759e-04
2.445500000000000000e+03 4.289047441267945511e-04
2.447199999999997999e+03 3.595703758609516574e-04
2.448899999999998727e+03 3.107659000861960705e-04
2.450500000000000000e+03 2.614838934307629824e-04
2.452199999999997999e+03 2.309272025828392773e-04
2.453899999999998727e+03 1.962010574051816154e-04
2.455500000000000000e+03 1.778103092756638966e-04
2.457199999999997999e+03 1.533010624048502775e-04
2.458899999999998727e+03 1.414278179692648714e-04
2.460500000000000000e+03 1.222964256374960157e-04
2.462199999999997999e+03 1.108071409015645839e-04
2.463899999999998727e+03 9.319048223868441711e-05
2.465500000000000000e+03 8.239620585032386268e-05
2.467199999999997999e+03 6.676918472080509614e-05
2.468899999999998727e+03 5.907970546584881188e-05
2.470500000000000000e+03 4.904172639726890078e-05
2.472199999999997999e+03 4.696063007272931953e-05
2.473899999999998727e+03 4.205458528285063480e-05
2.475500000000000000e+03 4.273805722104716503e-05
2.477199999999997999e+03 3.894109968234574367e-05
2.478899999999998727e+03 3.801897164677582244e-05
2.480500000000000000e+03 3.278160495762735133e-05
2.482199999999997999e+03 3.105211074630226560e-05
2.483899999999998727e+03 2.665615149516402938e-05
2.485500000000000000e+03 2.626216533014681719e-05
2.487199999999997999e+03 2.319168148443681275e-05
2.488899999999998727e+03 2.313903814425127334e-05
2.490600000000001273e+03 2.010436584520109392e-05
2.492199999999997999e+03 1.972258903920374066e-05
2.493899999999998727e+03 1.684702646595911022e-05
2.495600000000001273e+03 1.670560229880978156e-05
2.497199999999997999e+03 1.445646048826221877e-05
2.498899999999998727e+03 1.439052746723953956e-05
2.500600000000001273e+03 1.231715406479754146e-05
2.502199999999997999e+03 1.239941023173378526e-05
2.503899999999998727e+03 1.066877309580839443e-05
2.505600000000001273e+03 1.097432056957452262e-05
2.507199999999997999e+03 9.567523180277278882e-06
2.508899999999998727e+03 9.965240568034146960e-06
2.510600000000001273e+03 8.507022863230921154e-06
2.512199999999997999e+03 8.736918264180555576e-06
2.513899999999998727e+03 7.313981928879895566e-06
2.515600000000001273e+03 7.419429829580561630e-06
2.517199999999997999e+03 6.083966122874399984e-06
2.518899999999998727e+03 6.184785219811221576e-06
2.520600000000001273e+03 5.055934136832840386e-06
2.522199999999997999e+03 5.252306171277949765e-06
2.523899999999998727e+03 4.330396155651661198e-06
2.525600000000001273e+03 4.603184755506463975e-06
2.527300000000002001e+03 3.680811609455922739e-06
2.528899999999998727e+03 3.849133022981832160e-06
2.530600000000001273e+03 2.972865521906316488e-06
2.532300000000002001e+03 3.114088712326165383e-06
2.533899999999998727e+03 2.342128739292312500e-06
2.535600000000001273e+03 2.524386812832959433e-06
2.537300000000002001e+03 1.859612836539337143e-06
2.538899999999998727e+03 2.029534577601142852e-06
2.540600000000001273e+03 1.497590465871198054e-06
2.542300000000002001e+03 1.765558590888140524e-06
2.543899999999998727e+03 1.390690643767876578e-06
2.545600000000001273e+03 1.681567663902025537e-06
2.547300000000002001e+03 1.360311916769516461e-06
2.548899999999998727e+03 1.554470512970020728e-06
2.550600000000001273e+03 1.159049872383726788e-06
2.552300000000002001e+03 1.283509048596626368e-06
2.553899999999998727e+03 9.037173078287861837e-07
2.555600000000001273e+03 1.038150911598402504e-06
2.557300000000002001e+03 7.940124996166127350e-07
2.558899999999998727e+03 9.603434322273740742e-07
2.560600000000001273e+03 7.802556288614076748e-07
2.562300000000002001e+03 9.227477667953750780e-07
2.564000000000000000e+03 7.315585949616721359e-07
2.565600000000001273e+03 8.175094007578247212e-07
2.567300000000002001e+03 6.059285650732121903e-07
2.569000000000000000e+03 6.528177952793730525e-07
2.570600000000001273e+03 4.593625722238328681e-07
2.572300000000002001e+03 4.708874176412099270e-07
2.574000000000000000e+03 2.867719062082156258e-07
2.575600000000001273e+03 2.667014781853715067e-07
2.577300000000002001e+03 1.239852961521615775e-07
2.579000000000000000e+03 1.339558488751121587e-07
2.580600000000001273e+03 6.371322562892304041e-08
2.582300000000002001e+03 8.658894248200695410e-08
2.584000000000000000e+03 4.633514108646454053e-08
2.585600000000001273e+03 3.689465351386070245e-08
2.587300000000002001e+03 1.156186824312670624e-08
2.589000000000000000e+03 -2.939909031473221549e-09
2.590600000000001273e+03 8.414776693722439843e-09
2.592300000000002001e+03 -8.045426328252481682e-09
2.594000000000000000e+03 1.394785767887998242e-08
2.595600000000001273e+03 -2.051663934872159008e-08
2.597300000000002001e+03 2.289084838166179719e-08
2.599000000000000000e+03 -2.051633360011967352e-08
2.600699999999997999e+03 2.978593797642446540e-08
2.602300000000002001e+03 -4.212558828167930827e-08
2.604000000000000000e+03 -1.946619613244281528e-09
2.605699999999997999e+03 -1.326280825953083818e-07
2.607300000000002001e+03 -1.042651110235000224e-07
2.609000000000000000e+03 -2.569051416212017793e-07
2.610699999999997999e+03 -2.088422182128605260e-07
2.612300000000002001e+03 -3.539298378647038920e-07
2.614000000000000000e+03 -2.687696707080269109e-07
2.615699999999997999e+03 -3.936082779086168868e-07
2.617300000000002001e+03 -2.671547822733689673e-07
2.619000000000000000e+03 -3.848090450521638815e-07
2.620699999999997999e+03 -2.368933204590695684e-07
2.622300000000002001e+03 -3.796326909505982190e-07
2.624000000000000000e+03 -2.329869128522034933e-07
2.625699999999997999e+03 -4.027182239976885648e-07
2.627300000000002001e+03 -2.520409589611800667e-07
2.629000000000000000e+03 -4.259243007014716315e-07
2.630699999999997999e+03 -2.662473961034068102e-07
2.632300000000002001e+03 -4.542699538853951676e-07
2.634000000000000000e+03 -2.828886870596691986e-07
2.635699999999997999e+03 -4.674142043405388808e-07
2.637399999999998272e+03 -2.656540621829724219e-07
2.639000000000000000e+03 -4.469036496917157054e-07
2.640699999999997999e+03 -2.338680137240482443e-07
2.642399999999998272e+03 -4.500165942685555366e-07
2.644000000000000000e+03 -2.511002168296414629e-07
2.645699999999997999e+03 -4.907801784814511071e-07
2.647399999999998272e+03 -2.926763960642814894e-07
2.649000000000000000e+03 -5.339424058841167555e-07
2.650699999999997999e+03 -3.184409225785481140e-07
2.652399999999998272e+03 -5.580923073313329722e-07
2.654000000000000000e+03 -3.201685535397302737e-07
2.655699999999997999e+03 -5.520465676756370059e-07
2.657399999999998272e+03 -2.922325459652302384e-07
2.659000000000000000e+03 -5.327427210235656891e-07
2.660699999999997999e+03 -2.675653542102399181e-07
2.662399999999998272e+03 -5.232125976479824102e-07
2.664000000000000000e+03 -2.615173744162731030e-07
2.665699999999997999e+03 -5.312084684850230347e-07
2.667399999999998272e+03 -2.699952987915275125e-07
2.669000000000000000e+03 -5.534137785522947806e-07
2.670699999999997999e+03 -2.906499185488886713e-07
2.672399999999998272e+03 -5.865337385351984085e-07
2.674100000000001728e+03 -3.124258788715929078e-07
2.675699999999997999e+03 -6.042521121898810823e-07
2.677399999999998272e+03 -3.103342859856463748e-07
2.679100000000001728e+03 -5.952591073729849640e-07
2.680699999999997999e+03 -2.870791684170118958e-07
2.682399999999998272e+03 -5.862243572766863234e-07
2.684100000000001728e+03 -2.819047517323291009e-07
2.685699999999997999e+03 -5.935542713323173356e-07
2.687399999999998272e+03 -2.877887473504288783e-07
2.689100000000001728e+03 -6.026567402031062761e-07
2.690699999999997999e+03 -2.861437593281640396e-07
2.692399999999998272e+03 -6.049563026825922120e-07
2.694100000000001728e+03 -2.789819767314153805e-07
2.695699999999997999e+03 -5.986581842057402980e-07
2.697399999999998272e+03 -2.622019182909047055e-07
2.699100000000001728e+03 -5.879636430113056253e-07
2.700699999999997999e+03 -2.480082508449873230e-07
2.702399999999998272e+03 -5.887113648396074397e-07
2.704100000000001728e+03 -2.587791686456091920e-07
2.705699999999997999e+03 -6.141178627683144393e-07
2.707399999999998272e+03 -2.864558045348904648e-07
2.709100000000001728e+03 -6.442507497274984723e-07
2.710800000000002001e+03 -3.005265368251501548e-07
2.712399999999998272e+03 -6.538815279645838717e-07
2.714100000000001728e+03 -2.964535809922614583e-07
2.715800000000002001e+03 -6.469640415279322487e-07
2.717399999999998272e+03 -2.788538347678846238e-07
2.719100000000001728e+03 -6.346705865064827813e-07
2.720800000000002001e+03 -2.659362893329829412e-07
2.722399999999998272e+03 -6.326589726112401821e-07
2.724100000000001728e+03 -2.663109675948815829e-07
2.725800000000002001e+03 -6.387049544440462157e-07
2.727399999999998272e+03 -2.631141389214328873e-07
2.729100000000001728e+03 -6.355558316341284359e-07
2.730800000000002001e+03 -2.552424141256015624e-07
2.732399999999998272e+03 -6.319060803016312578e-07
2.734100000000001728e+03 -2.505248252058725511e-07
2.735800000000002001e+03 -6.318479916999355660e-07
2.737399999999998272e+03 -2.453408637158264377e-07
2.739100000000001728e+03 -6.300799377463738525e-07
2.740800000000002001e+03 -2.357836043950249935e-07
2.742399999999998272e+03 -6.217995088046350684e-07
2.744100000000001728e+03 -2.206016424337809817e-07
2.745800000000002001e+03 -6.115810272649318890e-07
2.747399999999998272e+03 -2.104885684813713329e-07
