1.998448619960923224e+03 4.123946728968292187e-06
2.000116774067734241e+03 4.644258666027312931e-06
2.001784928174545257e+03 4.847238035554576139e-06
2.003453082281358775e+03 5.531215927782192941e-06
2.005121236388170018e+03 5.933656406090320905e-06
2.006789390494983991e+03 6.733401077272053614e-06
2.008457544601797508e+03 7.170528525436777016e-06
2.010125698708608525e+03 7.757128445034905780e-06
2.011793852815419541e+03 7.896452128266687160e-06
2.013462006922230557e+03 8.190072457322047943e-06
2.015130161029044075e+03 8.091764865765828848e-06
2.016798315135855319e+03 8.276304603855268367e-06
2.018466469242668609e+03 8.104245611387259036e-06
2.020134623349479853e+03 8.237129918648031644e-06
2.021802777456293825e+03 8.079829917509479432e-06
2.023470931563104841e+03 8.222014393976496239e-06
2.025139085669915630e+03 8.169012527138598591e-06
2.026807239776728920e+03 8.382608817702143000e-06
2.028475393883540619e+03 8.361543139355502488e-06
2.030143547990353909e+03 8.521401884703299831e-06
2.031811702097165153e+03 8.302597506550565471e-06
2.033479856203978443e+03 8.317237809202661952e-06
2.035148010310789232e+03 7.971737319484235827e-06
2.036816164417600248e+03 7.822792647816062027e-06
2.038484318524414221e+03 7.499130453695293930e-06
2.040152472631225464e+03 7.408833699544948455e-06
2.041820626738038754e+03 7.230022787038022452e-06
2.043488780844850453e+03 7.379809170234578223e-06
2.045156934951663516e+03 7.456005824580072102e-06
2.046825089058474532e+03 7.708970935103729699e-06
2.048493243165285548e+03 7.673537051481701845e-06
2.050161397272096565e+03 7.740425400119888471e-06
2.051829551378910764e+03 7.424581077581556620e-06
2.053497705485724055e+03 7.252283655346938453e-06
2.055165859592535526e+03 7.055094673468923432e-06
2.056834013699348816e+03 7.048977660763072966e-06
2.058502167806159832e+03 7.126549492554454045e-06
2.060170321912970849e+03 7.542147922093145832e-06
2.061838476019781865e+03 7.967491536160557799e-06
2.063506630126595155e+03 8.512080298714774359e-06
2.065174784233409355e+03 8.970622063894517846e-06
2.066842938340219916e+03 9.500747980583811028e-06
2.068511092447034116e+03 9.822838592136946188e-06
2.070179246553845132e+03 1.027620619235753810e-05
2.071847400660656149e+03 1.084704161558851971e-05
2.073515554767467165e+03 1.155313129584487566e-05
2.075183708874280455e+03 1.255900547821266723e-05
2.076851862981091472e+03 1.371120208734936187e-05
2.078520017087905217e+03 1.502093233641216372e-05
2.080188171194719416e+03 1.633289956035312976e-05
2.081856325301530433e+03 1.771336554815946884e-05
2.083524479408340994e+03 1.904978373025728052e-05
2.085192633515151556e+03 2.064326802923249462e-05
2.086860787621965756e+03 2.260352160765030511e-05
2.088528941728776772e+03 2.473549595159843978e-05
2.090197095835590517e+03 2.714712111860242109e-05
2.091865249942401533e+03 2.980719449839589556e-05
2.093533404049215278e+03 3.208785011766146673e-05
2.095201558156025840e+03 3.457640994039078532e-05
2.096869712262836856e+03 3.703038362840104203e-05
2.098537866369647872e+03 4.026394677067080441e-05
2.100206020476462072e+03 4.439048881339954756e-05
2.101874174583275817e+03 5.014630686208941296e-05
2.103542328690086833e+03 5.784243645342151952e-05
2.105210482796900124e+03 6.684158310653551542e-05
2.106878636903711140e+03 7.694806752774160008e-05
2.108546791010522156e+03 8.798456486222560062e-05
2.110214945117333173e+03 9.938196900495037910e-05
2.111883099224147372e+03 1.141601667186894771e-04
2.113551253330957934e+03 1.315067489954165893e-04
2.115219407437771679e+03 1.562179604510590693e-04
2.116887561544585424e+03 1.859471852741924184e-04
2.118555715651396440e+03 2.227219694746705703e-04
2.120223869758207456e+03 2.646337930235074425e-04
2.121892023865018473e+03 3.163400782998806006e-04
2.123560177971831763e+03 3.875418184069519441e-04
2.125228332078642779e+03 4.856966500518102654e-04
2.126896486185456979e+03 6.265422485105885241e-04
2.128564640292270724e+03 8.176094602004985428e-04
2.130232794399081740e+03 1.066801250762053300e-03
2.131900948505892757e+03 1.391677080487213917e-03
2.133569102612703773e+03 1.814699724833507147e-03
2.135237256719517063e+03 2.390392831403833230e-03
2.136905410826328080e+03 3.135589243800401132e-03
2.138573564933141824e+03 4.186184602134912155e-03
2.140241719039952841e+03 5.497486505206003113e-03
2.141909873146767040e+03 7.006284083196733133e-03
2.143578027253577602e+03 8.681706763567760207e-03
2.145246181360388164e+03 1.027230177020749084e-02
2.146914335467202363e+03 1.158094007277466787e-02
2.148582489574012925e+03 1.241886856119389128e-02
2.150250643680827125e+03 1.273887085351394638e-02
2.151918797787638141e+03 1.243303249108867678e-02
2.153586951894451431e+03 1.153787693692760047e-02
2.155255106001262448e+03 1.029671723141852187e-02
2.156923260108073464e+03 8.802859289787566890e-03
2.158591414214884480e+03 7.244684868312776214e-03
2.160259568321698225e+03 5.825143340868894383e-03
2.161927722428512425e+03 4.572010546569492406e-03
2.163595876535323441e+03 3.522450942054289932e-03
2.165264030642136731e+03 2.632758904112673850e-03
2.166932184748947748e+03 1.954355907778192961e-03
2.168600338855758764e+03 1.418720834452127889e-03
2.170268492962569781e+03 1.038788275527020594e-03
2.171936647069383071e+03 7.792112060146928580e-04
2.173604801176197270e+03 5.895952267355967103e-04
2.175272955283008287e+03 4.621996989110758753e-04
2.176941109389822032e+03 3.712405119031085554e-04
2.178609263496633048e+03 3.047352073749400167e-04
2.180277417603444064e+03 2.565286743332005062e-04
2.181945571710255081e+03 2.141519867572647280e-04
2.183613725817068371e+03 1.803375141116651099e-04
2.185281879923878932e+03 1.481154504472323170e-04
2.186950034030693587e+03 1.231291165208070883e-04
2.188618188137504603e+03 1.012852555858959839e-04
2.190286342244318348e+03 8.686476508690931387e-05
2.191954496351128910e+03 7.371923176848988802e-05
2.193622650457939926e+03 6.522392298699345706e-05
2.195290804564753216e+03 5.705509050560024910e-05
2.196958958671564233e+03 5.170467666443609732e-05
2.198627112778378887e+03 4.553437769315600152e-05
2.200295266885189903e+03 4.217105536960823100e-05
2.201963420992003194e+03 3.797594430413162199e-05
2.203631575098813755e+03 3.608288491865312961e-05
2.205299729205624772e+03 3.249963631988888550e-05
2.206967883312435788e+03 3.096876313661299008e-05
2.208636037419249533e+03 2.793780469040211477e-05
2.210304191526064187e+03 2.678660846786813234e-05
2.211972345632874749e+03 2.408790524604902456e-05
2.213640499739688039e+03 2.321390237212259057e-05
2.215308653846499055e+03 2.072433520383161763e-05
2.216976807953310072e+03 1.985790377222384432e-05
2.218644962060121088e+03 1.768856721482943436e-05
2.220313116166934378e+03 1.738230633585805476e-05
2.221981270273745849e+03 1.562270942623320642e-05
2.223649424380560049e+03 1.567553413305773137e-05
2.225317578487373339e+03 1.418310599889861783e-05
2.226985732594184356e+03 1.430336526476034455e-05
2.228653886700995372e+03 1.299033269878202124e-05
2.230322040807806388e+03 1.321698123959636971e-05
2.231990194914619678e+03 1.198383282803917486e-05
2.233658349021430240e+03 1.208654964771311240e-05
2.235326503128244894e+03 1.070040867515373340e-05
2.236994657235058639e+03 1.070262454335517152e-05
2.238662811341869656e+03 9.355544933346833611e-06
2.240330965448680672e+03 9.614041850472763567e-06
2.241999119555491234e+03 8.525032537005583096e-06
2.243667273662304524e+03 8.941373614222978731e-06
2.245335427769115540e+03 7.929352275385613061e-06
2.247003581875930195e+03 8.377601495283344457e-06
2.248671735982741211e+03 7.394110500468863694e-06
2.250339890089554501e+03 7.810887381091142340e-06
2.252008044196365518e+03 6.737581495361946477e-06
2.253676198303176534e+03 6.982314913025168142e-06
2.255344352409989824e+03 5.829452285118820374e-06
2.257012506516800840e+03 6.037804907351136807e-06
2.258680660623615495e+03 5.043327769490038944e-06
2.260348814730426511e+03 5.472430041676255360e-06
2.262016968837239801e+03 4.632952873258028242e-06
2.263685122944050363e+03 5.171907182940723674e-06
2.265353277050861379e+03 4.306411144229490607e-06
2.267021431157672396e+03 4.762975129426522445e-06
2.268689585264485686e+03 3.848763271682996297e-06
2.270357739371300795e+03 4.303484733144498695e-06
2.272025893478111811e+03 3.475734140337337428e-06
2.273694047584924647e+03 3.979662427773462589e-06
2.275362201691735663e+03 3.212295485021591470e-06
2.277030355798546680e+03 3.659646359890015004e-06
2.278698509905357696e+03 2.785358985164542316e-06
2.280366664012170531e+03 3.160217269139849061e-06
2.282034818118986095e+03 2.252898752148877670e-06
2.283702972225796657e+03 2.650494222263745177e-06
2.285371126332609947e+03 1.795260642016425818e-06
2.287039280439420963e+03 2.259948280497749136e-06
2.288707434546231980e+03 1.446116382751705887e-06
2.290375588653042996e+03 1.904531158219169868e-06
2.292043742759855832e+03 1.116363440170468514e-06
2.293711896866666848e+03 1.585113195877468304e-06
2.295380050973481957e+03 8.213858998813776697e-07
2.297048205080295247e+03 1.346225871438282014e-06
2.298716359187106264e+03 6.365990999733299902e-07
2.300384513293917280e+03 1.195789665253809126e-06
2.302052667400727842e+03 5.045569261958978948e-07
2.303720821507541132e+03 1.054699867570666513e-06
2.305388975614352148e+03 3.394596320061882494e-07
2.307057129721166802e+03 8.716978276692302587e-07
2.308725283827977819e+03 1.637268484522004226e-07
2.310393437934791109e+03 7.089503117947317022e-07
2.312061592041602125e+03 3.337653004857009749e-08
2.313729746148412687e+03 6.097267616911802060e-07
2.315397900255223703e+03 -4.338479822476269677e-08
2.317066054362036994e+03 5.368680436701289621e-07
2.318734208468852103e+03 -1.083842520024660311e-07
2.320402362575663119e+03 4.775002111802857800e-07
2.322070516682475954e+03 -1.614494432494634561e-07
2.323738670789286971e+03 4.343432670398297683e-07
2.325406824896097987e+03 -1.943983119881939075e-07
2.327074979002909004e+03 4.082081676387523582e-07
2.328743133109722294e+03 -2.107142142831079236e-07
2.330411287216532855e+03 4.017500886486128415e-07
2.332079441323348419e+03 -2.038795307212815481e-07
2.333747595430161255e+03 4.174227181343635670e-07
2.335415749536972271e+03 -1.766677751786331690e-07
2.337083903643783287e+03 4.532259078707570347e-07
2.338752057750594304e+03 -1.315940251537156664e-07
2.340420211857407139e+03 5.118477321338920323e-07
2.342088365964217701e+03 -6.244652080404825770e-08
2.343756520071033265e+03 5.902129128729357615e-07
2.345424674177846555e+03 2.713921442338475446e-08
2.347092828284657571e+03 6.827325401924365967e-07
2.348760982391468588e+03 1.282437028806584589e-07
2.350429136498279149e+03 7.928496981007950401e-07
2.352097290605092439e+03 2.291680925630914831e-07
2.353765444711903001e+03 8.833403043156615036e-07
2.355433598818718565e+03 3.107959330939410569e-07
2.357101752925529127e+03 9.522647207915418080e-07
2.358769907032342417e+03 3.777416234595736115e-07
2.360438061139153433e+03 1.032556930062740482e-06
2.362106215245964449e+03 4.838575077018585434e-07
2.363774369352777740e+03 1.169085313209755361e-06
2.365442523459588301e+03 6.435146518371680377e-07
2.367110677566403865e+03 1.353905844621013313e-06
2.368778831673214427e+03 8.112656917591675965e-07
2.370446985780027717e+03 1.480695761624007736e-06
2.372115139886838278e+03 8.924320832677864391e-07
2.373783293993649295e+03 1.532638952835186134e-06
2.375451448100459857e+03 9.337013045042510171e-07
2.377119602207273601e+03 1.586434382062841122e-06
2.378787756314089165e+03 1.023184876080084199e-06
2.380455910420899727e+03 1.719071506395843865e-06
2.382124064527713017e+03 1.180915162645403890e-06
2.383792218634523579e+03 1.888377203800175076e-06
2.385460372741334595e+03 1.350005480496493621e-06
2.387128526848145157e+03 2.032610932054432118e-06
2.388796680954958447e+03 1.443299237787492353e-06
2.390464835061774011e+03 2.117477482719305783e-06
2.392132989168585027e+03 1.512358568607463619e-06
2.393801143275398317e+03 2.178631583777826219e-06
2.395469297382208879e+03 1.594086100530926912e-06
2.397137451489019895e+03 2.289216118173848702e-06
2.398805605595830457e+03 1.728014334972276217e-06
2.400473759702643747e+03 2.452352511501664808e-06
2.402141913809454309e+03 1.897132115180126365e-06
2.403810067916269873e+03 2.594905657476480182e-06
2.405478222023080434e+03 2.021851564598774497e-06
2.407146376129894179e+03 2.722840076137767480e-06
2.408814530236705195e+03 2.161838772967310600e-06
2.410482684343515757e+03 2.878733614967158555e-06
2.412150838450329047e+03 2.322151899295850905e-06
2.413818992557139609e+03 2.991022221125168879e-06
2.415487146663955173e+03 2.327017535779001901e-06
2.417155300770765734e+03 2.930350425709502734e-06
2.418823454877579024e+03 2.210176040428874318e-06
2.420491608984390041e+03 2.803782396486281019e-06
2.422159763091200603e+03 2.125015737628191186e-06
2.423827917198011619e+03 2.757880261986605094e-06
2.425496071304824909e+03 2.118308981053498154e-06
2.427164225411640473e+03 2.756179974408318121e-06
2.428832379518451489e+03 2.115774685641676268e-06
2.430500533625264325e+03 2.768784241453021569e-06
2.432168687732074886e+03 2.142371876293516466e-06
2.433836841838885903e+03 2.833517416083907217e-06
2.435504995945696464e+03 2.213294966896681998e-06
2.437173150052510209e+03 2.899921217647730499e-06
2.438841304159320771e+03 2.241527881631681886e-06
2.440509458266136335e+03 2.894216759186955505e-06
2.442177612372949625e+03 2.235167738113762318e-06
2.443845766479760186e+03 2.935903983811657749e-06
2.445513920586571203e+03 2.343891214159424958e-06
2.447182074693381765e+03 3.092640949460637731e-06
2.448850228800195055e+03 2.484427498130814388e-06
2.450518382907006071e+03 3.211018301632895442e-06
2.452186537013821180e+03 2.569961668774107044e-06
2.453854691120634470e+03 3.278956603814413801e-06
2.455522845227445487e+03 2.625130809676484900e-06
2.457190999334256503e+03 3.328156386832582708e-06
2.458859153441067065e+03 2.600514948451410473e-06
2.460527307547879900e+03 3.213476602793721390e-06
2.462195461654690916e+03 2.417732235444961964e-06
2.463863615761506480e+03 3.013612948302991094e-06
2.465531769868317497e+03 2.197978378903364117e-06
2.467199923975130787e+03 2.794896694883759228e-06
2.468868078081941349e+03 2.009053151863543686e-06
2.470536232188752365e+03 2.664802216297246180e-06
2.472204386295565200e+03 1.928604762386264137e-06
2.473872540402376217e+03 2.713017394564186941e-06
2.475540694509191781e+03 2.080345719521942283e-06
2.477208848616002797e+03 2.942644907184485421e-06
2.478877002722815632e+03 2.318954690950549177e-06
2.480545156829626649e+03 3.149502568465886838e-06
2.482213310936437210e+03 2.417410465445395849e-06
2.483881465043248227e+03 3.113289521905834726e-06
2.485549619150061517e+03 2.250189154616615325e-06
2.487217773256877081e+03 2.887026200340063629e-06
2.488885927363688097e+03 2.048179591408485357e-06
2.490554081470500932e+03 2.770321550888553237e-06
2.492222235577311494e+03 1.992908908103321217e-06
2.493890389684122511e+03 2.831082509953564135e-06
2.495558543790933072e+03 2.124429023678546105e-06
2.497226697897746817e+03 3.012562429449786930e-06
2.498894852004561926e+03 2.323080204483443651e-06
2.500563006111372943e+03 3.250925496733864926e-06
2.502231160218185778e+03 2.513647368597099618e-06
2.503899314324996794e+03 3.357369847552925136e-06
2.505567468431807811e+03 2.566592036803041056e-06
2.507235622538618372e+03 3.436198051639932170e-06
2.508903776645431662e+03 2.657484040835378715e-06
2.510571930752242224e+03 3.597837570186686705e-06
2.512240084859057788e+03 2.816488555091413638e-06
2.513908238965871078e+03 3.726664922789086848e-06
2.515576393072682094e+03 2.886954714224943470e-06
2.517244547179493111e+03 3.795542929897245162e-06
2.518912701286303673e+03 2.952616468896084974e-06
2.520580855393116508e+03 4.024846739125664347e-06
2.522249009499927524e+03 3.253306270770413657e-06
2.523917163606743088e+03 4.338387856630246548e-06
2.525585317713554105e+03 3.528693208386603749e-06
2.527253471820367395e+03 4.566275595508102347e-06
2.528921625927177956e+03 3.639856997749219961e-06
2.530589780033988973e+03 4.720262787819944140e-06
2.532257934140799080e+03 3.967674119464006308e-06
2.533926088247612824e+03 5.308168592714823650e-06
2.535594242354428388e+03 4.741207541984618794e-06
2.537262396461239405e+03 6.374226933129408921e-06
2.538930550568052240e+03 5.836369144525051605e-06
2.540598704674862802e+03 7.452718439402123276e-06
2.542266858781673818e+03 6.853001792780634045e-06
2.543935012888484380e+03 8.446831188935404968e-06
2.545603166995298125e+03 7.786279612729276356e-06
2.547271321102113689e+03 9.662194247612908375e-06
2.548939475208924705e+03 9.270440117235910477e-06
2.550607629315737540e+03 1.165684170467628256e-05
2.552275783422548102e+03 1.188822420727469637e-05
2.553943937529359118e+03 1.495240032803298823e-05
2.555612091636169680e+03 1.565755846943992248e-05
2.557280245742982515e+03 1.910788457754441762e-05
2.558948399849793987e+03 2.001000936685854258e-05
2.560616553956609096e+03 2.371473686570850614e-05
2.562284708063422840e+03 2.447065216611512585e-05
2.563952862170233402e+03 2.818943755013140180e-05
2.565621016277044419e+03 2.941123415755281083e-05
2.567289170383854980e+03 3.434249424901913706e-05
2.568957324490667816e+03 3.756333513979455722e-05
2.570625478597478832e+03 4.608967476095920989e-05
2.572293632704294396e+03 5.420370451835512918e-05
2.573961786811105412e+03 6.791821596329346820e-05
2.575629940917918702e+03 8.092299278226767209e-05
2.577298095024729719e+03 9.925397864246089923e-05
2.578966249131539826e+03 1.162569514221127717e-04
2.580634403238353116e+03 1.394252672852971540e-04
2.582302557345164132e+03 1.658394516023085907e-04
2.583970711451979696e+03 2.026476327121821258e-04
2.585638865558790712e+03 2.472947062074097244e-04
2.587307019665603548e+03 3.146874944275980025e-04
2.588975173772414109e+03 4.059988922100247447e-04
2.590643327879225126e+03 5.405728634461402305e-04
2.592311481986035687e+03 7.287135603141235230e-04
2.593979636092849432e+03 9.812031987599838852e-04
2.595647790199664996e+03 1.302203306222019788e-03
2.597315944306476013e+03 1.766409908410679613e-03
2.598984098413288848e+03 2.414062983294028904e-03
2.600652252520099410e+03 3.434217112267754380e-03
2.602320406626910426e+03 4.879306802039613464e-03
2.603988560733720988e+03 7.213641967692798092e-03
2.605656714840534733e+03 1.040472498706764698e-02
2.607324868947350296e+03 1.492915887077437068e-02
2.608993023054160403e+03 2.088517789600062916e-02
2.610661177160974148e+03 2.788615149046433372e-02
2.612329331267784710e+03 3.499814271273941901e-02
2.613997485374595726e+03 4.078227310258633609e-02
2.615665639481406288e+03 4.379582765450097670e-02
2.617333793588219123e+03 4.342119291497879841e-02
2.619001947695030140e+03 3.969925071016985191e-02
2.620670101801845703e+03 3.388183559982699961e-02
2.622338255908659448e+03 2.699087532016598151e-02
2.624006410015470010e+03 2.037351390054748315e-02
2.625674564122281026e+03 1.471867494699500428e-02
2.627342718229091588e+03 1.030303341731351845e-02
2.629010872335903969e+03 7.199888783570162522e-03
2.630679026442715440e+03 5.099916091012944054e-03
2.632347180549531458e+03 3.640539747187807214e-03
2.634015334656342475e+03 2.641715833789773111e-03
2.635683488763155310e+03 1.902243881904904215e-03
2.637351642869965417e+03 1.389490483601167311e-03
2.639019796976776433e+03 1.042640070962462528e-03
2.640687951083589269e+03 8.039850966177743358e-04
2.642356105190400285e+03 6.565642660594358734e-04
2.644024259297216304e+03 5.304593867978635389e-04
2.645692413404027320e+03 4.375929863318431799e-04
2.647360567510840156e+03 3.527974305001245524e-04
2.649028721617650717e+03 2.851242640529806421e-04
2.650696875724461734e+03 2.298877575825870119e-04
2.652365029831272295e+03 1.865828769263160644e-04
2.654033183938085585e+03 1.512679560215616527e-04
2.655701338044901604e+03 1.253665834319671454e-04
2.657369492151712620e+03 1.036747563182437208e-04
2.659037646258525456e+03 8.953700193483737479e-05
2.660705800365336017e+03 7.721361372670917716e-05
2.662373954472147034e+03 6.879868659210672407e-05
2.664042108578957595e+03 6.023738116126266072e-05
2.665710262685770886e+03 5.449928148053272429e-05
2.667378416792581447e+03 4.827370056957220614e-05
2.669046570899397466e+03 4.358662311252862857e-05
2.670714725006210756e+03 3.867685193431186750e-05
2.672382879113021318e+03 3.424846157837998421e-05
2.674051033219832334e+03 2.938186406159560798e-05
2.675719187326642896e+03 2.555424231774818265e-05
2.677387341433455276e+03 2.192216699854235591e-05
2.679055495540266747e+03 1.986140960133501562e-05
2.680723649647082766e+03 1.819759663527580729e-05
2.682391803753896056e+03 1.747960691059908118e-05
2.684059957860706618e+03 1.633933982437377365e-05
2.685728111967517179e+03 1.555294050086473821e-05
2.687396266074328196e+03 1.393163513259834208e-05
2.689064420181140576e+03 1.268293127381420660e-05
2.690732574287952048e+03 1.113811317229676568e-05
2.692400728394767611e+03 1.026378952568527242e-05
2.694068882501579083e+03 9.379296242934057805e-06
2.695737036608391463e+03 9.064152669712778767e-06
2.697405190715202025e+03 8.435146410861941082e-06
2.699073344822013041e+03 7.907369119115336439e-06
2.700741498928823603e+03 7.038503401220444967e-06
2.702409653035636893e+03 6.471528065164773587e-06
2.704077807142452912e+03 5.808299275912543277e-06
2.705745961249263928e+03 5.598730945253414669e-06
2.707414115356076763e+03 5.197269034645392831e-06
2.709082269462887325e+03 5.038136399601717484e-06
2.710750423569698341e+03 4.608799692320923814e-06
2.712418577676508903e+03 4.367237541270368684e-06
2.714086731783321738e+03 3.949416280848300548e-06
2.715754885890138212e+03 3.730612961754019644e-06
2.717423039996949228e+03 3.396928259745736015e-06
2.719091194103762064e+03 3.210720013064329705e-06
2.720759348210572625e+03 2.947140010155544678e-06
2.722427502317383642e+03 2.844850348228205028e-06
2.724095656424194203e+03 2.655008298340638345e-06
2.725763810531007039e+03 2.629463054699485740e-06
2.727431964637818055e+03 2.501913220163228141e-06
2.729100118744634074e+03 2.470303252451312947e-06
2.730768272851447364e+03 2.331684317290249201e-06
2.732436426958257925e+03 2.264446692636054664e-06
2.734104581065068942e+03 2.131640509813804627e-06
2.735772735171879503e+03 2.077885807248144142e-06
2.737440889278691884e+03 1.972442729590169199e-06
2.739109043385502900e+03 1.907840041594732384e-06
2.740777197492319374e+03 1.780531982947636016e-06
2.742445351599132664e+03 1.659796196419494276e-06
2.744113505705942771e+03 1.530861767603002903e-06
2.745781659812753787e+03 1.434497239385830738e-06
2.747449813919564349e+03 1.395520745958137406e-06
