1.998448619960923224e+03 4.137329264632204673e-06
2.000116774067734241e+03 4.659329655376900133e-06
2.001784928174545257e+03 4.862967709128343633e-06
2.003453082281358775e+03 5.549165164104376064e-06
2.005121236388170018e+03 5.952911593824468222e-06
2.006789390494983991e+03 6.755251500174718516e-06
2.008457544601797508e+03 7.193797461731880145e-06
2.010125698708608525e+03 7.782300944799761780e-06
2.011793852815419541e+03 7.922076744482654042e-06
2.013462006922230557e+03 8.216649894896648927e-06
2.015130161029044075e+03 8.118023287374294874e-06
2.016798315135855319e+03 8.303161871614933044e-06
2.018466469242668609e+03 8.130544534009526045e-06
2.020134623349479853e+03 8.263860061433403518e-06
2.021802777456293825e+03 8.106049609260072830e-06
2.023470931563104841e+03 8.248695485680151296e-06
2.025139085669915630e+03 8.195521623562044384e-06
2.026807239776728920e+03 8.409811051104317082e-06
2.028475393883540619e+03 8.388677012953273622e-06
2.030143547990353909e+03 8.549054512664646611e-06
2.031811702097165153e+03 8.329540096874063685e-06
2.033479856203978443e+03 8.344227908474566828e-06
2.035148010310789232e+03 7.997606242143193327e-06
2.036816164417600248e+03 7.848178233149988160e-06
2.038484318524414221e+03 7.523465729425205174e-06
2.040152472631225464e+03 7.432875955114278020e-06
2.041820626738038754e+03 7.253484786951547246e-06
2.043488780844850453e+03 7.403757238894096901e-06
2.045156934951663516e+03 7.480201157453042177e-06
2.046825089058474532e+03 7.733987159912458290e-06
2.048493243165285548e+03 7.698438290515285338e-06
2.050161397272096565e+03 7.765543697173369039e-06
2.051829551378910764e+03 7.448674434647108341e-06
2.053497705485724055e+03 7.275817893551505983e-06
2.055165859592535526e+03 7.077989017718514445e-06
2.056834013699348816e+03 7.071852154819131554e-06
2.058502167806159832e+03 7.149675713384325756e-06
2.060170321912970849e+03 7.566622792934933995e-06
2.061838476019781865e+03 7.993346680914395055e-06
2.063506630126595155e+03 8.539702677386997522e-06
2.065174784233409355e+03 8.999732447123834586e-06
2.066842938340219916e+03 9.531578664644517574e-06
2.068511092447034116e+03 9.854714485891040321e-06
2.070179246553845132e+03 1.030955330009123725e-05
2.071847400660656149e+03 1.088224112974540443e-05
2.073515554767467165e+03 1.159062212726383292e-05
2.075183708874280455e+03 1.259976045148495924e-05
2.076851862981091472e+03 1.375569603040642299e-05
2.078520017087905217e+03 1.506967645846525132e-05
2.080188171194719416e+03 1.638590112056392652e-05
2.081856325301530433e+03 1.777084683047357359e-05
2.083524479408340994e+03 1.911160179603616774e-05
2.085192633515151556e+03 2.071025707850423966e-05
2.086860787621965756e+03 2.267687183594485942e-05
2.088528941728776772e+03 2.481576460647984099e-05
2.090197095835590517e+03 2.723521568926947357e-05
2.091865249942401533e+03 2.990392121909137802e-05
2.093533404049215278e+03 3.219197774752668436e-05
2.095201558156025840e+03 3.468861314512836948e-05
2.096869712262836856e+03 3.715055017324857462e-05
2.098537866369647872e+03 4.039460648551226267e-05
2.100206020476462072e+03 4.453453948590482624e-05
2.101874174583275817e+03 5.030903562269183071e-05
2.103542328690086833e+03 5.803013976764914001e-05
2.105210482796900124e+03 6.705848936855684757e-05
2.106878636903711140e+03 7.719777013682859032e-05
2.108546791010522156e+03 8.827008178437002761e-05
2.110214945117333173e+03 9.970447141149610837e-05
2.111883099224147372e+03 1.145306255541005878e-04
2.113551253330957934e+03 1.319334988722067133e-04
2.115219407437771679e+03 1.567249001776066487e-04
2.116887561544585424e+03 1.865505987036279148e-04
2.118555715651396440e+03 2.234447200084480425e-04
2.120223869758207456e+03 2.654925507635472757e-04
2.121892023865018473e+03 3.173666270547507041e-04
2.123560177971831763e+03 3.887994224806558762e-04
2.125228332078642779e+03 4.872727743735682181e-04
2.126896486185456979e+03 6.285754280196115392e-04
2.128564640292270724e+03 8.202626680325558013e-04
2.130232794399081740e+03 1.070263105805996026e-03
2.131900948505892757e+03 1.396193183479390318e-03
2.133569102612703773e+03 1.820588570006090659e-03
2.135237256719517063e+03 2.398149846569018473e-03
2.136905410826328080e+03 3.145764480688836070e-03
2.138573564933141824e+03 4.199769104655343317e-03
2.140241719039952841e+03 5.515326286864919055e-03
2.141909873146767040e+03 7.029020033192464809e-03
2.143578027253577602e+03 8.709879593631484479e-03
2.145246181360388164e+03 1.030563620778027385e-02
2.146914335467202363e+03 1.161852114589011047e-02
2.148582489574012925e+03 1.245916877900664702e-02
2.150250643680827125e+03 1.278020950425781156e-02
2.151918797787638141e+03 1.247337867198228950e-02
2.153586951894451431e+03 1.157531826673665470e-02
2.155255106001262448e+03 1.033013089910795809e-02
2.156923260108073464e+03 8.831425269450320081e-03
2.158591414214884480e+03 7.268194447848072386e-03
2.160259568321698225e+03 5.844046395061856802e-03
2.161927722428512425e+03 4.586847085015893430e-03
2.163595876535323441e+03 3.533881575972350978e-03
2.165264030642136731e+03 2.641302416491551636e-03
2.166932184748947748e+03 1.960697948389945097e-03
2.168600338855758764e+03 1.423324696580323054e-03
2.170268492962569781e+03 1.042159226234711271e-03
2.171936647069383071e+03 7.817398084529743156e-04
2.173604801176197270e+03 5.915085102156273722e-04
2.175272955283008287e+03 4.636995737545306280e-04
2.176941109389822032e+03 3.724452169385868887e-04
2.178609263496633048e+03 3.057240973991729848e-04
2.180277417603444064e+03 2.573611303174074233e-04
2.181945571710255081e+03 2.148469270144085777e-04
2.183613725817068371e+03 1.809227237112916327e-04
2.185281879923878932e+03 1.485960968833424385e-04
2.186950034030693587e+03 1.235286803128248466e-04
2.188618188137504603e+03 1.016139343090195193e-04
2.190286342244318348e+03 8.714664816957555700e-05
2.191954496351128910e+03 7.395845654831746077e-05
2.193622650457939926e+03 6.543557981305826938e-05
2.195290804564753216e+03 5.724023881950438176e-05
2.196958958671564233e+03 5.187246245919246919e-05
2.198627112778378887e+03 4.568214037620239599e-05
2.200295266885189903e+03 4.230790380378036529e-05
2.201963420992003194e+03 3.809917926869867003e-05
2.203631575098813755e+03 3.619997675470638314e-05
2.205299729205624772e+03 3.260510022878469402e-05
2.206967883312435788e+03 3.106925924007422163e-05
2.208636037419249533e+03 2.802846509224835115e-05
2.210304191526064187e+03 2.687353314626381607e-05
2.211972345632874749e+03 2.416607241750151207e-05
2.213640499739688039e+03 2.328923333462297891e-05
2.215308653846499055e+03 2.079158732254303841e-05
2.216976807953310072e+03 1.992234425191665941e-05
2.218644962060121088e+03 1.774596802457636109e-05
2.220313116166934378e+03 1.743871330465487969e-05
2.221981270273745849e+03 1.567340636288248523e-05
2.223649424380560049e+03 1.572640249008886671e-05
2.225317578487373339e+03 1.422913130774221518e-05
2.226985732594184356e+03 1.434978082450194847e-05
2.228653886700995372e+03 1.303248736324613608e-05
2.230322040807806388e+03 1.325987139663106230e-05
2.231990194914619678e+03 1.202272132024133445e-05
2.233658349021430240e+03 1.212577146417790302e-05
2.235326503128244894e+03 1.073513235373760040e-05
2.236994657235058639e+03 1.073735541260787694e-05
2.238662811341869656e+03 9.385904421951861792e-06
2.240330965448680672e+03 9.645240182166657823e-06
2.241999119555491234e+03 8.552696946722881648e-06
2.243667273662304524e+03 8.970389083903073507e-06
2.245335427769115540e+03 7.955083655199925158e-06
2.247003581875930195e+03 8.404787479525369204e-06
2.248671735982741211e+03 7.418104978084288485e-06
2.250339890089554501e+03 7.836234332886129510e-06
2.252008044196365518e+03 6.759445484054340827e-06
2.253676198303176534e+03 7.004973081154222602e-06
2.255344352409989824e+03 5.848369322179139931e-06
2.257012506516800840e+03 6.057398065268719389e-06
2.258680660623615495e+03 5.059693769871640710e-06
2.260348814730426511e+03 5.490188513114930210e-06
2.262016968837239801e+03 4.647987174409418951e-06
2.263685122944050363e+03 5.188690433762071624e-06
2.265353277050861379e+03 4.320385791456696430e-06
2.267021431157672396e+03 4.778431363157220553e-06
2.268689585264485686e+03 3.861252815105915782e-06
2.270357739371300795e+03 4.317449883934605305e-06
2.272025893478111811e+03 3.487013174512199514e-06
2.273694047584924647e+03 3.992576749385792108e-06
2.275362201691735663e+03 3.222719639773484080e-06
2.277030355798546680e+03 3.671522203868433329e-06
2.278698509905357696e+03 2.794397696963103978e-06
2.280366664012170531e+03 3.170472425932467863e-06
2.282034818118986095e+03 2.260209588073608038e-06
2.283702972225796657e+03 2.659095287162881509e-06
2.285371126332609947e+03 1.801086405816680923e-06
2.287039280439420963e+03 2.267281992703562702e-06
2.288707434546231980e+03 1.450809145616560975e-06
2.290375588653042996e+03 1.910711513549384217e-06
2.292043742759855832e+03 1.119986128467343383e-06
2.293711896866666848e+03 1.590257014473901773e-06
2.295380050973481957e+03 8.240513625610440661e-07
2.297048205080295247e+03 1.350594481636288002e-06
2.298716359187106264e+03 6.386649147665144329e-07
2.300384513293917280e+03 1.199670097978457920e-06
2.302052667400727842e+03 5.061942536162207349e-07
2.303720821507541132e+03 1.058122452662113375e-06
2.305388975614352148e+03 3.405612055546220370e-07
2.307057129721166802e+03 8.745265565625973088e-07
2.308725283827977819e+03 1.642581551184967005e-07
2.310393437934791109e+03 7.112509120340340940e-07
2.312061592041602125e+03 3.348483954747197992e-08
2.313729746148412687e+03 6.117053736058922099e-07
2.315397900255223703e+03 -4.352558535119092315e-08
2.317066054362036994e+03 5.386102232406753511e-07
2.318734208468852103e+03 -1.087359675344928918e-07
2.320402362575663119e+03 4.790497374049479137e-07
2.322070516682475954e+03 -1.619733595544505843e-07
2.323738670789286971e+03 4.357527455427189165e-07
2.325406824896097987e+03 -1.950291499970634232e-07
2.327074979002909004e+03 4.095328356620690646e-07
2.328743133109722294e+03 -2.113979986947078268e-07
2.330411287216532855e+03 4.030537996911328434e-07
2.332079441323348419e+03 -2.045411360402478776e-07
2.333747595430161255e+03 4.187772881081027959e-07
2.335415749536972271e+03 -1.772410761830774396e-07
2.337083903643783287e+03 4.546966620474015287e-07
2.338752057750594304e+03 -1.320210582485922190e-07
2.340420211857407139e+03 5.135087188002954745e-07
2.342088365964217701e+03 -6.264916473877155533e-08
2.343756520071033265e+03 5.921282007936890664e-07
2.345424674177846555e+03 2.722728333619594679e-08
2.347092828284657571e+03 6.849480616742877341e-07
2.348760982391468588e+03 1.286598639128602398e-07
2.350429136498279149e+03 7.954225585323870209e-07
2.352097290605092439e+03 2.299117612798121536e-07
2.353765444711903001e+03 8.862068139732276471e-07
2.355433598818718565e+03 3.118044906559513750e-07
2.357101752925529127e+03 9.553548956713387895e-07
2.358769907032342417e+03 3.789674251199545704e-07
2.360438061139153433e+03 1.035907659557988084e-06
2.362106215245964449e+03 4.854276638601781766e-07
2.363774369352777740e+03 1.172879088184656761e-06
2.365442523459588301e+03 6.456029081470685021e-07
2.367110677566403865e+03 1.358299376943811378e-06
2.368778831673214427e+03 8.138983135572652760e-07
2.370446985780027717e+03 1.485500737328020954e-06
2.372115139886838278e+03 8.953280964723360507e-07
2.373783293993649295e+03 1.537612488332661061e-06
2.375451448100459857e+03 9.367312396193673181e-07
2.377119602207273601e+03 1.591582488013696669e-06
2.378787756314089165e+03 1.026505192513546786e-06
2.380455910420899727e+03 1.724650030381509758e-06
2.382124064527713017e+03 1.184747326424132060e-06
2.383792218634523579e+03 1.894505138261418118e-06
2.385460372741334595e+03 1.354386355826990724e-06
2.387128526848145157e+03 2.039206916454037179e-06
2.388796680954958447e+03 1.447982858792514748e-06
2.390464835061774011e+03 2.124348865836592683e-06
2.392132989168585027e+03 1.517266292642511101e-06
2.393801143275398317e+03 2.185701416824803142e-06
2.395469297382208879e+03 1.599259036917774954e-06
2.397137451489019895e+03 2.296644806844502298e-06
2.398805605595830457e+03 1.733621879149090367e-06
2.400473759702643747e+03 2.460310590764698018e-06
2.402141913809454309e+03 1.903288460026245227e-06
2.403810067916269873e+03 2.603326333054497509e-06
2.405478222023080434e+03 2.028412633993856274e-06
2.407146376129894179e+03 2.731675909096056285e-06
2.408814530236705195e+03 2.168854112005432111e-06
2.410482684343515757e+03 2.888075334877987792e-06
2.412150838450329047e+03 2.329687467200027540e-06
2.413818992557139609e+03 3.000728326508294697e-06
2.415487146663955173e+03 2.334568893061180535e-06
2.417155300770765734e+03 2.939859646283171110e-06
2.418823454877579024e+03 2.217348237750628630e-06
2.420491608984390041e+03 2.812880893722256348e-06
2.422159763091200603e+03 2.131911582983181799e-06
2.423827917198011619e+03 2.766829803139400163e-06
2.425496071304824909e+03 2.125183062449119492e-06
2.427164225411640473e+03 2.765123997992470325e-06
2.428832379518451489e+03 2.122640543046795624e-06
2.430500533625264325e+03 2.777769166887835017e-06
2.432168687732074886e+03 2.149324043701128538e-06
2.433836841838885903e+03 2.842712405827275386e-06
2.435504995945696464e+03 2.220477285383289860e-06
2.437173150052510209e+03 2.909331693017138778e-06
2.438841304159320771e+03 2.248801818175739852e-06
2.440509458266136335e+03 2.903608723134220435e-06
2.442177612372949625e+03 2.242421035485432551e-06
2.443845766479760186e+03 2.945431226123783891e-06
2.445513920586571203e+03 2.351497327872165683e-06
2.447182074693381765e+03 3.102676815712525201e-06
2.448850228800195055e+03 2.492489663280667909e-06
2.450518382907006071e+03 3.221438311822946653e-06
2.452186537013821180e+03 2.578301399121657693e-06
2.453854691120634470e+03 3.289597079207253624e-06
2.455522845227445487e+03 2.633649568281235158e-06
2.457190999334256503e+03 3.338956519440747302e-06
2.458859153441067065e+03 2.608953826625497761e-06
2.460527307547879900e+03 3.223904590366876741e-06
2.462195461654690916e+03 2.425577969154215619e-06
2.463863615761506480e+03 3.023392362395467151e-06
2.465531769868317497e+03 2.205110993841759141e-06
2.467199923975130787e+03 2.803966357310167373e-06
2.468868078081941349e+03 2.015572689389731878e-06
2.470536232188752365e+03 2.673449711776847491e-06
2.472204386295565200e+03 1.934863238479790956e-06
2.473872540402376217e+03 2.721821352138258949e-06
2.475540694509191781e+03 2.087096607109603914e-06
2.477208848616002797e+03 2.952194024329963173e-06
2.478877002722815632e+03 2.326479883658944686e-06
2.480545156829626649e+03 3.159722955201246504e-06
2.482213310936437210e+03 2.425255154985367453e-06
2.483881465043248227e+03 3.123392394420245412e-06
2.485549619150061517e+03 2.257491197681497432e-06
2.487217773256877081e+03 2.896394830351044766e-06
2.488885927363688097e+03 2.054826097347949608e-06
2.490554081470500932e+03 2.779311465014952875e-06
2.492222235577311494e+03 1.999376056272399272e-06
2.493890389684122511e+03 2.840269598232566216e-06
2.495558543790933072e+03 2.131322965100030367e-06
2.497226697897746817e+03 3.022338434524896293e-06
2.498894852004561926e+03 2.330618784811906627e-06
2.500563006111372943e+03 3.261475008951169722e-06
2.502231160218185778e+03 2.521804354554375925e-06
2.503899314324996794e+03 3.368264780168377168e-06
2.505567468431807811e+03 2.574920832426408117e-06
2.507235622538618372e+03 3.447348788057383901e-06
2.508903776645431662e+03 2.666107788252614089e-06
2.510571930752242224e+03 3.609512839718607937e-06
2.512240084859057788e+03 2.825628284824280583e-06
2.513908238965871078e+03 3.738758247343052098e-06
2.515576393072682094e+03 2.896323112257786957e-06
2.517244547179493111e+03 3.807859769071345229e-06
2.518912701286303673e+03 2.962197944553687169e-06
2.520580855393116508e+03 4.037907687427876528e-06
2.522249009499927524e+03 3.263863508789127629e-06
2.523917163606743088e+03 4.352466270836573022e-06
2.525585317713554105e+03 3.540144098956195460e-06
2.527253471820367395e+03 4.581093523581443619e-06
2.528921625927177956e+03 3.651668623670999929e-06
2.530589780033988973e+03 4.735580416599508881e-06
2.532257934140799080e+03 3.980549538060840011e-06
2.533926088247612824e+03 5.325394022665961438e-06
2.535594242354428388e+03 4.756593138159983142e-06
2.537262396461239405e+03 6.394911807321229321e-06
2.538930550568052240e+03 5.855308627345167337e-06
2.540598704674862802e+03 7.476903104448304654e-06
2.542266858781673818e+03 6.875240329532947112e-06
2.543935012888484380e+03 8.474241829048414831e-06
2.545603166995298125e+03 7.811546710355586035e-06
2.547271321102113689e+03 9.693548837671512943e-06
2.548939475208924705e+03 9.300523433932901676e-06
2.550607629315737540e+03 1.169466908463383995e-05
2.552275783422548102e+03 1.192680244188594792e-05
2.553943937529359118e+03 1.500092205825937927e-05
2.555612091636169680e+03 1.570836849401060706e-05
2.557280245742982515e+03 1.916989118520127339e-05
2.558948399849793987e+03 2.007494344132322459e-05
2.560616553956609096e+03 2.379169307603885454e-05
2.562284708063422840e+03 2.455006138181422333e-05
2.563952862170233402e+03 2.828091452065343667e-05
2.565621016277044419e+03 2.950667595539863407e-05
2.567289170383854980e+03 3.445393837870365636e-05
2.568957324490667816e+03 3.768523115475339491e-05
2.570625478597478832e+03 4.623923942722757847e-05
2.572293632704294396e+03 5.437959985757900974e-05
2.573961786811105412e+03 6.813861598470340717e-05
2.575629940917918702e+03 8.118559434046242760e-05
2.577298095024729719e+03 9.957606571008416688e-05
2.578966249131539826e+03 1.166342144909239049e-04
2.580634403238353116e+03 1.398777133847555951e-04
2.582302557345164132e+03 1.663776138341245309e-04
2.583970711451979696e+03 2.033052404239715360e-04
2.585638865558790712e+03 2.480971972294374463e-04
2.587307019665603548e+03 3.157086804161517461e-04
2.588975173772414109e+03 4.073163909585764543e-04
2.590643327879225126e+03 5.423270654519991808e-04
2.592311481986035687e+03 7.310782938692827722e-04
2.593979636092849432e+03 9.843872813061315796e-04
2.595647790199664996e+03 1.306429059688903353e-03
2.597315944306476013e+03 1.772142049282030701e-03
2.598984098413288848e+03 2.421896809987747218e-03
2.600652252520099410e+03 3.445361420379135231e-03
2.602320406626910426e+03 4.895140541315338122e-03
2.603988560733720988e+03 7.237050810542593193e-03
2.605656714840534733e+03 1.043848914852845040e-02
2.607324868947350296e+03 1.497760518062045756e-02
2.608993023054160403e+03 2.095295196206144531e-02
2.610661177160974148e+03 2.797664427356189032e-02
2.612329331267784710e+03 3.511171447392003042e-02
2.613997485374595726e+03 4.091461482766659691e-02
2.615665639481406288e+03 4.393794860417278569e-02
2.617333793588219123e+03 4.356209814507610439e-02
2.619001947695030140e+03 3.982807794130927004e-02
2.620670101801845703e+03 3.399178485549717715e-02
2.622338255908659448e+03 2.707846286077000147e-02
2.624006410015470010e+03 2.043962757618205880e-02
2.625674564122281026e+03 1.476643821974052070e-02
2.627342718229091588e+03 1.033646758152935441e-02
2.629010872335903969e+03 7.223252996241851485e-03
2.630679026442715440e+03 5.116465725005917009e-03
2.632347180549531458e+03 3.652353588685905688e-03
2.634015334656342475e+03 2.650288412118993655e-03
2.635683488763155310e+03 1.908416814841266528e-03
2.637351642869965417e+03 1.393999490912256091e-03
2.639019796976776433e+03 1.046023521053189185e-03
2.640687951083589269e+03 8.065940923046397305e-04
2.642356105190400285e+03 6.586948694070667715e-04
2.644024259297216304e+03 5.321807697663228851e-04
2.645692413404027320e+03 4.390130104327192835e-04
2.647360567510840156e+03 3.539422862672081198e-04
