1.999899999999999636e+03 3.458576803835762367e-06
2.000800000000001546e+03 5.305186628527486199e-06
2.001600000000000364e+03 3.455746143363742625e-06
2.002399999999999636e+03 5.310633501140857241e-06
2.003300000000001546e+03 3.546579082021903627e-06
2.004100000000000364e+03 5.490838660641995985e-06
2.004899999999999636e+03 3.781580319841139084e-06
2.005800000000001546e+03 5.760083674819997336e-06
2.006600000000000364e+03 4.029137875072866387e-06
2.007399999999999636e+03 5.965634399915116668e-06
2.008300000000001546e+03 4.202805044496827070e-06
2.009100000000000364e+03 6.128064277099853055e-06
2.009899999999999636e+03 4.365506877991980852e-06
2.010800000000001546e+03 6.270075323187027272e-06
2.011600000000000364e+03 4.465006089154088830e-06
2.012399999999999636e+03 6.322230727971644600e-06
2.013300000000001546e+03 4.427946440089520687e-06
2.014100000000000364e+03 6.204205017784737614e-06
2.014899999999999636e+03 4.279507224043980716e-06
2.015800000000001546e+03 6.064730692106282822e-06
2.016600000000000364e+03 4.159350768315575325e-06
2.017399999999999636e+03 5.988535448199558606e-06
2.018300000000001546e+03 4.139293721870302532e-06
2.019100000000000364e+03 5.981093150058061709e-06
2.019899999999999636e+03 4.111963224706301154e-06
2.020800000000001546e+03 5.933454241656508504e-06
2.021600000000000364e+03 4.075415867195040391e-06
2.022399999999999636e+03 5.917015855711927671e-06
2.023300000000001546e+03 4.056228203420649418e-06
2.024100000000000364e+03 5.891106854135620879e-06
2.024899999999999636e+03 3.936465513196268618e-06
2.025800000000001546e+03 5.660558407293061605e-06
2.026600000000000364e+03 3.640189757470647828e-06
2.027399999999999636e+03 5.335974654915075941e-06
2.028300000000001546e+03 3.323718064677800348e-06
2.029100000000000364e+03 5.014170167427107982e-06
2.029899999999999636e+03 3.020469697136164576e-06
2.030800000000001546e+03 4.734484351824727851e-06
2.031600000000000364e+03 2.788629325434280400e-06
2.032399999999999636e+03 4.606513383191750276e-06
2.033300000000001546e+03 2.747580398801987316e-06
2.034100000000000364e+03 4.631638917596720606e-06
2.034899999999999636e+03 2.759546990869979914e-06
2.035800000000001546e+03 4.574159566266610654e-06
2.036600000000000364e+03 2.640937516439340874e-06
2.037399999999999636e+03 4.387133748552126483e-06
2.038300000000001546e+03 2.393425259521569503e-06
2.039100000000000364e+03 4.126969796609575476e-06
2.039899999999999636e+03 2.155520127443113645e-06
2.040800000000001546e+03 3.895150697262209824e-06
2.041600000000000364e+03 1.929262998368968533e-06
2.042500000000000000e+03 3.705753877437764026e-06
2.043300000000001546e+03 1.772958155249225409e-06
2.044100000000000364e+03 3.584327616467603211e-06
2.045000000000000000e+03 1.696977268894990188e-06
2.045800000000001546e+03 3.522558357456873036e-06
2.046600000000000364e+03 1.585332901950464045e-06
2.047500000000000000e+03 3.326804492684038662e-06
2.048300000000001546e+03 1.318891820121089670e-06
2.049100000000000364e+03 3.056302206705589906e-06
2.050000000000000000e+03 1.096230647923747538e-06
2.050800000000001546e+03 2.911259668240775677e-06
2.051600000000000364e+03 1.013724401763704629e-06
2.052500000000000000e+03 2.859049594110240257e-06
2.053300000000001546e+03 9.455110082405233744e-07
2.054100000000000364e+03 2.778168924999917169e-06
2.055000000000000000e+03 8.710269542891183383e-07
2.055800000000001546e+03 2.719456621344927538e-06
2.056600000000000364e+03 8.253538625979170593e-07
2.057500000000000000e+03 2.681041986842352120e-06
2.058300000000001546e+03 7.742590862135463953e-07
2.059100000000000364e+03 2.581004700096663022e-06
2.060000000000000000e+03 6.061218000006044592e-07
2.060800000000001546e+03 2.368026098487592441e-06
2.061600000000000364e+03 3.501281282474225703e-07
2.062500000000000000e+03 2.114491374749306612e-06
2.063300000000001546e+03 1.372884777790950697e-07
2.064100000000000364e+03 1.951795929012383671e-06
2.065000000000000000e+03 3.351669756956844003e-08
2.065800000000001546e+03 1.895293136103456783e-06
2.066600000000000364e+03 6.346877791748751410e-09
2.067500000000000000e+03 1.861432147140297368e-06
2.068300000000001546e+03 -4.402582168137687326e-08
2.069100000000000364e+03 1.815758525909687813e-06
2.070000000000000000e+03 -8.257991568252808287e-08
2.070800000000001546e+03 1.788482202140127763e-06
2.071600000000000364e+03 -1.134170530678157568e-07
2.072500000000000000e+03 1.727799933211763605e-06
2.073300000000001546e+03 -2.147495629468594461e-07
2.074100000000000364e+03 1.607227661958369193e-06
2.075000000000000000e+03 -3.260063448687388199e-07
2.075800000000001546e+03 1.534814146430706058e-06
2.076600000000000364e+03 -3.586638163332771658e-07
2.077500000000000000e+03 1.526108246223380312e-06
2.078300000000001546e+03 -3.600898538561237150e-07
2.079100000000000364e+03 1.523925091410155794e-06
2.080000000000000000e+03 -3.633053684404135315e-07
2.080800000000001546e+03 1.520122120935972727e-06
2.081600000000000364e+03 -3.711514479456016348e-07
2.082500000000000000e+03 1.509877318689283043e-06
2.083300000000001546e+03 -4.037733570564473045e-07
2.084199999999998454e+03 1.469659375555917890e-06
2.085000000000000000e+03 -4.409985431659954293e-07
2.085800000000001546e+03 1.440204154469975621e-06
2.086699999999998454e+03 -4.668231301087388794e-07
2.087500000000000000e+03 1.410263330616907264e-06
2.088300000000001546e+03 -4.954684796754761288e-07
2.089199999999998454e+03 1.387211935503653014e-06
2.090000000000000000e+03 -5.086355496858877690e-07
2.090800000000001546e+03 1.398054935725376897e-06
2.091699999999998454e+03 -4.952595436987477983e-07
2.092500000000000000e+03 1.406804457876190355e-06
2.093300000000001546e+03 -4.988436125671309218e-07
2.094199999999998454e+03 1.388153698646803749e-06
2.095000000000000000e+03 -5.289694726191636623e-07
2.095800000000001546e+03 1.355810460406071026e-06
2.096699999999998454e+03 -5.623455245218824815e-07
2.097500000000000000e+03 1.323691535058703433e-06
2.098300000000001546e+03 -6.015102591611923062e-07
2.099199999999998454e+03 1.286876412163199215e-06
2.100000000000000000e+03 -6.386538780462225913e-07
2.100800000000001546e+03 1.259801749104084556e-06
2.101699999999998454e+03 -6.513711451794493957e-07
2.102500000000000000e+03 1.263335208226947513e-06
2.103300000000001546e+03 -6.317943244068545779e-07
2.104199999999998454e+03 1.296853812138386317e-06
2.105000000000000000e+03 -5.970756540807663464e-07
2.105800000000001546e+03 1.333091373966084631e-06
2.106699999999998454e+03 -5.705178003025957073e-07
2.107500000000000000e+03 1.356511540323291925e-06
2.108300000000001546e+03 -5.437185068136256315e-07
2.109199999999998454e+03 1.398336287577866461e-06
2.110000000000000000e+03 -4.906232576340819735e-07
2.110800000000001546e+03 1.453457708856553853e-06
2.111699999999998454e+03 -4.511827358449801256e-07
2.112500000000000000e+03 1.468105374078566101e-06
2.113300000000001546e+03 -4.667979028513265943e-07
2.114199999999998454e+03 1.441643200506629780e-06
2.115000000000000000e+03 -4.838374068025335258e-07
2.115800000000001546e+03 1.447450550263848531e-06
2.116699999999998454e+03 -4.649897496914369383e-07
2.117500000000000000e+03 1.475872537082217397e-06
2.118300000000001546e+03 -4.404546305451645565e-07
2.119199999999998454e+03 1.495111823384070673e-06
2.120000000000000000e+03 -4.182386670618711513e-07
2.120800000000001546e+03 1.529562900804467243e-06
2.121699999999998454e+03 -3.898493331563889927e-07
2.122500000000000000e+03 1.556224973990074665e-06
2.123300000000001546e+03 -3.637141365523622425e-07
2.124199999999998454e+03 1.579777398109903226e-06
2.125000000000000000e+03 -3.477593925661281849e-07
2.125800000000001546e+03 1.606007660654451326e-06
2.126699999999998454e+03 -3.231585923775873473e-07
2.127500000000000000e+03 1.630337881335037492e-06
2.128399999999999181e+03 -2.895713692366489960e-07
2.129199999999998454e+03 1.677844495662696126e-06
2.130000000000000000e+03 -2.442613993603999566e-07
2.130899999999999181e+03 1.717189636813571482e-06
2.131699999999998454e+03 -2.253071262978017239e-07
2.132500000000000000e+03 1.720939411271763782e-06
2.133399999999999181e+03 -2.273684870471129730e-07
2.134199999999998454e+03 1.745362767343484762e-06
2.135000000000000000e+03 -1.735037081734597373e-07
2.135899999999999181e+03 1.832411632519492373e-06
2.136699999999998454e+03 -7.163627271382914258e-08
2.137500000000000000e+03 1.919994155407447319e-06
2.138399999999999181e+03 -1.760694325146477743e-08
2.139199999999998454e+03 1.943769200920473249e-06
2.140000000000000000e+03 -3.410596902314639407e-08
2.140899999999999181e+03 1.915232473503109039e-06
2.141699999999998454e+03 -4.812366390562708974e-08
2.142500000000000000e+03 1.943028481196114965e-06
2.143399999999999181e+03 1.994133451970576370e-08
2.144199999999998454e+03 2.044433492585006070e-06
2.145000000000000000e+03 1.193633267323223717e-07
2.145899999999999181e+03 2.107203732374435051e-06
2.146699999999998454e+03 1.400384213155903594e-07
2.147500000000000000e+03 2.109743515336495150e-06
2.148399999999999181e+03 1.261827352326608433e-07
2.149199999999998454e+03 2.105148393244680788e-06
2.150000000000000000e+03 1.394636743714977907e-07
2.150899999999999181e+03 2.144314731631912967e-06
2.151699999999998454e+03 1.995501781801678724e-07
2.152500000000000000e+03 2.231332248074947393e-06
2.153399999999999181e+03 2.729758462550743561e-07
2.154199999999998454e+03 2.244750867459946780e-06
2.155000000000000000e+03 2.054159618546098244e-07
2.155899999999999181e+03 2.124483722865506078e-06
2.156699999999998454e+03 9.001231900193739403e-08
2.157500000000000000e+03 2.114866893838291504e-06
2.158399999999999181e+03 2.191355109205091713e-07
2.159199999999998454e+03 2.355674455621263023e-06
2.160000000000000000e+03 5.055303336214419127e-07
2.160899999999999181e+03 2.606534914569352855e-06
2.161699999999998454e+03 6.541365210072731931e-07
2.162500000000000000e+03 2.658010744486009944e-06
2.163399999999999181e+03 6.542163150312579685e-07
2.164199999999998454e+03 2.657928063715764274e-06
2.165000000000000000e+03 6.980569431648181261e-07
2.165899999999999181e+03 2.807528375101439742e-06
2.166699999999998454e+03 9.252271615796376744e-07
2.167500000000000000e+03 3.064891245130349034e-06
2.168399999999999181e+03 1.145590184185844808e-06
2.169199999999998454e+03 3.204362998760248497e-06
2.170100000000000819e+03 1.194042434859183111e-06
2.170899999999999181e+03 3.214335012563168311e-06
2.171699999999998454e+03 1.225421608782826348e-06
2.172600000000000819e+03 3.297006220839690502e-06
2.173399999999999181e+03 1.352665480470969711e-06
2.174199999999998454e+03 3.448948869610671212e-06
2.175100000000000819e+03 1.457093238969825010e-06
2.175899999999999181e+03 3.523597283516601600e-06
2.176699999999998454e+03 1.495033956883532038e-06
2.177600000000000819e+03 3.542404344623685015e-06
2.178399999999999181e+03 1.534266581500927316e-06
2.179199999999998454e+03 3.668135821502274766e-06
2.180100000000000819e+03 1.736293884514424125e-06
2.180899999999999181e+03 3.927462066308378777e-06
2.181699999999998454e+03 2.025189682503637058e-06
2.182600000000000819e+03 4.167843672643178543e-06
2.183399999999999181e+03 2.160819688244966563e-06
2.184199999999998454e+03 4.255238977629806028e-06
2.185100000000000819e+03 2.237663875131737038e-06
2.185899999999999181e+03 4.388677945985575295e-06
2.186699999999998454e+03 2.470742098154508069e-06
2.187600000000000819e+03 4.700705532248042483e-06
2.188399999999999181e+03 2.788427909824932773e-06
2.189199999999998454e+03 5.032477488577835887e-06
2.190100000000000819e+03 3.062750574507368702e-06
2.190899999999999181e+03 5.223331213533722309e-06
2.191699999999998454e+03 3.145711580033456832e-06
2.192600000000000819e+03 5.187074285693377424e-06
2.193399999999999181e+03 3.058697419357302314e-06
2.194199999999998454e+03 5.151549090537145649e-06
2.195100000000000819e+03 3.193445554375532127e-06
2.195899999999999181e+03 5.482212742369497431e-06
2.196699999999998454e+03 3.664587759195500066e-06
2.197600000000000819e+03 6.066805578805052082e-06
2.198399999999999181e+03 4.226943931998398942e-06
2.199199999999998454e+03 6.657364690667645362e-06
2.200100000000000819e+03 4.771638485849438449e-06
2.200899999999999181e+03 7.146289455188450488e-06
2.201699999999998454e+03 5.177396332688745791e-06
2.202600000000000819e+03 7.403970411975085793e-06
2.203399999999999181e+03 5.305786672325599489e-06
2.204199999999998454e+03 7.427391001963820258e-06
2.205100000000000819e+03 5.358525166266848884e-06
2.205899999999999181e+03 7.602785801272271887e-06
2.206699999999998454e+03 5.636424334061195074e-06
2.207600000000000819e+03 8.098133001293544544e-06
2.208399999999999181e+03 6.260920367812161803e-06
2.209199999999998454e+03 8.886587193221056320e-06
2.210100000000000819e+03 7.139259562338155078e-06
2.210899999999999181e+03 9.883198545574588823e-06
2.211800000000001546e+03 8.202107882560707227e-06
2.212600000000000819e+03 1.074963366575772688e-05
2.213399999999999181e+03 8.900340723587274794e-06
2.214300000000001546e+03 1.140310497754470559e-05
2.215100000000000819e+03 9.499532235587315279e-06
2.215899999999999181e+03 1.208714528490585707e-05
2.216800000000001546e+03 1.028610480757039436e-05
2.217600000000000819e+03 1.295934894838281215e-05
2.218399999999999181e+03 1.117314050676164439e-05
2.219300000000001546e+03 1.392230728459337479e-05
2.220100000000000819e+03 1.240227772714597260e-05
2.220899999999999181e+03 1.543325263888014562e-05
2.221800000000001546e+03 1.397436675771617905e-05
2.222600000000000819e+03 1.690808437382015396e-05
2.223399999999999181e+03 1.515757899207762757e-05
2.224300000000001546e+03 1.768929540468309230e-05
2.225100000000000819e+03 1.581777389780699800e-05
2.225899999999999181e+03 1.862207755946814451e-05
2.226800000000001546e+03 1.716286169960431281e-05
2.227600000000000819e+03 2.054176805882321560e-05
2.228399999999999181e+03 1.980088735448578535e-05
2.229300000000001546e+03 2.406464728690213304e-05
2.230100000000000819e+03 2.431171191659320017e-05
2.230899999999999181e+03 2.956892076175720612e-05
2.231800000000001546e+03 3.044227364678778660e-05
2.232600000000000819e+03 3.578724454080291900e-05
2.233399999999999181e+03 3.636349204828172148e-05
2.234300000000001546e+03 4.139664036343387757e-05
2.235100000000000819e+03 4.177012813924900969e-05
2.235899999999999181e+03 4.680705343205526293e-05
2.236800000000001546e+03 4.762417601002674050e-05
2.237600000000000819e+03 5.341490034798183196e-05
2.238399999999999181e+03 5.499135217808869621e-05
2.239300000000001546e+03 6.139522263208826546e-05
2.240100000000000819e+03 6.379847944130226649e-05
2.240899999999999181e+03 7.121048369232704030e-05
2.241800000000001546e+03 7.347594136621597325e-05
2.242600000000000819e+03 8.108363400068327475e-05
2.243399999999999181e+03 8.332020874941941096e-05
2.244300000000001546e+03 8.991032063407642999e-05
2.245100000000000819e+03 9.204409816693012573e-05
2.245899999999999181e+03 9.925472130431652312e-05
2.246800000000001546e+03 1.024720151410181906e-04
2.247600000000000819e+03 1.117552313150513179e-04
2.248399999999999181e+03 1.173803680748369984e-04
2.249300000000001546e+03 1.301173945928430615e-04
2.250100000000000819e+03 1.398876084921009421e-04
2.250899999999999181e+03 1.569103941277026019e-04
2.251800000000001546e+03 1.689468853975941408e-04
2.252600000000000819e+03 1.886897182876670794e-04
2.253500000000000000e+03 2.034343951292834633e-04
2.254300000000001546e+03 2.252298074923080127e-04
2.255100000000000819e+03 2.423469963876854127e-04
2.256000000000000000e+03 2.668286048202618945e-04
2.256800000000001546e+03 2.868581242941200507e-04
2.257600000000000819e+03 3.117600932127787060e-04
2.258500000000000000e+03 3.306672523977338273e-04
2.259300000000001546e+03 3.541483914353841991e-04
2.260100000000001273e+03 3.718439341947097731e-04
2.261000000000000000e+03 3.950204216459052525e-04
2.261800000000001546e+03 4.199035692210222677e-04
2.262600000000001273e+03 4.591012866006214440e-04
2.263500000000000000e+03 5.045681756462227704e-04
2.264300000000001546e+03 5.599713118901362583e-04
2.265100000000001273e+03 6.120578974306527384e-04
2.266000000000000000e+03 6.643373260939815488e-04
2.266800000000001546e+03 7.024350842146192793e-04
2.267600000000001273e+03 7.490001169554963856e-04
2.268500000000000000e+03 8.034391283635309352e-04
2.269300000000001546e+03 8.758199637448522718e-04
2.270100000000001273e+03 9.716031426998656241e-04
2.271000000000000000e+03 1.092196816423175298e-03
2.271800000000001546e+03 1.216014326064333156e-03
2.272600000000001273e+03 1.354996633983971029e-03
2.273500000000000000e+03 1.497462100834560722e-03
2.274300000000001546e+03 1.653304640921143169e-03
2.275100000000001273e+03 1.815569737545772886e-03
2.276000000000000000e+03 2.001007478678463146e-03
2.276800000000001546e+03 2.170987510591386102e-03
2.277600000000001273e+03 2.343817674896858227e-03
2.278500000000000000e+03 2.473111227207936552e-03
2.279300000000001546e+03 2.609868259236841626e-03
2.280100000000001273e+03 2.721297875256746546e-03
2.281000000000000000e+03 2.889957689776242490e-03
2.281800000000001546e+03 3.093680880569125990e-03
2.282600000000001273e+03 3.388170454481393735e-03
2.283500000000000000e+03 3.752681780840615589e-03
2.284300000000001546e+03 4.143322094576060155e-03
2.285100000000001273e+03 4.486276930701414353e-03
2.286000000000000000e+03 4.763503822496414387e-03
2.286800000000001546e+03 4.934308725510524150e-03
2.287600000000001273e+03 5.058438512105618498e-03
2.288500000000000000e+03 5.177445080573706698e-03
2.289300000000001546e+03 5.389746809781364306e-03
2.290100000000001273e+03 5.642635162588159094e-03
2.291000000000000000e+03 5.960090104154372979e-03
2.291800000000001546e+03 6.326098060178482474e-03
2.292600000000001273e+03 6.711200904672641118e-03
2.293500000000000000e+03 7.156377120398146538e-03
2.294300000000001546e+03 7.632954115255157802e-03
2.295199999999998454e+03 8.146260568661096296e-03
2.296000000000000000e+03 8.653975085915187673e-03
2.296800000000001546e+03 9.135607820448881158e-03
2.297699999999998454e+03 9.569270336467781968e-03
2.298500000000000000e+03 9.942589567454068050e-03
2.299300000000001546e+03 1.026437402322270473e-02
2.300199999999998454e+03 1.049294441342973026e-02
2.301000000000000000e+03 1.071667330047497597e-02
2.301800000000001546e+03 1.098212686695632101e-02
2.302699999999998454e+03 1.134971799451432728e-02
2.303500000000000000e+03 1.183728459636067439e-02
2.304300000000001546e+03 1.253653987207682327e-02
2.305199999999998454e+03 1.331293239691800495e-02
2.306000000000000000e+03 1.403429518644662248e-02
2.306800000000001546e+03 1.463886579001577072e-02
2.307699999999998454e+03 1.520639284251836150e-02
2.308500000000000000e+03 1.561596888030741294e-02
2.309300000000001546e+03 1.615749706083125653e-02
2.310199999999998454e+03 1.673899487589505450e-02
2.311000000000000000e+03 1.740524017786629699e-02
2.311800000000001546e+03 1.781287053657222216e-02
2.312699999999998454e+03 1.798299187985867575e-02
2.313500000000000000e+03 1.768733035958730895e-02
2.314300000000001546e+03 1.723999664901533502e-02
2.315199999999998454e+03 1.666832103349099800e-02
2.316000000000000000e+03 1.642741993991881852e-02
2.316800000000001546e+03 1.656942727953272798e-02
2.317699999999998454e+03 1.706430455115335101e-02
2.318500000000000000e+03 1.771195545504389984e-02
2.319300000000001546e+03 1.830881596482791460e-02
2.320199999999998454e+03 1.865620592044340414e-02
2.321000000000000000e+03 1.869547353702490089e-02
2.321800000000001546e+03 1.840927715543481599e-02
2.322699999999998454e+03 1.805456745222661433e-02
2.323500000000000000e+03 1.761124916333943816e-02
2.324300000000001546e+03 1.724718325527109866e-02
2.325199999999998454e+03 1.707963093459985773e-02
2.326000000000000000e+03 1.698665591825686619e-02
2.326800000000001546e+03 1.700486299608462704e-02
2.327699999999998454e+03 1.710736972177737472e-02
2.328500000000000000e+03 1.726165632378534251e-02
2.329300000000001546e+03 1.745943172794398382e-02
2.330199999999998454e+03 1.772483990533318607e-02
2.331000000000000000e+03 1.788480619573780753e-02
2.331800000000001546e+03 1.789197767229619776e-02
2.332699999999998454e+03 1.771232461965999150e-02
2.333500000000000000e+03 1.745738316691865591e-02
2.334300000000001546e+03 1.722387444348660868e-02
2.335199999999998454e+03 1.704544387039875347e-02
2.336000000000000000e+03 1.687547987596505969e-02
2.336899999999998727e+03 1.657987887448321429e-02
2.337699999999998454e+03 1.623487941105385135e-02
2.338500000000000000e+03 1.589334767426410847e-02
2.339399999999998727e+03 1.569621074333493738e-02
2.340199999999998454e+03 1.574684681452817939e-02
2.341000000000000000e+03 1.587530641791963862e-02
2.341899999999998727e+03 1.583033551061356625e-02
2.342699999999997999e+03 1.558219334387506323e-02
2.343500000000000000e+03 1.505654226778237528e-02
2.344399999999998727e+03 1.425219006218192593e-02
2.345199999999997999e+03 1.345551466503237120e-02
2.346000000000000000e+03 1.270056092137944632e-02
2.346899999999998727e+03 1.200216803841398609e-02
2.347699999999997999e+03 1.136212434636638645e-02
2.348500000000000000e+03 1.072823238927371817e-02
2.349399999999998727e+03 9.997828092590478957e-03
2.350199999999997999e+03 9.188098792540982940e-03
2.351000000000000000e+03 8.319763399312110272e-03
2.351899999999998727e+03 7.439685847946182588e-03
2.352699999999997999e+03 6.589281869458793808e-03
2.353500000000000000e+03 5.877352143653009377e-03
2.354399999999998727e+03 5.210439016839381321e-03
2.355199999999997999e+03 4.605588513868693994e-03
2.356000000000000000e+03 4.082086762585890663e-03
2.356899999999998727e+03 3.555697659854980576e-03
2.357699999999997999e+03 3.077477277268497995e-03
2.358500000000000000e+03 2.649446942396481777e-03
2.359399999999998727e+03 2.246874138930939936e-03
2.360199999999997999e+03 1.895871514174921101e-03
2.361000000000000000e+03 1.586664981026638613e-03
2.361899999999998727e+03 1.329173569088784243e-03
2.362699999999997999e+03 1.125640709888948423e-03
2.363500000000000000e+03 9.538054744832215456e-04
2.364399999999998727e+03 8.208723221702779200e-04
2.365199999999997999e+03 6.994277542662859009e-04
2.366000000000000000e+03 5.969540113138268461e-04
2.366899999999998727e+03 5.057709563285821925e-04
2.367699999999997999e+03 4.306842350895380314e-04
2.368500000000000000e+03 3.651519782651051812e-04
2.369399999999998727e+03 3.166041079043220401e-04
2.370199999999997999e+03 2.762520551333759434e-04
2.371000000000000000e+03 2.462479891452565360e-04
2.371899999999998727e+03 2.187588117151280777e-04
2.372699999999997999e+03 1.988891314422166210e-04
2.373500000000000000e+03 1.790624497692606411e-04
2.374399999999998727e+03 1.644477067687483910e-04
2.375199999999997999e+03 1.500479870274087208e-04
2.376000000000000000e+03 1.393058111090290311e-04
2.376899999999998727e+03 1.272127952897237528e-04
2.377699999999997999e+03 1.191528212007876688e-04
2.378500000000000000e+03 1.101336152201058682e-04
2.379399999999998727e+03 1.041194001365422511e-04
2.380199999999997999e+03 9.606274247727200936e-05
2.381100000000001273e+03 9.143838375823900048e-05
2.381899999999998727e+03 8.413788719247265594e-05
2.382699999999997999e+03 8.086305209069321058e-05
2.383600000000001273e+03 7.520924758031080355e-05
2.384399999999998727e+03 7.190160524273136859e-05
2.385199999999997999e+03 6.599839069697001619e-05
2.386100000000001273e+03 6.146628682068474030e-05
2.386899999999998727e+03 5.478822207143315331e-05
2.387699999999997999e+03 5.059103008414573633e-05
2.388600000000001273e+03 4.558705212813720422e-05
2.389399999999998727e+03 4.368436559307418288e-05
2.390199999999997999e+03 4.038071083853637857e-05
2.391100000000001273e+03 3.985641659370476323e-05
2.391899999999998727e+03 3.682966026523182794e-05
2.392699999999997999e+03 3.613209452282216519e-05
2.393600000000001273e+03 3.333691379634695461e-05
2.394399999999998727e+03 3.296396424438645384e-05
2.395199999999997999e+03 3.083737946044571399e-05
2.396100000000001273e+03 3.111226245952251570e-05
2.396899999999998727e+03 2.921410454547944968e-05
2.397699999999997999e+03 2.940347237680371182e-05
2.398600000000001273e+03 2.724527278903232376e-05
2.399399999999998727e+03 2.705939689186348350e-05
2.400199999999997999e+03 2.463312629996391534e-05
2.401100000000001273e+03 2.452138259142638921e-05
2.401899999999998727e+03 2.217503462593960434e-05
2.402699999999997999e+03 2.226437836361428967e-05
2.403600000000001273e+03 2.021635701459246421e-05
2.404399999999998727e+03 2.058685213626570344e-05
2.405199999999997999e+03 1.873259092101467528e-05
2.406100000000001273e+03 1.908616196319801395e-05
2.406899999999998727e+03 1.691419189979933920e-05
2.407699999999997999e+03 1.698560864060418485e-05
2.408600000000001273e+03 1.473589051193783129e-05
2.409399999999998727e+03 1.480720122382342039e-05
2.410199999999997999e+03 1.290654933046413935e-05
2.411100000000001273e+03 1.353184761944465569e-05
2.411899999999998727e+03 1.189605197211413194e-05
2.412699999999997999e+03 1.275005137188703324e-05
2.413600000000001273e+03 1.130888748019342056e-05
2.414399999999998727e+03 1.227921425136286746e-05
2.415199999999997999e+03 1.074446715975095250e-05
2.416100000000001273e+03 1.158291453782249969e-05
2.416899999999998727e+03 9.838956466050732613e-06
2.417699999999997999e+03 1.039599725238831702e-05
2.418600000000001273e+03 8.639279066180342314e-06
2.419399999999998727e+03 9.474972984573718456e-06
2.420199999999997999e+03 8.084889659452701156e-06
2.421100000000001273e+03 9.326954313596572495e-06
2.421899999999998727e+03 8.058969371122146606e-06
2.422800000000002001e+03 9.148285901665890435e-06
2.423600000000001273e+03 7.567795350140256013e-06
2.424399999999998727e+03 8.334636860137829292e-06
2.425300000000002001e+03 6.565124553985813855e-06
2.426100000000001273e+03 7.378341672913056323e-06
2.426899999999998727e+03 5.747503845857777454e-06
2.427800000000002001e+03 6.783099647376631083e-06
2.428600000000001273e+03 5.422762411773690169e-06
2.429399999999998727e+03 6.718299758683600357e-06
2.430300000000002001e+03 5.450485675881690543e-06
2.431100000000001273e+03 6.712110441560373010e-06
2.431899999999998727e+03 5.268092510986345884e-06
2.432800000000002001e+03 6.286887633853081854e-06
2.433600000000001273e+03 4.672954096643519213e-06
2.434399999999998727e+03 5.702301877813309548e-06
2.435300000000002001e+03 4.177839984740091049e-06
2.436100000000001273e+03 5.342033221193541916e-06
2.436899999999998727e+03 3.970787504038615115e-06
2.437800000000002001e+03 5.215850516220272581e-06
2.438600000000001273e+03 3.861482309346702752e-06
2.439399999999998727e+03 5.108373117574362745e-06
2.440300000000002001e+03 3.672385148308578020e-06
2.441100000000001273e+03 4.829582252318466483e-06
2.441899999999998727e+03 3.319053246122032176e-06
2.442800000000002001e+03 4.413086051322337172e-06
2.443600000000001273e+03 2.844408694888896510e-06
2.444399999999998727e+03 3.975890024739602637e-06
2.445300000000002001e+03 2.517562520187168693e-06
2.446100000000001273e+03 3.786973775544935435e-06
2.446899999999998727e+03 2.487442590976509785e-06
2.447800000000002001e+03 3.910553031789563314e-06
2.448600000000001273e+03 2.671879523809052133e-06
2.449399999999998727e+03 4.048918380909416574e-06
2.450300000000002001e+03 2.707767114554761760e-06
2.451100000000001273e+03 3.946655213085100451e-06
2.451899999999998727e+03 2.476229427578672394e-06
2.452800000000002001e+03 3.705906496747122252e-06
2.453600000000001273e+03 2.301319837665217491e-06
2.454399999999998727e+03 3.636142436331891645e-06
2.455300000000002001e+03 2.269371998935828781e-06
2.456100000000001273e+03 3.610180517126025500e-06
2.456899999999998727e+03 2.219904162484317110e-06
2.457800000000002001e+03 3.489304538379291548e-06
2.458600000000001273e+03 2.082682729235818537e-06
2.459399999999998727e+03 3.366124125165130347e-06
2.460300000000002001e+03 1.954672538375349324e-06
2.461100000000001273e+03 3.270272438940378543e-06
2.461899999999998727e+03 1.885620387714725283e-06
2.462800000000002001e+03 3.217628687164126076e-06
2.463600000000001273e+03 1.795980047452586410e-06
2.464500000000000000e+03 3.083262177580741986e-06
2.465300000000002001e+03 1.599352957065736339e-06
2.466100000000001273e+03 2.843132365721630062e-06
2.467000000000000000e+03 1.359908886636640063e-06
2.467800000000002001e+03 2.664454936491309680e-06
2.468600000000001273e+03 1.270470282733434325e-06
2.469500000000000000e+03 2.649354802539434354e-06
2.470300000000002001e+03 1.275114918272896427e-06
2.471100000000001273e+03 2.623851246593531180e-06
2.472000000000000000e+03 1.200640607846604575e-06
2.472800000000002001e+03 2.520907635759220337e-06
2.473600000000001273e+03 1.104514054357660003e-06
2.474500000000000000e+03 2.477969554593200172e-06
2.475300000000002001e+03 1.113650818086988721e-06
2.476100000000001273e+03 2.537378792628327544e-06
2.477000000000000000e+03 1.173288211958614465e-06
2.477800000000002001e+03 2.573208820927383345e-06
2.478600000000001273e+03 1.168744854613417661e-06
2.479500000000000000e+03 2.510493380901867804e-06
2.480300000000002001e+03 1.057531532747264185e-06
2.481100000000001273e+03 2.362236144856422146e-06
2.482000000000000000e+03 9.014049023329664868e-07
2.482800000000002001e+03 2.231820483409417863e-06
2.483600000000001273e+03 7.922466321323167922e-07
2.484500000000000000e+03 2.175391247458028060e-06
2.485300000000002001e+03 7.812463193691088200e-07
2.486100000000001273e+03 2.200974116908729023e-06
2.487000000000000000e+03 8.093345965042335827e-07
2.487800000000002001e+03 2.219352574870598672e-06
2.488600000000001273e+03 7.999293109057949864e-07
2.489500000000000000e+03 2.148537823542958216e-06
2.490300000000002001e+03 6.760312144445087119e-07
2.491100000000001273e+03 2.013713598250659786e-06
2.492000000000000000e+03 5.407912129644358064e-07
2.492800000000002001e+03 1.902107854397607934e-06
2.493600000000001273e+03 4.526349961593267534e-07
2.494500000000000000e+03 1.838877490251442326e-06
2.495300000000002001e+03 4.049872308329260230e-07
2.496100000000001273e+03 1.817504220652851092e-06
2.497000000000000000e+03 4.075808845954800220e-07
2.497800000000002001e+03 1.823210734002967945e-06
2.498600000000001273e+03 3.854611459875272148e-07
2.499500000000000000e+03 1.762738616571219938e-06
2.500300000000002001e+03 2.952132518480896690e-07
2.501100000000001273e+03 1.667854962880585454e-06
2.502000000000000000e+03 2.033367178029945351e-07
2.502800000000002001e+03 1.602938350387828569e-06
2.503600000000001273e+03 1.534947136470680331e-07
2.504500000000000000e+03 1.563835296498799586e-06
2.505300000000002001e+03 1.198186701046875711e-07
2.506199999999997999e+03 1.535805716537632945e-06
2.507000000000000000e+03 9.309615377804510587e-08
2.507800000000002001e+03 1.515425772090864427e-06
2.508699999999997999e+03 8.347719751537963223e-08
2.509500000000000000e+03 1.522836418905440977e-06
2.510300000000002001e+03 8.927864971655920702e-08
2.511199999999997999e+03 1.515009602530956883e-06
2.512000000000000000e+03 6.068219025393719669e-08
2.512800000000002001e+03 1.471318492118791029e-06
2.513699999999997999e+03 1.997713138370615544e-09
2.514500000000000000e+03 1.424273369872512889e-06
2.515300000000002001e+03 -2.949237962270894890e-08
2.516199999999997999e+03 1.407801093405799867e-06
2.517000000000000000e+03 -4.047430072578108612e-08
2.517800000000002001e+03 1.401871765002360300e-06
2.518699999999997999e+03 -3.951934448651480237e-08
2.519500000000000000e+03 1.399450408233575899e-06
2.520300000000002001e+03 -4.290428142207202286e-08
2.521199999999997999e+03 1.395596692754379501e-06
2.522000000000000000e+03 -6.909539133573835654e-08
2.522800000000002001e+03 1.347023132167444047e-06
2.523699999999997999e+03 -1.364187319954763737e-07
2.524500000000000000e+03 1.280884900703524767e-06
2.525300000000002001e+03 -1.961396720560377239e-07
2.526199999999997999e+03 1.242120388923084210e-06
2.527000000000000000e+03 -2.060852996667256077e-07
2.527800000000002001e+03 1.242744749170826843e-06
2.528699999999997999e+03 -2.045805907434396985e-07
2.529500000000000000e+03 1.243140905167039397e-06
2.530300000000002001e+03 -2.179146653794773301e-07
2.531199999999997999e+03 1.218052868204054849e-06
2.532000000000000000e+03 -2.577846254730892536e-07
2.532800000000002001e+03 1.180385344210010327e-06
2.533699999999997999e+03 -2.872975784582959515e-07
2.534500000000000000e+03 1.170675549244271383e-06
2.535300000000002001e+03 -2.754693958878799929e-07
2.536199999999997999e+03 1.190499943306983776e-06
2.537000000000000000e+03 -2.625944773079473631e-07
2.537800000000002001e+03 1.191680528723285931e-06
2.538699999999997999e+03 -2.740278383214604038e-07
2.539500000000000000e+03 1.183435790769938327e-06
2.540300000000002001e+03 -2.806818368662764628e-07
2.541199999999997999e+03 1.180376444922010878e-06
2.542000000000000000e+03 -2.925302781014854945e-07
2.542800000000002001e+03 1.157060068288834100e-06
2.543699999999997999e+03 -3.326101173571605605e-07
2.544500000000000000e+03 1.114519898163923590e-06
2.545300000000002001e+03 -3.732204461661508920e-07
2.546199999999997999e+03 1.079544637248079251e-06
2.547000000000000000e+03 -4.058629921842233763e-07
2.547899999999998727e+03 1.051122078527149074e-06
2.548699999999997999e+03 -4.333261828461307483e-07
2.549500000000000000e+03 1.028918672692681711e-06
2.550399999999998727e+03 -4.474394368972670904e-07
2.551199999999997999e+03 1.025315958893028769e-06
2.552000000000000000e+03 -4.513744593701866703e-07
2.552899999999998727e+03 1.025977852894033240e-06
2.553699999999997999e+03 -4.501591210390016221e-07
2.554500000000000000e+03 1.031750467892005749e-06
2.555399999999998727e+03 -4.352170319059634964e-07
2.556199999999997999e+03 1.061852816394308971e-06
2.557000000000000000e+03 -3.953501945818903188e-07
2.557899999999998727e+03 1.108266667147080856e-06
2.558699999999997999e+03 -3.534203806568266164e-07
2.559500000000000000e+03 1.129495091074829461e-06
2.560399999999998727e+03 -3.637520727555741513e-07
2.561199999999997999e+03 1.097859290250156388e-06
2.562000000000000000e+03 -4.102664421918028200e-07
2.562899999999998727e+03 1.052755647083025796e-06
2.563699999999997999e+03 -4.364707240200084230e-07
2.564500000000000000e+03 1.047777265549045864e-06
2.565399999999998727e+03 -4.239756667522096373e-07
2.566199999999997999e+03 1.075688198423354155e-06
2.567000000000000000e+03 -3.910931455780444166e-07
2.567899999999998727e+03 1.106959104232542559e-06
2.568699999999997999e+03 -3.725891928282812363e-07
2.569500000000000000e+03 1.118336334068773394e-06
2.570399999999998727e+03 -3.770276680852965814e-07
2.571199999999997999e+03 1.105755264471366207e-06
2.572000000000000000e+03 -3.919005872678501554e-07
2.572899999999998727e+03 1.086523924286577356e-06
2.573699999999997999e+03 -4.075599148349106720e-07
2.574500000000000000e+03 1.073745530149992992e-06
2.575399999999998727e+03 -4.215436586764692408e-07
2.576199999999997999e+03 1.069746012803079712e-06
2.577000000000000000e+03 -4.182165474443006669e-07
2.577899999999998727e+03 1.082897650522163612e-06
2.578699999999997999e+03 -4.080612222279181447e-07
2.579500000000000000e+03 1.087437346480594116e-06
2.580399999999998727e+03 -4.137897190283286344e-07
2.581199999999997999e+03 1.072198630552592210e-06
2.582000000000000000e+03 -4.231879935250016004e-07
2.582899999999998727e+03 1.074805471359382854e-06
2.583699999999997999e+03 -4.202331545487605167e-07
2.584500000000000000e+03 1.074702680195379414e-06
2.585399999999998727e+03 -4.346335097373900827e-07
2.586199999999997999e+03 1.049624722636790027e-06
2.587000000000000000e+03 -4.611614369741424197e-07
2.587899999999998727e+03 1.035306400667357977e-06
2.588699999999997999e+03 -4.558848339750942028e-07
2.589600000000001273e+03 1.054748122320163110e-06
2.590399999999998727e+03 -4.337522926172173235e-07
2.591199999999997999e+03 1.070724532033046802e-06
2.592100000000001273e+03 -4.351766658733518843e-07
2.592899999999998727e+03 1.061496693577366129e-06
2.593699999999997999e+03 -4.471544872027410431e-07
2.594600000000001273e+03 1.054919118159957887e-06
2.595399999999998727e+03 -4.452658440527869624e-07
2.596199999999997999e+03 1.058693221171537721e-06
2.597100000000001273e+03 -4.477654516164235235e-07
2.597899999999998727e+03 1.049109647219166803e-06
2.598699999999997999e+03 -4.634739204405762855e-07
2.599600000000001273e+03 1.034833930477558100e-06
2.600399999999998727e+03 -4.767725310659537669e-07
2.601199999999997999e+03 1.031779283913636562e-06
2.602100000000001273e+03 -4.692540095090547118e-07
2.602899999999998727e+03 1.047218495565386627e-06
2.603699999999997999e+03 -4.468471395042132022e-07
2.604600000000001273e+03 1.068862072337378837e-06
2.605399999999998727e+03 -4.344144619787144556e-07
2.606199999999997999e+03 1.078116151740196399e-06
2.607100000000001273e+03 -4.273096166075942721e-07
2.607899999999998727e+03 1.085684207926318863e-06
2.608699999999997999e+03 -4.239726408127337759e-07
2.609600000000001273e+03 1.084369437223949513e-06
2.610399999999998727e+03 -4.358933112232374531e-07
2.611199999999997999e+03 1.065154279763478484e-06
2.612100000000001273e+03 -4.528016134647000157e-07
2.612899999999998727e+03 1.056534031798963890e-06
2.613699999999997999e+03 -4.598310221646802618e-07
2.614600000000001273e+03 1.052035337320434273e-06
2.615399999999998727e+03 -4.667149436946496147e-07
2.616199999999997999e+03 1.040324800250909564e-06
2.617100000000001273e+03 -4.889204676867505040e-07
2.617899999999998727e+03 1.014726834993350833e-06
2.618699999999997999e+03 -5.139800275333250235e-07
2.619600000000001273e+03 9.954238254320697668e-07
2.620399999999998727e+03 -5.283247962137784523e-07
2.621199999999997999e+03 9.919077109942841168e-07
2.622100000000001728e+03 -5.211576467488454969e-07
2.622899999999998272e+03 1.006915281457584457e-06
2.623699999999997999e+03 -4.967481797393187416e-07
2.624600000000001728e+03 1.038736009547401154e-06
2.625399999999998272e+03 -4.702071199252400862e-07
2.626199999999997999e+03 1.054952509402077278e-06
2.627100000000001728e+03 -4.703160092650698755e-07
2.627899999999998272e+03 1.043240595530090375e-06
2.628699999999997999e+03 -4.886484508575456456e-07
2.629600000000001728e+03 1.027923413965533546e-06
2.630399999999998272e+03 -4.978331303384785249e-07
2.631199999999997999e+03 1.025186630239819527e-06
2.632100000000001728e+03 -4.929408519122908359e-07
2.632899999999998272e+03 1.036941920954195952e-06
2.633800000000002001e+03 -4.796814272031289889e-07
2.634600000000001728e+03 1.049905127370223451e-06
2.635399999999998272e+03 -4.724027718685013825e-07
2.636300000000002001e+03 1.049252411043649421e-06
2.637100000000001728e+03 -4.801305976589628276e-07
2.637899999999998272e+03 1.041014902059710870e-06
2.638800000000002001e+03 -4.836286442121374443e-07
2.639600000000001728e+03 1.046981201391670137e-06
2.640399999999998272e+03 -4.722090814826353162e-07
2.641300000000002001e+03 1.064706001959790193e-06
2.642100000000001728e+03 -4.634094376703402475e-07
2.642899999999998272e+03 1.056553470434158763e-06
2.643800000000002001e+03 -4.875226652051554494e-07
2.644600000000001728e+03 1.019796433472837764e-06
2.645399999999998272e+03 -5.250635596840044208e-07
2.646300000000002001e+03 9.938476105330249509e-07
2.647100000000001728e+03 -5.361750817748381830e-07
2.647899999999998272e+03 9.963452512360011963e-07
2.648800000000002001e+03 -5.299507696615691949e-07
2.649600000000001728e+03 1.006543090902022800e-06
2.650399999999998272e+03 -5.218106983495132989e-07
2.651300000000002001e+03 1.012425626177404734e-06
2.652100000000001728e+03 -5.149497715388104213e-07
2.652899999999998272e+03 1.020845889801943427e-06
2.653800000000002001e+03 -5.045485251952647562e-07
2.654600000000001728e+03 1.037762858334064488e-06
2.655399999999998272e+03 -4.837649627855357998e-07
2.656300000000002001e+03 1.060255298881351635e-06
2.657100000000001728e+03 -4.628477325253895733e-07
2.657899999999998272e+03 1.077193709220601241e-06
2.658800000000002001e+03 -4.573501814776745664e-07
2.659600000000001728e+03 1.070604408287724248e-06
2.660399999999998272e+03 -4.754259879990841137e-07
2.661300000000002001e+03 1.040661133423679722e-06
2.662100000000001728e+03 -5.172852733268389393e-07
2.662899999999998272e+03 1.000155907596452867e-06
2.663800000000002001e+03 -5.471862304273100704e-07
2.664600000000001728e+03 9.850363138278061504e-07
2.665399999999998272e+03 -5.442944338741142308e-07
2.666300000000002001e+03 1.004388894329584776e-06
2.667100000000001728e+03 -5.187582583006574168e-07
2.667899999999998272e+03 1.029590612812747059e-06
2.668800000000002001e+03 -5.002303945771539829e-07
2.669600000000001728e+03 1.040975165422510495e-06
2.670399999999998272e+03 -4.990171501960862901e-07
2.671300000000002001e+03 1.032651017739491059e-06
2.672100000000001728e+03 -5.164402676243771021e-07
2.672899999999998272e+03 1.008663608768092328e-06
2.673800000000002001e+03 -5.400723405230958468e-07
2.674600000000001728e+03 9.905397442759235755e-07
2.675500000000000000e+03 -5.503210462317115303e-07
2.676300000000002001e+03 9.960689980915296026e-07
2.677100000000001728e+03 -5.337486111683395552e-07
2.678000000000000000e+03 1.020338318714220169e-06
2.678800000000002001e+03 -5.100877313258084288e-07
2.679600000000001728e+03 1.037727094755397173e-06
2.680500000000000000e+03 -5.092770216213678174e-07
2.681300000000002001e+03 1.023847972771224771e-06
2.682100000000001728e+03 -5.273420315907265128e-07
2.683000000000000000e+03 1.006854326932778055e-06
2.683800000000002001e+03 -5.393760415902476980e-07
2.684600000000001728e+03 1.005211524722590052e-06
2.685500000000000000e+03 -5.380868461283295314e-07
2.686300000000002001e+03 1.009901033431514263e-06
2.687100000000001728e+03 -5.287849205705157139e-07
2.688000000000000000e+03 1.021526332811936665e-06
2.688800000000002001e+03 -5.214350043612255895e-07
2.689600000000001728e+03 1.026439680854696030e-06
2.690500000000000000e+03 -5.217185046307423583e-07
2.691300000000002001e+03 1.022046854920616863e-06
2.692100000000001728e+03 -5.255097647191521906e-07
2.693000000000000000e+03 1.020054878963492770e-06
2.693800000000002001e+03 -5.296976649540901644e-07
2.694600000000001728e+03 1.013963329944738635e-06
2.695500000000000000e+03 -5.350894352095990151e-07
2.696300000000002001e+03 1.010076208093725848e-06
2.697100000000001728e+03 -5.346677402842080520e-07
2.698000000000000000e+03 1.021044252238360638e-06
2.698800000000002001e+03 -5.194532258201361655e-07
2.699600000000001728e+03 1.038310220525898923e-06
2.700500000000000000e+03 -5.046372578444621495e-07
2.701300000000002001e+03 1.043630899359355859e-06
2.702100000000001728e+03 -5.116955037476503617e-07
2.703000000000000000e+03 1.027408577597127933e-06
2.703800000000002001e+03 -5.340537136197763535e-07
2.704600000000001728e+03 1.006487764624642009e-06
2.705500000000000000e+03 -5.484326784422493168e-07
2.706300000000002001e+03 1.003407795486215128e-06
2.707100000000001728e+03 -5.460143173535462516e-07
2.708000000000000000e+03 1.014017675817729002e-06
2.708800000000002001e+03 -5.303051525633141579e-07
2.709600000000001728e+03 1.026120404902752590e-06
2.710500000000000000e+03 -5.228757146645916833e-07
2.711300000000002001e+03 1.030994134319951724e-06
2.712100000000001728e+03 -5.202726804896621434e-07
2.713000000000000000e+03 1.031799790705466101e-06
2.713800000000002001e+03 -5.218970350598331096e-07
2.714600000000001728e+03 1.025744613479214743e-06
2.715500000000000000e+03 -5.382344151447010709e-07
2.716300000000002001e+03 1.004438489477598083e-06
2.717199999999997999e+03 -5.592550720161403821e-07
2.718000000000000000e+03 9.886948592367328360e-07
2.718800000000002001e+03 -5.665928844675265315e-07
2.719699999999997999e+03 9.956971494671287013e-07
2.720500000000000000e+03 -5.451385802097650165e-07
2.721300000000002001e+03 1.027087601067199677e-06
2.722199999999997999e+03 -5.156692885052586165e-07
2.723000000000000000e+03 1.044324971200749512e-06
2.723800000000002001e+03 -5.188926402727916234e-07
2.724699999999997999e+03 1.024313707219750991e-06
2.725500000000000000e+03 -5.508162260972793778e-07
2.726300000000002001e+03 9.928650274663409067e-07
2.727199999999997999e+03 -5.763310234083375158e-07
2.728000000000000000e+03 9.759648226389170918e-07
2.728800000000002001e+03 -5.820050230387837395e-07
2.729699999999997999e+03 9.843401086990823970e-07
2.730500000000000000e+03 -5.610061226721768458e-07
2.731300000000002001e+03 1.013057242628011609e-06
2.732199999999997999e+03 -5.327144358335887919e-07
2.733000000000000000e+03 1.037905220918973500e-06
2.733800000000002001e+03 -5.200215577725391033e-07
2.734699999999997999e+03 1.044706121563100092e-06
2.735500000000000000e+03 -5.129518738181317750e-07
2.736300000000002001e+03 1.056146378692679014e-06
2.737199999999997999e+03 -4.953209953854108706e-07
2.738000000000000000e+03 1.074876580937071314e-06
2.738800000000002001e+03 -4.822126860936860566e-07
2.739699999999997999e+03 1.075158537977455839e-06
2.740500000000000000e+03 -4.984860070398441452e-07
2.741300000000002001e+03 1.049471186467772411e-06
2.742199999999997999e+03 -5.231467480634670985e-07
2.743000000000000000e+03 1.034906625647531946e-06
2.743800000000002001e+03 -5.297784272787072789e-07
2.744699999999997999e+03 1.034282831250471315e-06
2.745500000000000000e+03 -5.323421181885691956e-07
2.746300000000002001e+03 1.027151996085190997e-06
2.747199999999997999e+03 -5.393148873534357958e-07
2.748000000000000000e+03 1.024312197275952290e-06
2.748800000000002001e+03 -5.375574217057104424e-07
