1.998448619960923224e+03 6.366762368163822780e-07
2.000116774067734241e+03 5.280057073253611925e-06
2.001784928174545257e+03 1.249788708909225701e-06
2.003453082281358775e+03 5.855851272389869332e-06
2.005121236388170018e+03 1.724715365555470995e-06
2.006789390494983991e+03 6.217065793462242029e-06
2.008457544601797508e+03 1.947308668196169095e-06
2.010125698708608525e+03 6.357076332532625111e-06
2.011793852815419541e+03 2.057154774199553790e-06
2.013462006922230557e+03 6.534381490990963376e-06
2.015130161029044075e+03 2.234582375329201765e-06
2.016798315135855319e+03 6.646216072121917539e-06
2.018466469242668609e+03 2.258428501432798045e-06
2.020134623349479853e+03 6.572833821051968606e-06
2.021802777456293825e+03 2.148144002712364002e-06
2.023470931563104841e+03 6.484894217579899124e-06
2.025139085669915630e+03 2.086995936731755749e-06
2.026807239776728920e+03 6.476757796032549975e-06
2.028475393883540619e+03 2.065428281061924194e-06
2.030143547990353909e+03 6.498392298932099747e-06
2.031811702097165153e+03 2.128962953549563068e-06
2.033479856203978443e+03 6.557421323480943242e-06
2.035148010310789232e+03 2.088649719250245129e-06
2.036816164417600248e+03 6.362846708589251929e-06
2.038484318524414221e+03 1.707794366595741860e-06
2.040152472631225464e+03 5.851431282101943140e-06
2.041820626738038754e+03 1.193897792663989076e-06
2.043488780844850453e+03 5.477170984171235795e-06
2.045156934951663516e+03 9.429823025100455247e-07
2.046825089058474532e+03 5.303576030429238188e-06
2.048493243165285548e+03 7.571660400365748609e-07
2.050161397272096565e+03 5.033505812275370915e-06
2.051829551378910764e+03 4.118748090853490209e-07
2.053497705485724055e+03 4.691339712297697710e-06
2.055165859592535526e+03 8.397539268131774238e-08
2.056834013699348816e+03 4.395448256778779894e-06
2.058502167806159832e+03 -2.282177802071303219e-07
2.060170321912970849e+03 4.062883529380727293e-06
2.061838476019781865e+03 -5.951518645515800376e-07
2.063506630126595155e+03 3.710373597199501587e-06
2.065174784233409355e+03 -9.041498308627316162e-07
2.066842938340219916e+03 3.478037773825322331e-06
2.068511092447034116e+03 -1.058218999368984364e-06
2.070179246553845132e+03 3.420692739069738072e-06
2.071847400660656149e+03 -1.062282767802487947e-06
2.073515554767467165e+03 3.486869273390465934e-06
2.075183708874280455e+03 -9.699352326156696340e-07
2.076851862981091472e+03 3.593887260358061119e-06
2.078520017087905217e+03 -9.016974605038976556e-07
2.080188171194719416e+03 3.625757559016848302e-06
2.081856325301530433e+03 -9.418379130722893071e-07
2.083524479408340994e+03 3.551897443986714157e-06
2.085192633515151556e+03 -1.046201301951288931e-06
2.086860787621965756e+03 3.468341523390846267e-06
2.088528941728776772e+03 -1.121097977172992418e-06
2.090197095835590517e+03 3.429045113830701911e-06
2.091865249942401533e+03 -1.174493147985332845e-06
2.093533404049215278e+03 3.393915287131211646e-06
2.095201558156025840e+03 -1.175989891595680485e-06
2.096869712262836856e+03 3.469173796753854652e-06
2.098537866369647872e+03 -1.028221404313814155e-06
2.100206020476462072e+03 3.719410120159193691e-06
2.101874174583275817e+03 -7.950566539816378203e-07
2.103542328690086833e+03 3.891787146147648338e-06
2.105210482796900124e+03 -6.751065003740877312e-07
2.106878636903711140e+03 4.045011704370433259e-06
2.108546791010522156e+03 -4.575948567978179998e-07
2.110214945117333173e+03 4.440966703717729496e-06
2.111883099224147372e+03 6.960003242098126247e-08
2.113551253330957934e+03 5.022469791948413457e-06
2.115219407437771679e+03 5.770130814212840746e-07
2.116887561544585424e+03 5.410633854274293523e-06
2.118555715651396440e+03 7.868091106085510758e-07
2.120223869758207456e+03 5.562035260390678560e-06
2.121892023865018473e+03 9.911385110725760775e-07
2.123560177971831763e+03 5.911880645136963619e-06
2.125228332078642779e+03 1.443807484517227634e-06
2.126896486185456979e+03 6.470412862298171890e-06
2.128564640292270724e+03 1.986203441507381867e-06
2.130232794399081740e+03 7.011165469356501651e-06
2.131900948505892757e+03 2.495077594328791383e-06
2.133569102612703773e+03 7.506821776457269962e-06
2.135237256719517063e+03 2.932473881766969166e-06
2.136905410826328080e+03 7.910622499108635044e-06
2.138573564933141824e+03 3.272839838847854269e-06
2.140241719039952841e+03 8.356179041265180844e-06
2.141909873146767040e+03 3.863405155993663136e-06
2.143578027253577602e+03 9.116387812770644888e-06
2.145246181360388164e+03 4.792087618203245569e-06
2.146914335467202363e+03 1.021688512145567925e-05
2.148582489574012925e+03 5.898931146787105026e-06
2.150250643680827125e+03 1.146716824980969785e-05
2.151918797787638141e+03 7.131027896929632604e-06
2.153586951894451431e+03 1.262925982055365110e-05
2.155255106001262448e+03 8.110149078961283308e-06
2.156923260108073464e+03 1.339637108813333603e-05
2.158591414214884480e+03 8.582858719654772866e-06
2.160259568321698225e+03 1.378189457657706655e-05
2.161927722428512425e+03 9.188080905850440393e-06
2.163595876535323441e+03 1.482326633137504498e-05
2.165264030642136731e+03 1.070681351810114403e-05
2.166932184748947748e+03 1.695023974989512665e-05
2.168600338855758764e+03 1.326551700947276769e-05
2.170268492962569781e+03 1.993346906361891674e-05
2.171936647069383071e+03 1.628870786440057982e-05
2.173604801176197270e+03 2.286493607672525780e-05
2.175272955283008287e+03 1.881455194337362802e-05
2.176941109389822032e+03 2.492461701215570378e-05
2.178609263496633048e+03 2.050610919890566178e-05
2.180277417603444064e+03 2.652927192011534052e-05
2.181945571710255081e+03 2.233738800801941772e-05
2.183613725817068371e+03 2.886011720366875863e-05
2.185281879923878932e+03 2.511417288428190308e-05
2.186950034030693587e+03 3.252159202758993857e-05
2.188618188137504603e+03 2.944392361058534736e-05
2.190286342244318348e+03 3.737964690590204494e-05
2.191954496351128910e+03 3.459812726705576347e-05
2.193622650457939926e+03 4.290518158792884686e-05
2.195290804564753216e+03 4.106961292355892841e-05
2.196958958671564233e+03 5.083653243750843581e-05
2.198627112778378887e+03 5.031338492101313149e-05
2.200295266885189903e+03 6.108874540083473364e-05
2.201963420992003194e+03 6.021694963880000408e-05
2.203631575098813755e+03 7.012356322434573532e-05
2.205299729205624772e+03 6.825326705483570917e-05
2.206967883312435788e+03 7.746246813901210460e-05
2.208636037419249533e+03 7.525819709602114805e-05
2.210304191526064187e+03 8.492655698483715144e-05
2.211972345632874749e+03 8.336187018902586150e-05
2.213640499739688039e+03 9.380138353957965852e-05
2.215308653846499055e+03 9.365853351397735772e-05
2.216976807953310072e+03 1.061696520923442803e-04
2.218644962060121088e+03 1.077291150320619175e-04
2.220313116166934378e+03 1.232080620204813648e-04
2.221981270273745849e+03 1.281015982410317307e-04
2.223649424380560049e+03 1.475030548912765289e-04
2.225317578487373339e+03 1.543366931493240243e-04
2.226985732594184356e+03 1.757223055700643240e-04
2.228653886700995372e+03 1.843157243052420040e-04
2.230322040807806388e+03 2.076001408780262631e-04
2.231990194914619678e+03 2.183504863722916388e-04
2.233658349021430240e+03 2.449646887333613797e-04
2.235326503128244894e+03 2.624413376255859938e-04
2.236994657235058639e+03 2.943410013843650547e-04
2.238662811341869656e+03 3.177702196002323552e-04
2.240330965448680672e+03 3.592087109742028174e-04
2.241999119555491234e+03 3.857429382676904922e-04
2.243667273662304524e+03 4.318516818697163123e-04
2.245335427769115540e+03 4.622667395006511666e-04
2.247003581875930195e+03 5.152684867280231612e-04
2.248671735982741211e+03 5.578961941180818514e-04
2.250339890089554501e+03 6.298975872216860212e-04
2.252008044196365518e+03 7.096224780495434493e-04
2.253676198303176534e+03 8.269741378976412909e-04
2.255344352409989824e+03 9.511430746863407679e-04
2.257012506516800840e+03 1.125643444107582263e-03
2.258680660623615495e+03 1.308733378752792659e-03
2.260348814730426511e+03 1.572877650579803657e-03
2.262016968837239801e+03 1.873650062846217955e-03
2.263685122944050363e+03 2.319075932635690767e-03
2.265353277050861379e+03 2.900898293005601397e-03
2.267021431157672396e+03 3.716121181408482167e-03
2.268689585264485686e+03 4.866215552168221860e-03
2.270357739371300795e+03 6.727798182120264293e-03
2.272025893478111811e+03 9.400362897773588758e-03
2.273694047584924647e+03 1.315965967109086580e-02
2.275362201691735663e+03 1.791210139848538330e-02
2.277030355798546680e+03 2.274088170413737786e-02
2.278698509905357696e+03 2.667627570181692678e-02
2.280366664012170531e+03 2.853617505011871169e-02
2.282034818118986095e+03 2.766367712926500952e-02
2.283702972225796657e+03 2.427694463160547100e-02
2.285371126332609947e+03 1.934794251152690062e-02
2.287039280439420963e+03 1.421469507495534863e-02
2.288707434546231980e+03 9.701635008156130405e-03
2.290375588653042996e+03 6.375245850402653548e-03
2.292043742759855832e+03 4.272513738896348105e-03
2.293711896866666848e+03 2.868005967100484624e-03
2.295380050973481957e+03 2.078166019188005566e-03
2.297048205080295247e+03 1.546963778819414499e-03
2.298716359187106264e+03 1.180762265134408700e-03
2.300384513293917280e+03 9.086754537298438001e-04
2.302052667400727842e+03 7.194032164879097082e-04
2.303720821507541132e+03 5.710763867361571015e-04
2.305388975614352148e+03 4.592978057184561504e-04
2.307057129721166802e+03 3.708589212298728818e-04
2.308725283827977819e+03 3.006814984371607028e-04
2.310393437934791109e+03 2.372729710242988516e-04
2.312061592041602125e+03 1.882039488356805851e-04
2.313729746148412687e+03 1.435437622609677158e-04
2.315397900255223703e+03 1.087463966887393846e-04
2.317066054362036994e+03 7.959269599202447687e-05
2.318734208468852103e+03 5.649236095858675813e-05
2.320402362575663119e+03 3.840846638977544840e-05
2.322070516682475954e+03 2.440755660578704684e-05
2.323738670789286971e+03 1.544257686759006540e-05
2.325406824896097987e+03 9.619298433950659901e-06
2.327074979002909004e+03 9.224498701481430440e-06
2.328743133109722294e+03 1.140541156357674369e-05
2.330411287216532855e+03 1.834690893431669805e-05
2.332079441323348419e+03 2.627696979325963439e-05
2.333747595430161255e+03 3.864567308625311545e-05
2.335415749536972271e+03 5.226248997482616296e-05
2.337083903643783287e+03 7.018351594145041310e-05
2.338752057750594304e+03 9.231559500256601573e-05
2.340420211857407139e+03 1.212312070893039082e-04
2.342088365964217701e+03 1.529426485353784090e-04
2.343756520071033265e+03 1.992154953400366029e-04
2.345424674177846555e+03 2.498459150494767873e-04
2.347092828284657571e+03 3.179627386382045582e-04
2.348760982391468588e+03 3.981517585228528896e-04
2.350429136498279149e+03 4.984476407841540975e-04
2.352097290605092439e+03 6.189919589936629602e-04
2.353765444711903001e+03 7.610094468277423321e-04
2.355433598818718565e+03 9.531099651027586132e-04
2.357101752925529127e+03 1.208937599089492847e-03
2.358769907032342417e+03 1.576465101133128549e-03
2.360438061139153433e+03 2.137514636345576140e-03
2.362106215245964449e+03 2.946858977372019805e-03
2.363774369352777740e+03 4.266571193025548922e-03
2.365442523459588301e+03 6.313350159434843491e-03
2.367110677566403865e+03 9.739283951987046106e-03
2.368778831673214427e+03 1.475775453051732244e-02
2.370446985780027717e+03 2.140135130522617668e-02
2.372115139886838278e+03 2.880743343156505834e-02
2.373783293993649295e+03 3.497378597901182329e-02
2.375451448100459857e+03 3.797352671103305238e-02
2.377119602207273601e+03 3.676814765191655648e-02
2.378787756314089165e+03 3.173694540958209298e-02
2.380455910420899727e+03 2.458526347624117800e-02
2.382124064527713017e+03 1.729409634629589659e-02
2.383792218634523579e+03 1.152502429208844548e-02
2.385460372741334595e+03 7.486600292623525610e-03
2.387128526848145157e+03 4.981475057318841479e-03
2.388796680954958447e+03 3.549477687281018222e-03
2.390464835061774011e+03 2.655996166515605869e-03
2.392132989168585027e+03 2.074853418752231008e-03
2.393801143275398317e+03 1.662029042628237075e-03
2.395469297382208879e+03 1.358084465252268423e-03
2.397137451489019895e+03 1.137084782169125920e-03
2.398805605595830457e+03 9.729462160096868407e-04
2.400473759702643747e+03 8.414108387565684410e-04
2.402141913809454309e+03 7.236147353401861226e-04
2.403810067916269873e+03 6.233225546093077449e-04
2.405478222023080434e+03 5.312439377184916510e-04
2.407146376129894179e+03 4.619626825995969696e-04
2.408814530236705195e+03 4.065774353226852145e-04
2.410482684343515757e+03 3.677706829600977203e-04
2.412150838450329047e+03 3.330978160650839158e-04
2.413818992557139609e+03 3.059839307403654360e-04
2.415487146663955173e+03 2.782966146508049506e-04
2.417155300770765734e+03 2.552311662501732651e-04
2.418823454877579024e+03 2.315434188312256037e-04
2.420491608984390041e+03 2.138999487516924768e-04
2.422159763091200603e+03 1.928477917387473226e-04
2.423827917198011619e+03 1.799369101633017476e-04
2.425496071304824909e+03 1.631162364058492303e-04
2.427164225411640473e+03 1.542366559048593210e-04
2.428832379518451489e+03 1.408620924642939873e-04
2.430500533625264325e+03 1.335444320977905255e-04
2.432168687732074886e+03 1.205208562399074859e-04
2.433836841838885903e+03 1.123870527616824402e-04
2.435504995945696464e+03 9.907252965193921279e-05
2.437173150052510209e+03 9.174973475195631763e-05
2.438841304159320771e+03 8.080750099426254219e-05
2.440509458266136335e+03 7.689089768925811016e-05
2.442177612372949625e+03 6.863610011995259627e-05
2.443845766479760186e+03 6.610667472981827562e-05
2.445513920586571203e+03 5.824465747951055282e-05
2.447182074693381765e+03 5.578267782047809927e-05
2.448850228800195055e+03 4.810527484823152317e-05
2.450518382907006071e+03 4.648114073456096549e-05
2.452186537013821180e+03 4.003646163348415930e-05
2.453854691120634470e+03 3.980373882945689539e-05
2.455522845227445487e+03 3.458625632527815907e-05
2.457190999334256503e+03 3.553659166432446764e-05
2.458859153441067065e+03 3.122321097491286912e-05
2.460527307547879900e+03 3.266576396129740079e-05
2.462195461654690916e+03 2.839625684761852906e-05
2.463863615761506480e+03 2.944812756199386238e-05
2.465531769868317497e+03 2.450643576403643961e-05
2.467199923975130787e+03 2.515551140182885237e-05
2.468868078081941349e+03 2.029332541974344266e-05
2.470536232188752365e+03 2.138950780072378062e-05
2.472204386295565200e+03 1.700589438562161499e-05
2.473872540402376217e+03 1.868980551566388576e-05
2.475540694509191781e+03 1.477225036890458583e-05
2.477208848616002797e+03 1.672751951849082278e-05
2.478877002722815632e+03 1.312321827488688161e-05
2.480545156829626649e+03 1.546395907801845058e-05
2.482213310936437210e+03 1.200524200751235358e-05
2.483881465043248227e+03 1.429870297791869204e-05
2.485549619150061517e+03 1.072484889580991789e-05
2.487217773256877081e+03 1.295439819604748364e-05
2.488885927363688097e+03 9.316077505674162496e-06
2.490554081470500932e+03 1.161598733773712995e-05
2.492222235577311494e+03 8.009719928300033492e-06
2.493890389684122511e+03 1.029647099479543767e-05
2.495558543790933072e+03 6.717642911920426847e-06
2.497226697897746817e+03 9.200296267408319790e-06
2.498894852004561926e+03 5.843572390400263145e-06
2.500563006111372943e+03 8.550021178926914763e-06
2.502231160218185778e+03 5.410695482763036130e-06
2.503899314324996794e+03 8.208968578598058448e-06
2.505567468431807811e+03 4.991271624615525662e-06
2.507235622538618372e+03 7.680048968328526726e-06
2.508903776645431662e+03 4.225579320449214803e-06
2.510571930752242224e+03 6.695459262233165643e-06
2.512240084859057788e+03 3.088085593637369279e-06
2.513908238965871078e+03 5.600999746099781287e-06
2.515576393072682094e+03 2.169585958379355606e-06
2.517244547179493111e+03 4.969566837658226456e-06
2.518912701286303673e+03 1.808231389463293295e-06
2.520580855393116508e+03 4.718104428876099893e-06
2.522249009499927524e+03 1.530468866610458268e-06
2.523917163606743088e+03 4.415750397271741393e-06
2.525585317713554105e+03 1.148812645245116447e-06
2.527253471820367395e+03 4.050073694765732245e-06
2.528921625927177956e+03 8.702488556865739138e-07
2.530589780033988973e+03 3.864517796885348255e-06
2.532257934140799080e+03 6.709207535493994466e-07
2.533926088247612824e+03 3.640651319733365625e-06
2.535594242354428388e+03 3.740055473891198870e-07
2.537262396461239405e+03 3.272960829567570880e-06
2.538930550568052240e+03 -2.366230300702245009e-08
2.540598704674862802e+03 2.963957081112369904e-06
2.542266858781673818e+03 -2.190625995688714919e-07
2.543935012888484380e+03 2.837756767179550384e-06
2.545603166995298125e+03 -3.170940185615744857e-07
2.547271321102113689e+03 2.743016617788716282e-06
2.548939475208924705e+03 -4.875215099332283784e-07
2.550607629315737540e+03 2.538093798218401144e-06
2.552275783422548102e+03 -7.024422142875439354e-07
2.553943937529359118e+03 2.356668843836057919e-06
2.555612091636169680e+03 -8.506000923536510483e-07
2.557280245742982515e+03 2.275896199774280408e-06
2.558948399849793987e+03 -8.940051554381489648e-07
2.560616553956609096e+03 2.252464538189453250e-06
2.562284708063422840e+03 -9.129867162780770753e-07
2.563952862170233402e+03 2.246497295363396656e-06
2.565621016277044419e+03 -9.273015042520307904e-07
2.567289170383854980e+03 2.216727742532209369e-06
2.568957324490667816e+03 -9.964645439546285046e-07
2.570625478597478832e+03 2.124536694420410896e-06
2.572293632704294396e+03 -1.098892179212541403e-06
2.573961786811105412e+03 2.050182970514754766e-06
2.575629940917918702e+03 -1.156580646819442502e-06
2.577298095024729719e+03 2.015724145770881563e-06
2.578966249131539826e+03 -1.201532861712356127e-06
2.580634403238353116e+03 1.966932015909970832e-06
2.582302557345164132e+03 -1.258922989280641487e-06
2.583970711451979696e+03 1.911322066648778131e-06
2.585638865558790712e+03 -1.329196971880647703e-06
2.587307019665603548e+03 1.846294764179744277e-06
2.588975173772414109e+03 -1.400204552801648234e-06
2.590643327879225126e+03 1.789144086692062543e-06
2.592311481986035687e+03 -1.437546036986399009e-06
2.593979636092849432e+03 1.773073492552606620e-06
2.595647790199664996e+03 -1.440993817499643100e-06
2.597315944306476013e+03 1.784096835484145664e-06
2.598984098413288848e+03 -1.455966975720754594e-06
2.600652252520099410e+03 1.755565014486471041e-06
2.602320406626910426e+03 -1.509676484638191423e-06
2.603988560733720988e+03 1.702169343898828642e-06
2.605656714840534733e+03 -1.564441716405005127e-06
2.607324868947350296e+03 1.668157984686055840e-06
2.608993023054160403e+03 -1.584533387450784495e-06
2.610661177160974148e+03 1.668373336053426849e-06
2.612329331267784710e+03 -1.579305900396105933e-06
2.613997485374595726e+03 1.671349606330906491e-06
2.615665639481406288e+03 -1.593169287094227465e-06
2.617333793588219123e+03 1.651406576260403242e-06
2.619001947695030140e+03 -1.633041831299890415e-06
2.620670101801845703e+03 1.615375884123097394e-06
2.622338255908659448e+03 -1.665008742513165059e-06
2.624006410015470010e+03 1.590475031134220006e-06
2.625674564122281026e+03 -1.692605566522899455e-06
2.627342718229091588e+03 1.583011059147402489e-06
2.629010872335903969e+03 -1.689433379701943969e-06
2.630679026442715440e+03 1.597252088127001992e-06
2.632347180549531458e+03 -1.677141600144100768e-06
2.634015334656342475e+03 1.601136010177565828e-06
2.635683488763155310e+03 -1.704946430831875555e-06
2.637351642869965417e+03 1.558587199185844150e-06
2.639019796976776433e+03 -1.759465858041122683e-06
2.640687951083589269e+03 1.503282334957729084e-06
2.642356105190400285e+03 -1.815571939023877849e-06
2.644024259297216304e+03 1.464887422495263184e-06
2.645692413404027320e+03 -1.846459755936601430e-06
2.647360567510840156e+03 1.451363402688399558e-06
