1.998448619960923224e+03 6.366933561905663361e-07
2.000116774067734241e+03 5.280199046940586889e-06
2.001784928174545257e+03 1.249822314059413148e-06
2.003453082281358775e+03 5.856008728414299727e-06
2.005121236388170018e+03 1.724761740849532230e-06
2.006789390494983991e+03 6.217232962063000919e-06
2.008457544601797508e+03 1.947361028727024749e-06
2.010125698708608525e+03 6.357247265829897177e-06
2.011793852815419541e+03 2.057210088345578998e-06
2.013462006922230557e+03 6.534557191787282725e-06
2.015130161029044075e+03 2.234642460266594337e-06
2.016798315135855319e+03 6.646394780000849284e-06
2.018466469242668609e+03 2.258489227560691816e-06
2.020134623349479853e+03 6.573010555780117201e-06
2.021802777456293825e+03 2.148201763437293222e-06
2.023470931563104841e+03 6.485068587729489806e-06
2.025139085669915630e+03 2.087052053266810217e-06
2.026807239776728920e+03 6.476931947404626512e-06
2.028475393883540619e+03 2.065483817671506140e-06
2.030143547990353909e+03 6.498567032027082790e-06
2.031811702097165153e+03 2.129020198521683005e-06
2.033479856203978443e+03 6.557597643787605681e-06
2.035148010310789232e+03 2.088705880253304095e-06
2.036816164417600248e+03 6.363017797044233728e-06
2.038484318524414221e+03 1.707840286906726751e-06
2.040152472631225464e+03 5.851588619278734319e-06
2.041820626738038754e+03 1.193929894982040824e-06
2.043488780844850453e+03 5.477318257988172040e-06
2.045156934951663516e+03 9.430076580454844512e-07
2.046825089058474532e+03 5.303718636509579240e-06
2.048493243165285548e+03 7.571863992207398892e-07
2.050161397272096565e+03 5.033641156528031206e-06
2.051829551378910764e+03 4.118858838492023166e-07
2.053497705485724055e+03 4.691465856160645427e-06
2.055165859592535526e+03 8.397765066753810299e-08
2.056834013699348816e+03 4.395566444515440443e-06
2.058502167806159832e+03 -2.282239166786191390e-07
2.060170321912970849e+03 4.062992774895768833e-06
2.061838476019781865e+03 -5.951678673908198836e-07
2.063506630126595155e+03 3.710473364192990771e-06
2.065174784233409355e+03 -9.041741422448406631e-07
2.066842938340219916e+03 3.478131293618639098e-06
2.068511092447034116e+03 -1.058247453465385698e-06
2.070179246553845132e+03 3.420784716931612963e-06
2.071847400660656149e+03 -1.062311331168198401e-06
2.073515554767467165e+03 3.486963030651017417e-06
2.075183708874280455e+03 -9.699613128794227256e-07
2.076851862981091472e+03 3.593983895189436741e-06
2.078520017087905217e+03 -9.017217059450412714e-07
2.080188171194719416e+03 3.625855050798014814e-06
2.081856325301530433e+03 -9.418632378366236344e-07
2.083524479408340994e+03 3.551992949767974474e-06
2.085192633515151556e+03 -1.046229432907847659e-06
2.086860787621965756e+03 3.468434782464931169e-06
2.088528941728776772e+03 -1.121128122001177480e-06
2.090197095835590517e+03 3.429137316276785556e-06
2.091865249942401533e+03 -1.174524728538389874e-06
2.093533404049215278e+03 3.394006544983146112e-06
2.095201558156025840e+03 -1.176021512394175408e-06
2.096869712262836856e+03 3.469267078206659288e-06
2.098537866369647872e+03 -1.028249051814924798e-06
2.100206020476462072e+03 3.719510130132723532e-06
2.101874174583275817e+03 -7.950780319938361986e-07
2.103542328690086833e+03 3.891891791109321814e-06
2.105210482796900124e+03 -6.751246530867629254e-07
2.106878636903711140e+03 4.045120469335956198e-06
2.108546791010522156e+03 -4.576071609127279764e-07
2.110214945117333173e+03 4.441086115384670968e-06
2.111883099224147372e+03 6.960190387295219084e-08
2.113551253330957934e+03 5.022604839457216811e-06
2.115219407437771679e+03 5.770285965328569014e-07
2.116887561544585424e+03 5.410779338996619120e-06
2.118555715651396440e+03 7.868302668553168476e-07
2.120223869758207456e+03 5.562184816094726084e-06
2.121892023865018473e+03 9.911651614641851427e-07
2.123560177971831763e+03 5.912039607716439626e-06
2.125228332078642779e+03 1.443846306573318163e-06
2.126896486185456979e+03 6.470586843063448866e-06
2.128564640292270724e+03 1.986256847866775800e-06
2.130232794399081740e+03 7.011353990237595787e-06
2.131900948505892757e+03 2.495144683634918568e-06
2.133569102612703773e+03 7.507023624874870276e-06
2.135237256719517063e+03 2.932552732075436909e-06
2.136905410826328080e+03 7.910835205188681082e-06
2.138573564933141824e+03 3.272927841142593890e-06
2.140241719039952841e+03 8.356403727765924266e-06
2.141909873146767040e+03 3.863509037801504084e-06
2.143578027253577602e+03 9.116632940270542052e-06
2.145246181360388164e+03 4.792216471042907907e-06
2.146914335467202363e+03 1.021715983985928347e-05
2.148582489574012925e+03 5.899089761171855790e-06
2.150250643680827125e+03 1.146747658665776797e-05
2.151918797787638141e+03 7.131219640751414467e-06
2.153586951894451431e+03 1.262959940449291740e-05
2.155255106001262448e+03 8.110367150044736834e-06
2.156923260108073464e+03 1.339673129867066271e-05
2.158591414214884480e+03 8.583089501269501281e-06
2.160259568321698225e+03 1.378226515332640527e-05
2.161927722428512425e+03 9.188327961081913881e-06
2.163595876535323441e+03 1.482366490922086778e-05
2.165264030642136731e+03 1.070710141002538407e-05
2.166932184748947748e+03 1.695069551921712898e-05
2.168600338855758764e+03 1.326587370151858291e-05
2.170268492962569781e+03 1.993400504799520384e-05
2.171936647069383071e+03 1.628914584601317994e-05
2.173604801176197270e+03 2.286555088433666109e-05
2.175272955283008287e+03 1.881505784156206092e-05
2.176941109389822032e+03 2.492528720183823194e-05
2.178609263496633048e+03 2.050666058081083610e-05
2.180277417603444064e+03 2.652998525682648221e-05
2.181945571710255081e+03 2.233798863056741201e-05
2.183613725817068371e+03 2.886089321369840401e-05
2.185281879923878932e+03 2.511484817086881579e-05
2.186950034030693587e+03 3.252246648979032981e-05
2.188618188137504603e+03 2.944471531839001568e-05
2.190286342244318348e+03 3.738065199471367561e-05
2.191954496351128910e+03 3.459905756451702157e-05
2.193622650457939926e+03 4.290633525099268967e-05
2.195290804564753216e+03 4.107071723063147206e-05
2.196958958671564233e+03 5.083789936401000403e-05
2.198627112778378887e+03 5.031473778077626401e-05
2.200295266885189903e+03 6.109038799565841499e-05
2.201963420992003194e+03 6.021856879219929926e-05
2.203631575098813755e+03 7.012544875336118209e-05
2.205299729205624772e+03 6.825510229408357997e-05
2.206967883312435788e+03 7.746455100138486117e-05
2.208636037419249533e+03 7.526022068848776936e-05
2.210304191526064187e+03 8.492884054659605479e-05
2.211972345632874749e+03 8.336411167844533742e-05
2.213640499739688039e+03 9.380390573357865586e-05
2.215308653846499055e+03 9.366105186692984209e-05
2.216976807953310072e+03 1.061725068525757243e-04
2.218644962060121088e+03 1.077320117241702504e-04
2.220313116166934378e+03 1.232113749208131961e-04
2.221981270273745849e+03 1.281050427220207393e-04
2.223649424380560049e+03 1.475070210515381532e-04
2.225317578487373339e+03 1.543408430569970051e-04
2.226985732594184356e+03 1.757270305083101589e-04
2.228653886700995372e+03 1.843206803090472932e-04
2.230322040807806388e+03 2.076057229687135706e-04
2.231990194914619678e+03 2.183563575254199220e-04
2.233658349021430240e+03 2.449712755068669638e-04
2.235326503128244894e+03 2.624483943228528315e-04
2.236994657235058639e+03 2.943489158210111983e-04
2.238662811341869656e+03 3.177787640172834724e-04
2.240330965448680672e+03 3.592183696169756594e-04
2.241999119555491234e+03 3.857533103804177831e-04
2.243667273662304524e+03 4.318632937850139437e-04
2.245335427769115540e+03 4.622791692362510541e-04
2.247003581875930195e+03 5.152823416098602357e-04
2.248671735982741211e+03 5.579111952020719732e-04
2.250339890089554501e+03 6.299145243270305511e-04
2.252008044196365518e+03 7.096415588507869405e-04
2.253676198303176534e+03 8.269963741283792996e-04
2.255344352409989824e+03 9.511686496540505643e-04
2.257012506516800840e+03 1.125673711157305999e-03
2.258680660623615495e+03 1.308768568846473699e-03
2.260348814730426511e+03 1.572919943160379103e-03
2.262016968837239801e+03 1.873700442795493909e-03
2.263685122944050363e+03 2.319138289492058899e-03
2.265353277050861379e+03 2.900976294288633815e-03
2.267021431157672396e+03 3.716221102946839442e-03
2.268689585264485686e+03 4.866346398209083456e-03
2.270357739371300795e+03 6.727979083633237739e-03
2.272025893478111811e+03 9.400615660984476540e-03
2.273694047584924647e+03 1.316001351677414770e-02
2.275362201691735663e+03 1.791258303098324303e-02
2.277030355798546680e+03 2.274149317609228463e-02
2.278698509905357696e+03 2.667699299126353660e-02
2.280366664012170531e+03 2.853694234977624186e-02
2.282034818118986095e+03 2.766442096861803854e-02
2.283702972225796657e+03 2.427759740624218718e-02
2.285371126332609947e+03 1.934846275187575640e-02
2.287039280439420963e+03 1.421507728913239815e-02
2.288707434546231980e+03 9.701895872171932209e-03
2.290375588653042996e+03 6.375417272254007943e-03
2.292043742759855832e+03 4.272628621087913407e-03
2.293711896866666848e+03 2.868083083952777460e-03
2.295380050973481957e+03 2.078221898298363100e-03
2.297048205080295247e+03 1.547005374610567778e-03
2.298716359187106264e+03 1.180794014255658270e-03
2.300384513293917280e+03 9.086998867999110732e-04
2.302052667400727842e+03 7.194225602801546798e-04
2.303720821507541132e+03 5.710917422179340565e-04
2.305388975614352148e+03 4.593101556233896007e-04
2.307057129721166802e+03 3.708688931312490800e-04
2.308725283827977819e+03 3.006895833613094883e-04
2.310393437934791109e+03 2.372793509777820374e-04
2.312061592041602125e+03 1.882090093886535373e-04
2.313729746148412687e+03 1.435476219611352903e-04
2.315397900255223703e+03 1.087493207341936376e-04
2.317066054362036994e+03 7.959483613338081873e-05
2.318734208468852103e+03 5.649387996276795861e-05
2.320402362575663119e+03 3.840949914216975312e-05
2.322070516682475954e+03 2.440821289240541295e-05
2.323738670789286971e+03 1.544299209786956383e-05
2.325406824896097987e+03 9.619557084045884566e-06
2.327074979002909004e+03 9.224746735938820589e-06
2.328743133109722294e+03 1.140571823986995165e-05
2.330411287216532855e+03 1.834740225820882096e-05
2.332079441323348419e+03 2.627767634590335137e-05
2.333747595430161255e+03 3.864671221681886224e-05
2.335415749536972271e+03 5.226389524342256367e-05
2.337083903643783287e+03 7.018540308251439435e-05
2.338752057750594304e+03 9.231807724569443909e-05
2.340420211857407139e+03 1.212344668346453206e-04
2.342088365964217701e+03 1.529467609590524934e-04
2.343756520071033265e+03 1.992208519787970348e-04
2.345424674177846555e+03 2.498526330726427084e-04
2.347092828284657571e+03 3.179712882318355975e-04
2.348760982391468588e+03 3.981624642921938032e-04
2.350429136498279149e+03 4.984610433758959302e-04
2.352097290605092439e+03 6.190086028612210066e-04
2.353765444711903001e+03 7.610299093559860003e-04
2.355433598818718565e+03 9.531355929575263154e-04
2.357101752925529127e+03 1.208970105807864390e-03
2.358769907032342417e+03 1.576507490175460980e-03
2.360438061139153433e+03 2.137572111261031981e-03
2.362106215245964449e+03 2.946938214476507376e-03
2.363774369352777740e+03 4.266685915429987985e-03
2.365442523459588301e+03 6.313519916993686788e-03
2.367110677566403865e+03 9.739545828332696331e-03
2.368778831673214427e+03 1.475815134683826531e-02
2.370446985780027717e+03 2.140192675899663804e-02
2.372115139886838278e+03 2.880820802499839753e-02
2.373783293993649295e+03 3.497472637743442164e-02
2.375451448100459857e+03 3.797454776847993679e-02
2.377119602207273601e+03 3.676913629832946617e-02
2.378787756314089165e+03 3.173779877368225477e-02
2.380455910420899727e+03 2.458592454116009102e-02
2.382124064527713017e+03 1.729456136146280062e-02
2.383792218634523579e+03 1.152533418460826610e-02
2.385460372741334595e+03 7.486801597312416068e-03
2.387128526848145157e+03 4.981609002533950170e-03
2.388796680954958447e+03 3.549573127998251199e-03
2.390464835061774011e+03 2.656067582707348322e-03
2.392132989168585027e+03 2.074909208791184210e-03
2.393801143275398317e+03 1.662073732370747186e-03
2.395469297382208879e+03 1.358120982330792434e-03
2.397137451489019895e+03 1.137115356861158203e-03
2.398805605595830457e+03 9.729723772347644841e-04
2.400473759702643747e+03 8.414334631709226688e-04
2.402141913809454309e+03 7.236341923745516361e-04
2.403810067916269873e+03 6.233393149208014484e-04
2.405478222023080434e+03 5.312582221588821665e-04
2.407146376129894179e+03 4.619751041595126606e-04
2.408814530236705195e+03 4.065883676472288404e-04
2.410482684343515757e+03 3.677805718228689008e-04
2.412150838450329047e+03 3.331067726207450025e-04
2.413818992557139609e+03 3.059921582398412543e-04
2.415487146663955173e+03 2.783040976753076178e-04
2.417155300770765734e+03 2.552380290755558445e-04
2.418823454877579024e+03 2.315496447246980286e-04
2.420491608984390041e+03 2.139057002358046356e-04
2.422159763091200603e+03 1.928529771584574235e-04
2.423827917198011619e+03 1.799417484266395146e-04
2.425496071304824909e+03 1.631206223837216240e-04
2.427164225411640473e+03 1.542408031226643066e-04
2.428832379518451489e+03 1.408658800579402058e-04
2.430500533625264325e+03 1.335480229293169630e-04
2.432168687732074886e+03 1.205240968848627221e-04
2.433836841838885903e+03 1.123900746995190039e-04
2.435504995945696464e+03 9.907519358002132544e-05
2.437173150052510209e+03 9.175220177985790322e-05
2.438841304159320771e+03 8.080967380010387893e-05
2.440509458266136335e+03 7.689296518286439948e-05
2.442177612372949625e+03 6.863794565307060704e-05
2.443845766479760186e+03 6.610845225006375795e-05
2.445513920586571203e+03 5.824622360060627637e-05
2.447182074693381765e+03 5.578417774222697628e-05
2.448850228800195055e+03 4.810656833486213980e-05
2.450518382907006071e+03 4.648239055039313900e-05
2.452186537013821180e+03 4.003753816049753899e-05
2.453854691120634470e+03 3.980480909886470990e-05
2.455522845227445487e+03 3.458718630354564230e-05
2.457190999334256503e+03 3.553754719584073106e-05
2.458859153441067065e+03 3.122405052537980340e-05
2.460527307547879900e+03 3.266664230008865349e-05
2.462195461654690916e+03 2.839702038506235085e-05
2.463863615761506480e+03 2.944891938283717816e-05
2.465531769868317497e+03 2.450709470938338970e-05
2.467199923975130787e+03 2.515618779995333062e-05
2.468868078081941349e+03 2.029387108017681804e-05
2.470536232188752365e+03 2.139008293603821508e-05
2.472204386295565200e+03 1.700635165142248519e-05
2.473872540402376217e+03 1.869030805958739037e-05
2.475540694509191781e+03 1.477264757499927507e-05
2.477208848616002797e+03 1.672796929916308379e-05
2.478877002722815632e+03 1.312357114070966023e-05
2.480545156829626649e+03 1.546437488323704573e-05
2.482213310936437210e+03 1.200556481244555514e-05
2.483881465043248227e+03 1.429908745095611896e-05
2.485549619150061517e+03 1.072513727268139282e-05
2.487217773256877081e+03 1.295474652252367877e-05
2.488885927363688097e+03 9.316328002563358009e-06
2.490554081470500932e+03 1.161629967613183237e-05
2.492222235577311494e+03 8.009935298977676867e-06
2.493890389684122511e+03 1.029674785315694575e-05
2.495558543790933072e+03 6.717823540371741295e-06
2.497226697897746817e+03 9.200543651094562222e-06
2.498894852004561926e+03 5.843729516261947032e-06
2.500563006111372943e+03 8.550251077584002527e-06
2.502231160218185778e+03 5.410840969142469881e-06
2.503899314324996794e+03 8.209189306805954458e-06
2.505567468431807811e+03 4.991405833247253640e-06
2.507235622538618372e+03 7.680255474594095382e-06
2.508903776645431662e+03 4.225692940636915684e-06
2.510571930752242224e+03 6.695639294195748812e-06
2.512240084859057788e+03 3.088168628137061840e-06
2.513908238965871078e+03 5.601150349506841686e-06
2.515576393072682094e+03 2.169644295649852366e-06
2.517244547179493111e+03 4.969700462677203073e-06
2.518912701286303673e+03 1.808280010391761235e-06
2.520580855393116508e+03 4.718231292406552520e-06
2.522249009499927524e+03 1.530510018875439386e-06
2.523917163606743088e+03 4.415869130905860209e-06
2.525585317713554105e+03 1.148843535283732500e-06
2.527253471820367395e+03 4.050182595841419089e-06
2.528921625927177956e+03 8.702722555167108478e-07
2.530589780033988973e+03 3.864621708610619058e-06
2.532257934140799080e+03 6.709387937129295399e-07
2.533926088247612824e+03 3.640749211987878469e-06
2.535594242354428388e+03 3.740156038990733757e-07
2.537262396461239405e+03 3.273048835115589139e-06
2.538930550568052240e+03 -2.366293925476629693e-08
2.540598704674862802e+03 2.964036777962045429e-06
2.542266858781673818e+03 -2.190684898697730955e-07
2.543935012888484380e+03 2.837833070671233443e-06
2.545603166995298125e+03 -3.171025447964822502e-07
2.547271321102113689e+03 2.743090373844240026e-06
2.548939475208924705e+03 -4.875346187358956552e-07
2.550607629315737540e+03 2.538162044172833752e-06
2.552275783422548102e+03 -7.024611020210789233e-07
2.553943937529359118e+03 2.356732211515629911e-06
2.555612091636169680e+03 -8.506229638547688241e-07
2.557280245742982515e+03 2.275957395585267612e-06
2.558948399849793987e+03 -8.940291940434769905e-07
2.560616553956609096e+03 2.252525103954336072e-06
2.562284708063422840e+03 -9.130112652722395430e-07
2.563952862170233402e+03 2.246557700677084775e-06
2.565621016277044419e+03 -9.273264381517349169e-07
2.567289170383854980e+03 2.216787347382357923e-06
2.568957324490667816e+03 -9.964913375561526522e-07
2.570625478597478832e+03 2.124593820376330791e-06
2.572293632704294396e+03 -1.098921726956459238e-06
2.573961786811105412e+03 2.050238097198285224e-06
2.575629940917918702e+03 -1.156611745729252601e-06
2.577298095024729719e+03 2.015778345902609261e-06
2.578966249131539826e+03 -1.201565169327223258e-06
2.580634403238353116e+03 1.966984904086453533e-06
2.582302557345164132e+03 -1.258956840039435595e-06
2.583970711451979696e+03 1.911373459547951962e-06
2.585638865558790712e+03 -1.329232712213033646e-06
2.587307019665603548e+03 1.846344408581552443e-06
2.588975173772414109e+03 -1.400242202433105460e-06
2.590643327879225126e+03 1.789192194388436618e-06
2.592311481986035687e+03 -1.437584690680523163e-06
2.593979636092849432e+03 1.773121168132155073e-06
2.595647790199664996e+03 -1.441032563899983214e-06
2.597315944306476013e+03 1.784144807466671539e-06
2.598984098413288848e+03 -1.456006124729333373e-06
2.600652252520099410e+03 1.755612219286414382e-06
2.602320406626910426e+03 -1.509717077823774620e-06
2.603988560733720988e+03 1.702215112960461203e-06
2.605656714840534733e+03 -1.564483782154570647e-06
2.607324868947350296e+03 1.668202839227637137e-06
2.608993023054160403e+03 -1.584575993438566438e-06
2.610661177160974148e+03 1.668418196385518709e-06
2.612329331267784710e+03 -1.579348365823738551e-06
2.613997485374595726e+03 1.671394546690933364e-06
2.615665639481406288e+03 -1.593212125289823853e-06
2.617333793588219123e+03 1.651450980378971477e-06
2.619001947695030140e+03 -1.633085741614979301e-06
2.620670101801845703e+03 1.615419319424447059e-06
2.622338255908659448e+03 -1.665053512375827756e-06
2.624006410015470010e+03 1.590517796884869939e-06
2.625674564122281026e+03 -1.692651078427324203e-06
2.627342718229091588e+03 1.583053624201808824e-06
2.629010872335903969e+03 -1.689478806310499059e-06
2.630679026442715440e+03 1.597295036103668715e-06
2.632347180549531458e+03 -1.677186696243110557e-06
2.634015334656342475e+03 1.601179062587711991e-06
2.635683488763155310e+03 -1.704992274565669050e-06
2.637351642869965417e+03 1.558629107515256300e-06
2.639019796976776433e+03 -1.759513167729542342e-06
2.640687951083589269e+03 1.503322756213162018e-06
2.642356105190400285e+03 -1.815620757329925522e-06
2.644024259297216304e+03 1.464926811362748955e-06
2.645692413404027320e+03 -1.846509404774817503e-06
2.647360567510840156e+03 1.451402427913044345e-06
2.649028721617650717e+03 -1.847166309162644667e-06
2.650696875724461734e+03 1.466492283302132332e-06
2.652365029831272295e+03 -1.834885957092070774e-06
2.654033183938085585e+03 1.479925329109759258e-06
2.655701338044901604e+03 -1.832668003478760089e-06
2.657369492151712620e+03 1.475955793034604024e-06
2.659037646258525456e+03 -1.845071248572855812e-06
2.660705800365336017e+03 1.474211878082121221e-06
2.662373954472147034e+03 -1.844572634871520172e-06
2.664042108578957595e+03 1.476469372443849748e-06
2.665710262685770886e+03 -1.855598274107712685e-06
2.667378416792581447e+03 1.458950906059845342e-06
2.669046570899397466e+03 -1.884146193022824627e-06
2.670714725006210756e+03 1.437794879926014511e-06
2.672382879113021318e+03 -1.896826295405218847e-06
2.674051033219832334e+03 1.438377621654402295e-06
2.675719187326642896e+03 -1.900707166359012394e-06
2.677387341433455276e+03 1.431601231778759656e-06
2.679055495540266747e+03 -1.915201959454490255e-06
2.680723649647082766e+03 1.417601461288187814e-06
2.682391803753896056e+03 -1.936308462415833870e-06
2.684059957860706618e+03 1.401174456234723746e-06
2.685728111967517179e+03 -1.954609920630363063e-06
2.687396266074328196e+03 1.383925610176379936e-06
2.689064420181140576e+03 -1.976563440674849145e-06
2.690732574287952048e+03 1.365914425896952243e-06
2.692400728394767611e+03 -1.993583568856962252e-06
2.694068882501579083e+03 1.361398351124614907e-06
2.695737036608391463e+03 -1.990226273124430762e-06
2.697405190715202025e+03 1.381341603632162974e-06
2.699073344822013041e+03 -1.969101636519677506e-06
2.700741498928823603e+03 1.396797779150854031e-06
2.702409653035636893e+03 -1.968253511210384657e-06
2.704077807142452912e+03 1.392043480321490654e-06
2.705745961249263928e+03 -1.977795015311809091e-06
2.707414115356076763e+03 1.386677316740128791e-06
2.709082269462887325e+03 -1.979775336660390911e-06
2.710750423569698341e+03 1.394434637095044203e-06
2.712418577676508903e+03 -1.977061335108108637e-06
2.714086731783321738e+03 1.401001785053529546e-06
2.715754885890138212e+03 -1.973504588618037117e-06
2.717423039996949228e+03 1.403406372397934398e-06
2.719091194103762064e+03 -1.979789120586363222e-06
2.720759348210572625e+03 1.394582348320161175e-06
2.722427502317383642e+03 -1.993745108594051958e-06
2.724095656424194203e+03 1.382671498301088727e-06
2.725763810531007039e+03 -2.002429467221029373e-06
2.727431964637818055e+03 1.385944442859893661e-06
2.729100118744634074e+03 -1.997122323489594879e-06
2.730768272851447364e+03 1.395408779406161818e-06
2.732436426958257925e+03 -1.995618683576517000e-06
2.734104581065068942e+03 1.393491308247346008e-06
2.735772735171879503e+03 -2.006050100934954953e-06
2.737440889278691884e+03 1.383794942536977873e-06
2.739109043385502900e+03 -2.015772943879996544e-06
2.740777197492319374e+03 1.377752632375618114e-06
2.742445351599132664e+03 -2.023967477378336257e-06
2.744113505705942771e+03 1.372274113010852169e-06
2.745781659812753787e+03 -2.032002351688641111e-06
2.747449813919564349e+03 1.369894399912441588e-06
