1.998399999999999636e+03 3.155303465681466660e-06
2.000100000000000364e+03 3.423360786218873277e-06
2.001800000000001546e+03 3.321539597381281978e-06
2.003500000000000000e+03 3.783017560647515812e-06
2.005100000000000364e+03 3.755790105222287810e-06
2.006800000000001546e+03 4.254939203452183169e-06
2.008500000000000000e+03 4.194226291126577410e-06
2.010100000000000364e+03 4.653845916790533660e-06
2.011800000000001546e+03 4.570917912129178778e-06
2.013500000000000000e+03 5.011481049308846397e-06
2.015100000000000364e+03 4.888368052963649279e-06
2.016800000000001546e+03 5.232394747215573040e-06
2.018500000000000000e+03 5.002023024013632371e-06
2.020100000000000364e+03 5.256525578840196353e-06
2.021800000000001546e+03 4.920477294090442528e-06
2.023500000000000000e+03 5.167728305556098476e-06
2.025100000000000364e+03 4.787598623902363148e-06
2.026800000000001546e+03 5.038364107953260449e-06
2.028500000000000000e+03 4.661264003868172904e-06
2.030100000000000364e+03 4.937591598277841389e-06
2.031800000000001546e+03 4.573356773997756443e-06
2.033500000000000000e+03 4.828239959343962714e-06
2.035100000000000364e+03 4.386383440611318195e-06
2.036800000000001546e+03 4.528966902814482921e-06
2.038500000000000000e+03 3.987435316196858006e-06
2.040199999999998454e+03 4.118806949950205760e-06
2.041800000000001546e+03 3.669892744234782441e-06
2.043500000000000000e+03 3.951138173883175465e-06
2.045199999999998454e+03 3.550764347598921650e-06
2.046800000000001546e+03 3.809772951655225472e-06
2.048500000000000000e+03 3.305929236310919687e-06
2.050199999999998454e+03 3.485532152741539733e-06
2.051800000000001546e+03 2.960145113942563336e-06
2.053500000000000000e+03 3.209336306988332982e-06
2.055199999999998454e+03 2.756203902087210450e-06
2.056800000000001546e+03 3.038707302105485073e-06
2.058500000000000000e+03 2.555912692689222073e-06
2.060199999999998454e+03 2.804519904829079864e-06
2.061800000000001546e+03 2.275443260213707755e-06
2.063500000000000000e+03 2.511355626731592069e-06
2.065199999999998454e+03 1.996122007561024793e-06
2.066800000000001546e+03 2.303159609102125223e-06
2.068500000000000000e+03 1.840801444507986586e-06
2.070199999999998454e+03 2.225423836649849577e-06
2.071800000000001546e+03 1.809451529350175525e-06
2.073500000000000000e+03 2.227663189054564650e-06
2.075199999999998454e+03 1.780427898987250266e-06
2.076899999999999636e+03 2.210041441025460429e-06
2.078500000000000000e+03 1.768299603711791023e-06
2.080199999999998454e+03 2.224585147391383288e-06
2.081899999999999636e+03 1.790270226131943621e-06
2.083500000000000000e+03 2.257868420092614814e-06
2.085199999999998454e+03 1.783220129528323031e-06
2.086899999999999636e+03 2.266186300568876503e-06
2.088500000000000000e+03 1.809500435846304697e-06
2.090199999999998454e+03 2.353503354640667016e-06
2.091899999999999636e+03 1.938627299125130468e-06
2.093500000000000000e+03 2.520135265859530219e-06
2.095199999999998454e+03 2.100490927805894104e-06
2.096899999999999636e+03 2.729107537750240345e-06
2.098500000000000000e+03 2.314308161102436646e-06
2.100199999999998454e+03 2.951316362203178506e-06
2.101899999999999636e+03 2.478521028011691713e-06
2.103500000000000000e+03 3.059170202098478573e-06
2.105199999999998454e+03 2.477618852694921492e-06
2.106899999999999636e+03 3.040048163226829092e-06
2.108500000000000000e+03 2.529995009589702985e-06
2.110199999999998454e+03 3.232779545538071761e-06
2.111899999999999636e+03 2.834856713025483148e-06
2.113600000000000364e+03 3.661975470631676519e-06
2.115199999999998454e+03 3.243467402810144733e-06
2.116899999999999181e+03 4.050877058119107274e-06
2.118600000000000819e+03 3.590318639116758533e-06
2.120199999999998454e+03 4.399558274498507082e-06
2.121899999999999181e+03 3.915153583692647729e-06
2.123600000000000819e+03 4.759335100777570488e-06
2.125199999999998454e+03 4.261156317238035530e-06
2.126899999999999181e+03 5.138907604138728003e-06
2.128600000000000819e+03 4.686507604132529309e-06
2.130199999999998454e+03 5.560352259444507524e-06
2.131899999999999181e+03 5.002778377895915645e-06
2.133600000000000819e+03 5.872363528385661442e-06
2.135199999999998454e+03 5.333077836507924457e-06
2.136899999999999181e+03 6.366960891560611186e-06
2.138600000000000819e+03 5.984208559234194918e-06
2.140199999999998454e+03 7.247989545386674329e-06
2.141899999999999181e+03 6.884516515695540879e-06
2.143600000000000819e+03 8.204221598865933581e-06
2.145199999999998454e+03 7.977305594268316758e-06
2.146899999999999181e+03 9.475913913353835468e-06
2.148600000000000819e+03 9.462645295409528068e-06
2.150300000000001546e+03 1.123755605584910069e-05
2.151899999999999181e+03 1.129674678528127801e-05
2.153600000000000819e+03 1.306264586012717438e-05
2.155300000000001546e+03 1.292089410022258545e-05
2.156899999999999181e+03 1.461652604987635182e-05
2.158600000000000819e+03 1.446695192151523756e-05
2.160300000000001546e+03 1.631405972297743156e-05
2.161899999999999181e+03 1.621126391675254482e-05
2.163600000000000819e+03 1.810606344561782119e-05
2.165300000000001546e+03 1.780327401096858030e-05
2.166899999999999181e+03 1.941019253085696515e-05
2.168600000000000819e+03 1.888005059717021733e-05
2.170300000000001546e+03 2.066437501570968273e-05
2.171899999999999181e+03 2.055151709798898397e-05
2.173600000000000819e+03 2.306418771821086705e-05
2.175300000000001546e+03 2.371611426837253304e-05
2.176899999999999181e+03 2.684639203166159938e-05
2.178600000000000819e+03 2.743897452038035093e-05
2.180300000000001546e+03 3.034127286377601756e-05
2.181899999999999181e+03 3.062968504049935043e-05
2.183600000000000819e+03 3.360493836079920453e-05
2.185300000000001546e+03 3.399835914570453825e-05
2.187000000000000000e+03 3.790120539009856672e-05
2.188600000000000819e+03 3.937204841981750084e-05
2.190300000000001546e+03 4.395791191554209500e-05
2.192000000000000000e+03 4.549834443062023888e-05
2.193600000000000819e+03 5.013481955827747596e-05
2.195300000000001546e+03 5.127353744946785974e-05
2.197000000000000000e+03 5.561773788193711740e-05
2.198600000000000819e+03 5.709660734062801539e-05
2.200300000000001546e+03 6.242405310309803376e-05
2.202000000000000000e+03 6.450179394958986743e-05
2.203600000000000819e+03 7.140741927796162255e-05
2.205300000000001546e+03 7.609891195094238970e-05
2.207000000000000000e+03 8.500279510523783149e-05
2.208600000000000819e+03 9.135065142532653424e-05
2.210300000000001546e+03 1.017369356289498755e-04
2.212000000000000000e+03 1.088462594212294063e-04
2.213600000000000819e+03 1.210625459288729096e-04
2.215300000000001546e+03 1.306742843417414528e-04
2.217000000000000000e+03 1.460650008001853218e-04
2.218600000000000819e+03 1.566319201482867598e-04
2.220300000000001546e+03 1.715415209002588972e-04
2.222000000000000000e+03 1.817183455739534428e-04
2.223600000000000819e+03 1.989874426818968877e-04
2.225300000000001546e+03 2.149957111181835143e-04
2.227000000000000000e+03 2.404716595579022400e-04
2.228699999999998454e+03 2.655899074099920295e-04
2.230300000000001546e+03 2.984043551023817962e-04
2.232000000000000000e+03 3.253694470077254258e-04
2.233699999999998454e+03 3.574141222733236449e-04
2.235300000000001546e+03 3.856376609321785962e-04
2.237000000000000000e+03 4.209944410173840175e-04
2.238699999999998454e+03 4.513339804799284725e-04
2.240300000000001546e+03 4.980263407782255626e-04
2.242000000000000000e+03 5.397157837216427778e-04
2.243699999999998454e+03 5.968960472034299386e-04
2.245300000000001546e+03 6.496037671040566074e-04
2.247000000000000000e+03 7.187611725116841354e-04
2.248699999999998454e+03 7.865325873888387919e-04
2.250300000000001546e+03 8.742995699188505420e-04
2.252000000000000000e+03 9.678092300619005502e-04
2.253699999999998454e+03 1.092571879396819550e-03
2.255300000000001546e+03 1.222532509303276551e-03
2.257000000000000000e+03 1.404834678894132955e-03
2.258699999999998454e+03 1.620972154535610041e-03
2.260300000000001546e+03 1.924575887601508335e-03
2.262000000000000000e+03 2.294737400611092295e-03
2.263699999999998454e+03 2.851174122678140372e-03
2.265399999999998727e+03 3.513732920262923037e-03
2.267000000000000000e+03 4.444574463118396677e-03
2.268699999999998454e+03 5.604215440887462887e-03
2.270399999999998727e+03 7.076772498903859468e-03
2.272000000000000000e+03 9.026845391101491825e-03
2.273699999999998454e+03 1.166254452897167934e-02
2.275399999999998727e+03 1.515881925958481764e-02
2.277000000000000000e+03 1.964400288637040137e-02
2.278699999999998454e+03 2.465606998281975534e-02
2.280399999999998727e+03 2.941209993397869704e-02
2.282000000000000000e+03 3.295516824053185828e-02
2.283699999999998454e+03 3.438665658347356269e-02
2.285399999999998727e+03 3.336892965363204983e-02
2.287000000000000000e+03 3.014156077807646217e-02
2.288699999999998454e+03 2.560004002331475390e-02
2.290399999999998727e+03 2.064715882894348209e-02
2.292000000000000000e+03 1.608512181922232970e-02
2.293699999999998454e+03 1.248798714665837369e-02
2.295399999999998727e+03 9.815665858507398311e-03
2.297000000000000000e+03 7.885017667580431280e-03
2.298699999999998454e+03 6.570210602089790290e-03
2.300399999999998727e+03 5.522232994212029726e-03
2.302100000000001273e+03 4.762615796036566949e-03
2.303699999999998454e+03 4.116178773227428117e-03
2.305399999999998727e+03 3.602768702950651363e-03
2.307100000000001273e+03 3.137135782013425900e-03
2.308699999999998454e+03 2.743591772542702204e-03
2.310399999999998727e+03 2.413360735323393999e-03
2.312100000000001273e+03 2.135934917854131598e-03
2.313699999999998454e+03 1.917076021334210203e-03
2.315399999999998727e+03 1.741939931881202703e-03
2.317100000000001273e+03 1.576290228428796651e-03
2.318699999999998454e+03 1.436608831776226263e-03
2.320399999999998727e+03 1.294110102341221443e-03
2.322100000000001273e+03 1.177319256655485298e-03
2.323699999999998454e+03 1.060300699595043703e-03
2.325399999999998727e+03 9.856717106182378944e-04
2.327100000000001273e+03 9.145514458642189102e-04
2.328699999999998454e+03 8.650542340345687177e-04
2.330399999999998727e+03 8.067861644152103792e-04
2.332100000000001273e+03 7.534302451899361997e-04
2.333699999999998454e+03 6.816039798976065512e-04
2.335399999999998727e+03 6.189079244458617953e-04
2.337100000000001273e+03 5.463673377811669373e-04
2.338800000000001546e+03 4.932027342213349741e-04
2.340399999999998727e+03 4.343262591898122064e-04
2.342100000000001273e+03 3.934142108112517809e-04
2.343800000000002001e+03 3.527315570295521579e-04
2.345399999999998727e+03 3.278158039787339205e-04
2.347100000000001273e+03 3.009686964188615799e-04
2.348800000000002001e+03 2.834379694218221580e-04
2.350399999999998727e+03 2.571656345899003306e-04
2.352100000000001273e+03 2.396678415810852506e-04
2.353800000000002001e+03 2.114251205414325512e-04
2.355399999999998727e+03 1.953626714070639831e-04
2.357100000000001273e+03 1.717606256107314278e-04
2.358800000000002001e+03 1.602245514076104248e-04
2.360399999999998727e+03 1.430143035573138441e-04
2.362100000000001273e+03 1.363917771402556333e-04
2.363800000000002001e+03 1.222280375327853880e-04
2.365399999999998727e+03 1.165154514856509130e-04
2.367100000000001273e+03 1.035792921484177543e-04
2.368800000000002001e+03 9.925480224739664250e-05
2.370399999999998727e+03 8.840204637005978129e-05
2.372100000000001273e+03 8.652081059467646950e-05
2.373800000000002001e+03 7.809462271239589091e-05
2.375500000000000000e+03 7.754306257074526957e-05
2.377100000000001273e+03 7.102661154360913559e-05
2.378800000000002001e+03 7.149216792557664150e-05
2.380500000000000000e+03 6.522946359124225319e-05
2.382100000000001273e+03 6.559589787873782926e-05
2.383800000000002001e+03 5.819265173909182742e-05
2.385500000000000000e+03 5.760015754013900582e-05
2.387100000000001273e+03 4.985608749689725841e-05
2.388800000000002001e+03 4.913861564079825139e-05
2.390500000000000000e+03 4.172967258812651677e-05
2.392100000000001273e+03 4.149051847865104197e-05
2.393800000000002001e+03 3.478081639818214632e-05
2.395500000000000000e+03 3.498426396671194192e-05
2.397100000000001273e+03 2.902949273986460939e-05
2.398800000000002001e+03 3.010096527073997296e-05
2.400500000000000000e+03 2.445904978221362711e-05
2.402100000000001273e+03 2.562548656300510949e-05
2.403800000000002001e+03 2.004762304477453484e-05
2.405500000000000000e+03 2.114801904889552247e-05
2.407100000000001273e+03 1.577783376692796084e-05
2.408800000000002001e+03 1.729442102648767477e-05
2.410500000000000000e+03 1.241706029365776676e-05
2.412199999999997999e+03 1.432129809377709870e-05
2.413800000000002001e+03 9.649493403419336790e-06
2.415500000000000000e+03 1.186822383411990343e-05
2.417199999999997999e+03 7.421045737563296362e-06
2.418800000000002001e+03 9.864176638635742799e-06
2.420500000000000000e+03 5.612865106681928784e-06
2.422199999999997999e+03 8.132335468030884898e-06
2.423800000000002001e+03 3.851443421826640574e-06
2.425500000000000000e+03 6.504388698289738857e-06
2.427199999999997999e+03 2.358473655596409231e-06
2.428800000000002001e+03 5.193131938960921514e-06
2.430500000000000000e+03 1.095300350752975146e-06
2.432199999999997999e+03 4.125565245701555005e-06
2.433800000000002001e+03 5.156719715066040142e-08
2.435500000000000000e+03 3.287210757890926200e-06
2.437199999999997999e+03 -6.687933889332193999e-07
2.438800000000002001e+03 2.796364757000513704e-06
2.440500000000000000e+03 -1.103810658456480495e-06
2.442199999999997999e+03 2.489429736734211249e-06
2.443800000000002001e+03 -1.498280821219972240e-06
2.445500000000000000e+03 2.177160744249718859e-06
2.447199999999997999e+03 -1.916650293164348325e-06
2.448899999999998727e+03 1.909050414917958382e-06
2.450500000000000000e+03 -2.259378302125558851e-06
2.452199999999997999e+03 1.782937697554091221e-06
2.453899999999998727e+03 -2.465785483348340320e-06
2.455500000000000000e+03 1.791179991827870358e-06
2.457199999999997999e+03 -2.540110190221792136e-06
2.458899999999998727e+03 1.956913983423716652e-06
2.460500000000000000e+03 -2.506816183009452697e-06
2.462199999999997999e+03 2.266962869402108083e-06
2.463899999999998727e+03 -2.398392729938494266e-06
2.465500000000000000e+03 2.669886967806329940e-06
2.467199999999997999e+03 -2.238481257851921940e-06
2.468899999999998727e+03 3.224487389777780482e-06
2.470500000000000000e+03 -1.899937358063911604e-06
2.472199999999997999e+03 4.119184118748809815e-06
2.473899999999998727e+03 -1.151963579202657569e-06
2.475500000000000000e+03 5.689121930278241871e-06
2.477199999999997999e+03 5.086649717419595521e-07
2.478899999999998727e+03 8.497796599048968911e-06
2.480500000000000000e+03 3.267184066507634723e-06
2.482199999999997999e+03 1.265771405879761272e-05
2.483899999999998727e+03 7.427141542481122901e-06
2.485500000000000000e+03 1.913271399359941816e-05
2.487199999999997999e+03 1.443576336162126256e-05
2.488899999999998727e+03 3.027837291613103015e-05
2.490600000000001273e+03 2.706119985707646251e-05
2.492199999999997999e+03 4.920304335074174805e-05
2.493899999999998727e+03 4.812051395583522045e-05
2.495600000000001273e+03 8.599998990066556220e-05
2.497199999999997999e+03 9.619312296448267715e-05
2.498899999999998727e+03 1.916802951886234442e-04
2.500600000000001273e+03 2.814661350078586982e-04
2.502199999999997999e+03 8.134980286421773440e-04
2.503899999999998727e+03 2.925649080948207123e-03
2.505600000000001273e+03 6.073324374371606368e-03
2.507199999999997999e+03 1.214162703011443904e-02
2.508899999999998727e+03 1.942637687068256291e-02
2.510600000000001273e+03 2.525519226599863901e-02
2.512199999999997999e+03 2.749595476625573548e-02
2.513899999999998727e+03 2.529122115986667460e-02
2.515600000000001273e+03 1.952336984792151300e-02
2.517199999999997999e+03 1.228641684721628290e-02
2.518899999999998727e+03 6.354472335929488118e-03
2.520600000000001273e+03 3.213634417939866244e-03
2.522199999999997999e+03 1.038683839657852026e-03
2.523899999999998727e+03 5.178600015150091251e-04
2.525600000000001273e+03 3.260523016534436669e-04
2.527300000000002001e+03 2.284140694582609732e-04
2.528899999999998727e+03 1.609332165183530096e-04
2.530600000000001273e+03 1.298424781915374145e-04
2.532300000000002001e+03 9.603745648339707779e-05
2.533899999999998727e+03 8.080784979242043337e-05
2.535600000000001273e+03 5.915102762053048638e-05
2.537300000000002001e+03 5.109045305795803250e-05
2.538899999999998727e+03 3.631997506343611633e-05
2.540600000000001273e+03 3.404819173160906088e-05
2.542300000000002001e+03 2.512752177099176755e-05
2.543899999999998727e+03 2.561922272170184982e-05
2.545600000000001273e+03 1.937618178859520633e-05
2.547300000000002001e+03 2.016863083834497170e-05
2.548899999999998727e+03 1.488717848611267280e-05
2.550600000000001273e+03 1.596026960976514315e-05
2.552300000000002001e+03 1.185459769978963565e-05
2.553899999999998727e+03 1.336907511977393198e-05
2.555600000000001273e+03 9.861832735903900218e-06
2.557300000000002001e+03 1.149123926259253904e-05
2.558899999999998727e+03 8.293709310823127131e-06
2.560600000000001273e+03 9.762915264080155198e-06
2.562300000000002001e+03 6.892887465308083094e-06
2.564000000000000000e+03 8.238909822166075485e-06
2.565600000000001273e+03 5.627327192652733605e-06
2.567300000000002001e+03 6.837432885643217899e-06
2.569000000000000000e+03 4.446994079088360107e-06
2.570600000000001273e+03 5.612270452877190285e-06
2.572300000000002001e+03 3.470814947457901763e-06
2.574000000000000000e+03 4.699112746717143731e-06
2.575600000000001273e+03 2.876760306289630142e-06
2.577300000000002001e+03 4.154352536747075616e-06
2.579000000000000000e+03 2.540921979684669751e-06
2.580600000000001273e+03 3.748255469301849829e-06
2.582300000000002001e+03 2.240127804820380219e-06
2.584000000000000000e+03 3.330836033349510883e-06
2.585600000000001273e+03 1.852338662031817832e-06
2.587300000000002001e+03 2.897626290350650758e-06
2.589000000000000000e+03 1.572698010035283980e-06
2.590600000000001273e+03 2.606778840515422170e-06
2.592300000000002001e+03 1.419529684700655091e-06
2.594000000000000000e+03 2.406466924309023070e-06
2.595600000000001273e+03 1.229018154824243106e-06
2.597300000000002001e+03 2.097378713557052695e-06
2.599000000000000000e+03 9.841734523458427909e-07
2.600699999999997999e+03 1.842533956490258302e-06
2.602300000000002001e+03 8.406562147118448370e-07
2.604000000000000000e+03 1.701012607467602835e-06
2.605699999999997999e+03 8.005449036959665716e-07
2.607300000000002001e+03 1.635403940602070534e-06
2.609000000000000000e+03 7.981659708879284909e-07
2.610699999999997999e+03 1.577272594989795296e-06
2.612300000000002001e+03 7.282717588006424552e-07
2.614000000000000000e+03 1.410558174126373497e-06
2.615699999999997999e+03 5.593846792405785357e-07
2.617300000000002001e+03 1.199115973643893387e-06
2.619000000000000000e+03 4.178405495527793338e-07
2.620699999999997999e+03 1.040531223612552526e-06
2.622300000000002001e+03 3.191474321870970820e-07
2.624000000000000000e+03 9.137237769470387306e-07
2.625699999999997999e+03 2.337768181059482221e-07
2.627300000000002001e+03 8.100207139800015977e-07
2.629000000000000000e+03 1.665917044405682250e-07
2.630699999999997999e+03 7.248756453159909296e-07
2.632300000000002001e+03 1.220310020879033554e-07
2.634000000000000000e+03 6.663474792229210143e-07
2.635699999999997999e+03 1.200732876847058871e-07
2.637399999999998272e+03 6.435606184566970227e-07
2.639000000000000000e+03 1.197183501221255671e-07
2.640699999999997999e+03 5.916865699069765900e-07
2.642399999999998272e+03 7.049127956907813135e-08
2.644000000000000000e+03 5.181886427012634017e-07
2.645699999999997999e+03 2.425663818928244967e-08
2.647399999999998272e+03 4.642247309296368868e-07
2.649000000000000000e+03 1.022192232391481898e-09
2.650699999999997999e+03 4.073064149260319258e-07
2.652399999999998272e+03 -3.605337998656865216e-08
2.654000000000000000e+03 3.534453702593797178e-07
2.655699999999997999e+03 -5.120330357585303899e-08
2.657399999999998272e+03 3.358085049897791353e-07
2.659000000000000000e+03 -4.742183067006746040e-08
2.660699999999997999e+03 3.188848812896513649e-07
2.662399999999998272e+03 -6.645926380919095709e-08
2.664000000000000000e+03 2.717632358237274992e-07
2.665699999999997999e+03 -9.170181602956445791e-08
2.667399999999998272e+03 2.313723828942994750e-07
2.669000000000000000e+03 -1.157742430212597954e-07
2.670699999999997999e+03 1.828861206433947116e-07
2.672399999999998272e+03 -1.546563889973614264e-07
2.674100000000001728e+03 1.266262938508256060e-07
2.675699999999997999e+03 -1.911621238227685479e-07
2.677399999999998272e+03 9.536534587645993205e-08
2.679100000000001728e+03 -1.906611778537632023e-07
2.680699999999997999e+03 9.519259646898890907e-08
2.682399999999998272e+03 -1.652429035920728653e-07
2.684100000000001728e+03 1.094507584876352671e-07
2.685699999999997999e+03 -1.435050739720017667e-07
2.687399999999998272e+03 1.085675749982120094e-07
2.689100000000001728e+03 -1.473130306316739138e-07
2.690699999999997999e+03 8.510726921098791866e-08
2.692399999999998272e+03 -1.637820573140160234e-07
2.694100000000001728e+03 5.253606299961120357e-08
2.695699999999997999e+03 -1.801504781256760472e-07
2.697399999999998272e+03 2.881943106102846569e-08
2.699100000000001728e+03 -1.862121676238795733e-07
2.700699999999997999e+03 2.097637802733460032e-08
2.702399999999998272e+03 -1.770066574109900653e-07
2.704100000000001728e+03 2.393696571881844019e-08
2.705699999999997999e+03 -1.655985080917338152e-07
2.707399999999998272e+03 2.565624376387496450e-08
2.709100000000001728e+03 -1.589640244455852563e-07
2.710800000000002001e+03 1.664528862510515708e-08
2.712399999999998272e+03 -1.596984015687355117e-07
2.714100000000001728e+03 -1.291618933550005164e-09
2.715800000000002001e+03 -1.768264827706868496e-07
2.717399999999998272e+03 -2.887608895398162828e-08
2.719100000000001728e+03 -1.983439754346314594e-07
2.720800000000002001e+03 -5.790582750779896200e-08
2.722399999999998272e+03 -2.117723883275843840e-07
2.724100000000001728e+03 -6.937860620606813637e-08
2.725800000000002001e+03 -2.088728698414590684e-07
2.727399999999998272e+03 -6.746973065252499428e-08
2.729100000000001728e+03 -1.948848268681787991e-07
2.730800000000002001e+03 -6.230567494716000803e-08
2.732399999999998272e+03 -1.830775284096718277e-07
2.734100000000001728e+03 -5.865762439231926498e-08
2.735800000000002001e+03 -1.767316252624622248e-07
2.737399999999998272e+03 -6.465840665559840515e-08
2.739100000000001728e+03 -1.816212268314361936e-07
2.740800000000002001e+03 -7.941102312233126390e-08
2.742399999999998272e+03 -1.888484142853342096e-07
2.744100000000001728e+03 -8.753152198160689699e-08
2.745800000000002001e+03 -1.836766570446324531e-07
2.747399999999998272e+03 -8.611624973739958522e-08
