1.999899999999999636e+03 4.352111630613843356e-06
2.000800000000001546e+03 4.367848222559500561e-06
2.001600000000000364e+03 4.567112908754207975e-06
2.002399999999999636e+03 4.504344014659926766e-06
2.003300000000001546e+03 4.672436506111609733e-06
2.004100000000000364e+03 4.663206473209541303e-06
2.004899999999999636e+03 4.961241089351312322e-06
2.005800000000001546e+03 5.082958245772170820e-06
2.006600000000000364e+03 5.437553661004828698e-06
2.007399999999999636e+03 5.508946748873488813e-06
2.008300000000001546e+03 5.717413570351884150e-06
2.009100000000000364e+03 5.695119792657858004e-06
2.009899999999999636e+03 5.826038362013360068e-06
2.010800000000001546e+03 5.724252441092967944e-06
2.011600000000000364e+03 5.792026466827427373e-06
2.012399999999999636e+03 5.615290695395940540e-06
2.013300000000001546e+03 5.615076948576554632e-06
2.014100000000000364e+03 5.421622408445217324e-06
2.014899999999999636e+03 5.518016245926939387e-06
2.015800000000001546e+03 5.443709818489007269e-06
2.016600000000000364e+03 5.591169063254884119e-06
2.017399999999999636e+03 5.525345442219614200e-06
2.018300000000001546e+03 5.589056098884319524e-06
2.019100000000000364e+03 5.409200495690376340e-06
2.019899999999999636e+03 5.373977417307247917e-06
2.020800000000001546e+03 5.186941602311636317e-06
2.021600000000000364e+03 5.261185176041732606e-06
2.022399999999999636e+03 5.169853999697375714e-06
2.023300000000001546e+03 5.277772947364564582e-06
2.024100000000000364e+03 5.211408187258511000e-06
2.024899999999999636e+03 5.293218762682947070e-06
2.025800000000001546e+03 5.220339348242255475e-06
2.026600000000000364e+03 5.377152919763517985e-06
2.027399999999999636e+03 5.394120027084108322e-06
2.028300000000001546e+03 5.560730986866919092e-06
2.029100000000000364e+03 5.495022848272011702e-06
2.029899999999999636e+03 5.500816869138330662e-06
2.030800000000001546e+03 5.249988725332069311e-06
2.031600000000000364e+03 5.091625870783017287e-06
2.032399999999999636e+03 4.788002234566407541e-06
2.033300000000001546e+03 4.620935758983510703e-06
2.034100000000000364e+03 4.363493111654691162e-06
2.034899999999999636e+03 4.275014507266003862e-06
2.035800000000001546e+03 4.095383454991423383e-06
2.036600000000000364e+03 4.075272012085094077e-06
2.037399999999999636e+03 3.947520348609483846e-06
2.038300000000001546e+03 3.926509082967503192e-06
2.039100000000000364e+03 3.768892987881837217e-06
2.039899999999999636e+03 3.702672062416253395e-06
2.040800000000001546e+03 3.523255360994313833e-06
2.041600000000000364e+03 3.468601186645916394e-06
2.042500000000000000e+03 3.356998352244683845e-06
2.043300000000001546e+03 3.352690981762037742e-06
2.044100000000000364e+03 3.286055954137220045e-06
2.045000000000000000e+03 3.296076865838882288e-06
2.045800000000001546e+03 3.213863892177922384e-06
2.046600000000000364e+03 3.178206875058918734e-06
2.047500000000000000e+03 3.024138725598312052e-06
2.048300000000001546e+03 2.931098396059558155e-06
2.049100000000000364e+03 2.759497094110597781e-06
2.050000000000000000e+03 2.687965389950622169e-06
2.050800000000001546e+03 2.600490508244606391e-06
2.051600000000000364e+03 2.620961328831332224e-06
2.052500000000000000e+03 2.581145340680231710e-06
2.053300000000001546e+03 2.574535323817058567e-06
2.054100000000000364e+03 2.503163190297919812e-06
2.055000000000000000e+03 2.448929967970411699e-06
2.055800000000001546e+03 2.355377736438565342e-06
2.056600000000000364e+03 2.331340507047401766e-06
2.057500000000000000e+03 2.286241179813627455e-06
2.058300000000001546e+03 2.276683848067367083e-06
2.059100000000000364e+03 2.219233902684291045e-06
2.060000000000000000e+03 2.188477587950956692e-06
2.060800000000001546e+03 2.090514914199991078e-06
2.061600000000000364e+03 2.024505412827977242e-06
2.062500000000000000e+03 1.942606860271297183e-06
2.063300000000001546e+03 1.874112904736126467e-06
2.064100000000000364e+03 1.803233366563646496e-06
2.065000000000000000e+03 1.739665996550480936e-06
2.065800000000001546e+03 1.669927492764701642e-06
2.066600000000000364e+03 1.606020469247776392e-06
2.067500000000000000e+03 1.565038052093317850e-06
2.068300000000001546e+03 1.518009641911543023e-06
2.069100000000000364e+03 1.470316673719822523e-06
2.070000000000000000e+03 1.419055030353529132e-06
2.070800000000001546e+03 1.369330125427477276e-06
2.071600000000000364e+03 1.296221489707207605e-06
2.072500000000000000e+03 1.274509109589056509e-06
2.073300000000001546e+03 1.234756248828901064e-06
2.074100000000000364e+03 1.215511593643601115e-06
2.075000000000000000e+03 1.169779712821679237e-06
2.075800000000001546e+03 1.155430834348803534e-06
2.076600000000000364e+03 1.100460445477802254e-06
2.077500000000000000e+03 1.093614849418002048e-06
2.078300000000001546e+03 1.056194646773146901e-06
2.079100000000000364e+03 1.073806637432866058e-06
2.080000000000000000e+03 1.044889541689759904e-06
2.080800000000001546e+03 1.079678307708197673e-06
2.081600000000000364e+03 1.040902162494349039e-06
2.082500000000000000e+03 1.065042644209248341e-06
2.083300000000001546e+03 1.020922925031542748e-06
2.084199999999998454e+03 1.038875799056546758e-06
2.085000000000000000e+03 9.897329922604034018e-07
2.085800000000001546e+03 1.016291182463776058e-06
2.086699999999998454e+03 9.417905303121761978e-07
2.087500000000000000e+03 9.493464850478094201e-07
2.088300000000001546e+03 8.710346352561510914e-07
2.089199999999998454e+03 9.116411631386925522e-07
2.090000000000000000e+03 8.670902981005240568e-07
2.090800000000001546e+03 9.632089268223691765e-07
2.091699999999998454e+03 9.654388992843062624e-07
2.092500000000000000e+03 1.085974516841067876e-06
2.093300000000001546e+03 1.070554696747667885e-06
2.094199999999998454e+03 1.154570491724876955e-06
2.095000000000000000e+03 1.080463087017344167e-06
2.095800000000001546e+03 1.124227908635533040e-06
2.096699999999998454e+03 1.037892594823108791e-06
2.097500000000000000e+03 1.118633290355576836e-06
2.098300000000001546e+03 1.079664857070765061e-06
2.099199999999998454e+03 1.205240599720045252e-06
2.100000000000000000e+03 1.172887694323467551e-06
2.100800000000001546e+03 1.294729527567177211e-06
2.101699999999998454e+03 1.249606686626484176e-06
2.102500000000000000e+03 1.365404345169789736e-06
2.103300000000001546e+03 1.303456874030938874e-06
2.104199999999998454e+03 1.403477806666432977e-06
2.105000000000000000e+03 1.307911058843875516e-06
2.105800000000001546e+03 1.373127533050594402e-06
2.106699999999998454e+03 1.253496878739297396e-06
2.107500000000000000e+03 1.330931606859546505e-06
2.108300000000001546e+03 1.231170097166385872e-06
2.109199999999998454e+03 1.334557892484216374e-06
2.110000000000000000e+03 1.245480703594048520e-06
2.110800000000001546e+03 1.357045490127357906e-06
2.111699999999998454e+03 1.260018320664120388e-06
2.112500000000000000e+03 1.379009011082386895e-06
2.113300000000001546e+03 1.288976017405402459e-06
2.114199999999998454e+03 1.442524197604031007e-06
2.115000000000000000e+03 1.374733296301309969e-06
2.115800000000001546e+03 1.547231649905523025e-06
2.116699999999998454e+03 1.490959849591451912e-06
2.117500000000000000e+03 1.665686712278066589e-06
2.118300000000001546e+03 1.586044616239342919e-06
2.119199999999998454e+03 1.737743828849179604e-06
2.120000000000000000e+03 1.611759389204224866e-06
2.120800000000001546e+03 1.738344813915814752e-06
2.121699999999998454e+03 1.597870232969209398e-06
2.122500000000000000e+03 1.742368347926472875e-06
2.123300000000001546e+03 1.628778132027405173e-06
2.124199999999998454e+03 1.824809029670301764e-06
2.125000000000000000e+03 1.754600843325100446e-06
2.125800000000001546e+03 1.975884378675571755e-06
2.126699999999998454e+03 1.903250220417881908e-06
2.127500000000000000e+03 2.109095413026323286e-06
2.128399999999999181e+03 1.977308682863887261e-06
2.129199999999998454e+03 2.156884982948825973e-06
2.130000000000000000e+03 2.024513726069169430e-06
2.130899999999999181e+03 2.241201471284843383e-06
2.131699999999998454e+03 2.130892762564737200e-06
2.132500000000000000e+03 2.340147536083655842e-06
2.133399999999999181e+03 2.172374886467681942e-06
2.134199999999998454e+03 2.319179237755696674e-06
2.135000000000000000e+03 2.107543305987384198e-06
2.135899999999999181e+03 2.273211590922741184e-06
2.136699999999998454e+03 2.108304020487106172e-06
2.137500000000000000e+03 2.368010780611069219e-06
2.138399999999999181e+03 2.270222186753356289e-06
2.139199999999998454e+03 2.599377748218674483e-06
2.140000000000000000e+03 2.532668938243108295e-06
2.140899999999999181e+03 2.882255893425538666e-06
2.141699999999998454e+03 2.813767427120410987e-06
2.142500000000000000e+03 3.146727059256093939e-06
2.143399999999999181e+03 3.033864161667602348e-06
2.144199999999998454e+03 3.350865048389847573e-06
2.145000000000000000e+03 3.228495660596448855e-06
2.145899999999999181e+03 3.543790031943746961e-06
2.146699999999998454e+03 3.397811194846713245e-06
2.147500000000000000e+03 3.680631804329244807e-06
2.148399999999999181e+03 3.454297741437256479e-06
2.149199999999998454e+03 3.690044199230021285e-06
2.150000000000000000e+03 3.484776857837261874e-06
2.150899999999999181e+03 3.815893070772092367e-06
2.151699999999998454e+03 3.696792153625495006e-06
2.152500000000000000e+03 4.121861937713713108e-06
2.153399999999999181e+03 4.012490819375566744e-06
2.154199999999998454e+03 4.350516920548982878e-06
2.155000000000000000e+03 4.097784359523824319e-06
2.155899999999999181e+03 4.279543884878477999e-06
2.156699999999998454e+03 3.908924806225328924e-06
2.157500000000000000e+03 4.142614122906441435e-06
2.158399999999999181e+03 3.951064217944143013e-06
2.159199999999998454e+03 4.428113149725625338e-06
2.160000000000000000e+03 4.368916271670261460e-06
2.160899999999999181e+03 4.822591233710382882e-06
2.161699999999998454e+03 4.604893258443466273e-06
2.162500000000000000e+03 4.947029036865002862e-06
2.163399999999999181e+03 4.765878987291867736e-06
2.164199999999998454e+03 5.321229466050361964e-06
2.165000000000000000e+03 5.375495658007446854e-06
2.165899999999999181e+03 6.087080116583944514e-06
2.166699999999998454e+03 6.073660552614718091e-06
2.167500000000000000e+03 6.571299636111468725e-06
2.168399999999999181e+03 6.292070882358069954e-06
2.169199999999998454e+03 6.600174234690149164e-06
2.170100000000000819e+03 6.256096747780153206e-06
2.170899999999999181e+03 6.721582490372510644e-06
2.171699999999998454e+03 6.679648042082293445e-06
2.172600000000000819e+03 7.440526160090027938e-06
2.173399999999999181e+03 7.597585703916189188e-06
2.174199999999998454e+03 8.484192472166797542e-06
2.175100000000000819e+03 8.549386746594604247e-06
2.175899999999999181e+03 9.193916383774730218e-06
2.176699999999998454e+03 9.012411551844294881e-06
2.177600000000000819e+03 9.466349704250661816e-06
2.178399999999999181e+03 9.066985022368099188e-06
2.179199999999998454e+03 9.528051545577694446e-06
2.180100000000000819e+03 9.396936771275790813e-06
2.180899999999999181e+03 1.017415680661724916e-05
2.181699999999998454e+03 1.039368609239776080e-05
2.182600000000000819e+03 1.154333642190271516e-05
2.183399999999999181e+03 1.180551985848328706e-05
2.184199999999998454e+03 1.272339851809974230e-05
2.185100000000000819e+03 1.260221730419552771e-05
2.185899999999999181e+03 1.309564634128945900e-05
2.186699999999998454e+03 1.265594419409018555e-05
2.187600000000000819e+03 1.298829512261057068e-05
2.188399999999999181e+03 1.251447973029502343e-05
2.189199999999998454e+03 1.296621147999069426e-05
2.190100000000000819e+03 1.267302681498687015e-05
2.190899999999999181e+03 1.346791589722206304e-05
2.191699999999998454e+03 1.355376459063534102e-05
2.192600000000000819e+03 1.472084819168228139e-05
2.193399999999999181e+03 1.487269984796326016e-05
2.194199999999998454e+03 1.579353328881200825e-05
2.195100000000000819e+03 1.561247496822715206e-05
2.195899999999999181e+03 1.615858885067068807e-05
2.196699999999998454e+03 1.586341215249025807e-05
2.197600000000000819e+03 1.667116776577319412e-05
2.198399999999999181e+03 1.685641853795712594e-05
2.199199999999998454e+03 1.825155601534334066e-05
2.200100000000000819e+03 1.892249373734937158e-05
2.200899999999999181e+03 2.068415983934327260e-05
2.201699999999998454e+03 2.137713481172434025e-05
2.202600000000000819e+03 2.302945283582383739e-05
2.203399999999999181e+03 2.343870591572076332e-05
2.204199999999998454e+03 2.465385082381565672e-05
2.205100000000000819e+03 2.477001046641172204e-05
2.205899999999999181e+03 2.572727987819262906e-05
2.206699999999998454e+03 2.595600641094645379e-05
2.207600000000000819e+03 2.706999318482811940e-05
2.208399999999999181e+03 2.729130502256151648e-05
2.209199999999998454e+03 2.854357278703395357e-05
2.210100000000000819e+03 2.877327978407656311e-05
2.210899999999999181e+03 3.022714766393938202e-05
2.211800000000001546e+03 3.081458214743445194e-05
2.212600000000000819e+03 3.293424163505598556e-05
2.213399999999999181e+03 3.392076400375126878e-05
2.214300000000001546e+03 3.572165552715784358e-05
2.215100000000000819e+03 3.672896442376132888e-05
2.215899999999999181e+03 3.841760165978751765e-05
2.216800000000001546e+03 3.943037861413615716e-05
2.217600000000000819e+03 4.197107232098732185e-05
2.218399999999999181e+03 4.348618014355145331e-05
2.219300000000001546e+03 4.602753019169214971e-05
2.220100000000000819e+03 4.684332380627047142e-05
2.220899999999999181e+03 4.893072262499616464e-05
2.221800000000001546e+03 4.986348696806199151e-05
2.222600000000000819e+03 5.246035358813350662e-05
2.223399999999999181e+03 5.497672187945936995e-05
2.224300000000001546e+03 5.868007467489980925e-05
2.225100000000000819e+03 6.119297444536919586e-05
2.225899999999999181e+03 6.451029394649533590e-05
2.226800000000001546e+03 6.546333076648788219e-05
2.227600000000000819e+03 6.775218713007437332e-05
2.228399999999999181e+03 6.864865966066011852e-05
2.229300000000001546e+03 7.159652564625168796e-05
2.230100000000000819e+03 7.358129174236413908e-05
2.230899999999999181e+03 7.756013351929355853e-05
2.231800000000001546e+03 7.990566626093203323e-05
2.232600000000000819e+03 8.333692698354994133e-05
2.233399999999999181e+03 8.532078702977975650e-05
2.234300000000001546e+03 8.853104942037794275e-05
2.235100000000000819e+03 9.032799230989750486e-05
2.235899999999999181e+03 9.522439796416454704e-05
2.236800000000001546e+03 1.002676148351491363e-04
2.237600000000000819e+03 1.087415226448047891e-04
2.238399999999999181e+03 1.169549426699969716e-04
2.239300000000001546e+03 1.269255078884903875e-04
2.240100000000000819e+03 1.340125927073802228e-04
2.240899999999999181e+03 1.404323764580883759e-04
2.241800000000001546e+03 1.451615209450228116e-04
2.242600000000000819e+03 1.514042357719371597e-04
2.243399999999999181e+03 1.558106583676946314e-04
2.244300000000001546e+03 1.626347707704841553e-04
2.245100000000000819e+03 1.681511200403057221e-04
2.245899999999999181e+03 1.755973866958203768e-04
2.246800000000001546e+03 1.834110861576812189e-04
2.247600000000000819e+03 1.948960623809941543e-04
2.248399999999999181e+03 2.061609089592880369e-04
2.249300000000001546e+03 2.170809272746989759e-04
2.250100000000000819e+03 2.251000914504888608e-04
2.250899999999999181e+03 2.330683486998849782e-04
2.251800000000001546e+03 2.379525180103766058e-04
2.252600000000000819e+03 2.494017504101417467e-04
2.253500000000000000e+03 2.589497414359624478e-04
2.254300000000001546e+03 2.713992715875695669e-04
2.255100000000000819e+03 2.798478909534225898e-04
2.256000000000000000e+03 2.880644245520944742e-04
2.256800000000001546e+03 2.947347575607186924e-04
2.257600000000000819e+03 3.066022674217545570e-04
2.258500000000000000e+03 3.248233975970538220e-04
2.259300000000001546e+03 3.540285300227727339e-04
2.260100000000001273e+03 3.855112103131996923e-04
2.261000000000000000e+03 4.245953066256376372e-04
2.261800000000001546e+03 4.575454140970743500e-04
2.262600000000001273e+03 4.920968946806203058e-04
2.263500000000000000e+03 5.189596857775173903e-04
2.264300000000001546e+03 5.478997596929047415e-04
2.265100000000001273e+03 5.712790536449139809e-04
2.266000000000000000e+03 5.953922791375719243e-04
2.266800000000001546e+03 6.192061968116207866e-04
2.267600000000001273e+03 6.485860941167585899e-04
2.268500000000000000e+03 6.871017453189970240e-04
2.269300000000001546e+03 7.409398831940846274e-04
2.270100000000001273e+03 7.980892130576903954e-04
2.271000000000000000e+03 8.592614666715518235e-04
2.271800000000001546e+03 9.163379077799962795e-04
2.272600000000001273e+03 9.697932006600129551e-04
2.273500000000000000e+03 1.014539236938185500e-03
2.274300000000001546e+03 1.066885256994569344e-03
2.275100000000001273e+03 1.115663433200498071e-03
2.276000000000000000e+03 1.174012111568506055e-03
2.276800000000001546e+03 1.244444257254106621e-03
2.277600000000001273e+03 1.334691807279581336e-03
2.278500000000000000e+03 1.436110858950426401e-03
2.279300000000001546e+03 1.544333691389238343e-03
2.280100000000001273e+03 1.658204234762982636e-03
2.281000000000000000e+03 1.752807985443986718e-03
2.281800000000001546e+03 1.854057970074880768e-03
2.282600000000001273e+03 1.982440879437776318e-03
2.283500000000000000e+03 2.144869158015082558e-03
2.284300000000001546e+03 2.346323277945021150e-03
2.285100000000001273e+03 2.571706766853636573e-03
2.286000000000000000e+03 2.771122430226378389e-03
2.286800000000001546e+03 2.953452670486295898e-03
2.287600000000001273e+03 3.118703714780351240e-03
2.288500000000000000e+03 3.294513509458960911e-03
2.289300000000001546e+03 3.508871523318406616e-03
2.290100000000001273e+03 3.760188277097274191e-03
2.291000000000000000e+03 4.025156182440790126e-03
2.291800000000001546e+03 4.313735560910701532e-03
2.292600000000001273e+03 4.621015061700039193e-03
2.293500000000000000e+03 4.941491755040675928e-03
2.294300000000001546e+03 5.254659645994932959e-03
2.295199999999998454e+03 5.561454986108168609e-03
2.296000000000000000e+03 5.864519642477953980e-03
2.296800000000001546e+03 6.160083700335008093e-03
2.297699999999998454e+03 6.464496845378879010e-03
2.298500000000000000e+03 6.862111698965818983e-03
2.299300000000001546e+03 7.338935239163102073e-03
2.300199999999998454e+03 7.913947187188631952e-03
2.301000000000000000e+03 8.670190595393072880e-03
2.301800000000001546e+03 9.457725417069079085e-03
2.302699999999998454e+03 1.027588223391850616e-02
2.303500000000000000e+03 1.109156687342500655e-02
2.304300000000001546e+03 1.176022234607038489e-02
2.305199999999998454e+03 1.242952544199954663e-02
2.306000000000000000e+03 1.296572015809559046e-02
2.306800000000001546e+03 1.349095820911636393e-02
2.307699999999998454e+03 1.400046960049088594e-02
2.308500000000000000e+03 1.445314270799242205e-02
2.309300000000001546e+03 1.489134081238656891e-02
2.310199999999998454e+03 1.530883365314032914e-02
2.311000000000000000e+03 1.577354694928809545e-02
2.311800000000001546e+03 1.633829624776699657e-02
2.312699999999998454e+03 1.706216783250238608e-02
2.313500000000000000e+03 1.797408991469472833e-02
2.314300000000001546e+03 1.892849359344486726e-02
2.315199999999998454e+03 1.971795883067832197e-02
2.316000000000000000e+03 2.036893854667911480e-02
2.316800000000001546e+03 2.062320852490353087e-02
2.317699999999998454e+03 2.075149709298999140e-02
2.318500000000000000e+03 2.083490661293922047e-02
2.319300000000001546e+03 2.103713943759644503e-02
2.320199999999998454e+03 2.147817712100413140e-02
2.321000000000000000e+03 2.202167628048368880e-02
2.321800000000001546e+03 2.253203767741817840e-02
2.322699999999998454e+03 2.301366701828147510e-02
2.323500000000000000e+03 2.339645285545637401e-02
2.324300000000001546e+03 2.376588457597658688e-02
2.325199999999998454e+03 2.411675939855744202e-02
2.326000000000000000e+03 2.448347608300330963e-02
2.326800000000001546e+03 2.465265832517290687e-02
2.327699999999998454e+03 2.449648459300173692e-02
2.328500000000000000e+03 2.410870769753879067e-02
2.329300000000001546e+03 2.346946615355668952e-02
2.330199999999998454e+03 2.285717258804187760e-02
2.331000000000000000e+03 2.233021273088680800e-02
2.331800000000001546e+03 2.189726411137951981e-02
2.332699999999998454e+03 2.125308755343200892e-02
2.333500000000000000e+03 2.058042491171818353e-02
2.334300000000001546e+03 1.976673918638568311e-02
2.335199999999998454e+03 1.895539798188345532e-02
2.336000000000000000e+03 1.815083502684665048e-02
2.336899999999998727e+03 1.749882471802405998e-02
2.337699999999998454e+03 1.680262657437674514e-02
2.338500000000000000e+03 1.606323693941823227e-02
2.339399999999998727e+03 1.530598161983286881e-02
2.340199999999998454e+03 1.463741021367144859e-02
2.341000000000000000e+03 1.384034785714738022e-02
2.341899999999998727e+03 1.309188215549536918e-02
2.342699999999997999e+03 1.237221078138416204e-02
2.343500000000000000e+03 1.160356601000984630e-02
2.344399999999998727e+03 1.073016817248255775e-02
2.345199999999997999e+03 9.802550566378770425e-03
2.346000000000000000e+03 8.812188227510907995e-03
2.346899999999998727e+03 7.912374832581354350e-03
2.347699999999997999e+03 7.082486070860199469e-03
2.348500000000000000e+03 6.444100759585029772e-03
2.349399999999998727e+03 5.917078630960353504e-03
2.350199999999997999e+03 5.501244079441913737e-03
2.351000000000000000e+03 5.103238783740613599e-03
2.351899999999998727e+03 4.756999760713762418e-03
2.352699999999997999e+03 4.420614886392997857e-03
2.353500000000000000e+03 4.098180689405637490e-03
2.354399999999998727e+03 3.778320794971339134e-03
2.355199999999997999e+03 3.474261663232115684e-03
2.356000000000000000e+03 3.170506416264518099e-03
2.356899999999998727e+03 2.893487736124944996e-03
2.357699999999997999e+03 2.635178519025239627e-03
2.358500000000000000e+03 2.426586220535607678e-03
2.359399999999998727e+03 2.228036753304936304e-03
2.360199999999997999e+03 2.065318289679315706e-03
2.361000000000000000e+03 1.883160541390176655e-03
2.361899999999998727e+03 1.711924897510679142e-03
2.362699999999997999e+03 1.532783890566076848e-03
2.363500000000000000e+03 1.358957753551420745e-03
2.364399999999998727e+03 1.198595642335281968e-03
2.365199999999997999e+03 1.074793422275806005e-03
2.366000000000000000e+03 9.692458967137406768e-04
2.366899999999998727e+03 9.008920924616142453e-04
2.367699999999997999e+03 8.355950078375043661e-04
2.368500000000000000e+03 7.912283604878396059e-04
2.369399999999998727e+03 7.336812716121949999e-04
2.370199999999997999e+03 6.934156364356583663e-04
2.371000000000000000e+03 6.490991176190182444e-04
2.371899999999998727e+03 6.178504535113299185e-04
2.372699999999997999e+03 5.795961868027167804e-04
2.373500000000000000e+03 5.579425909518631469e-04
2.374399999999998727e+03 5.290858985342639141e-04
2.375199999999997999e+03 5.113542843814524114e-04
2.376000000000000000e+03 4.885569795842790520e-04
2.376899999999998727e+03 4.751845862532720795e-04
2.377699999999997999e+03 4.463152527273448822e-04
2.378500000000000000e+03 4.223969369345199443e-04
2.379399999999998727e+03 3.885375725997894120e-04
2.380199999999997999e+03 3.621515941455824062e-04
2.381100000000001273e+03 3.291953840701253211e-04
2.381899999999998727e+03 3.108964456935669183e-04
2.382699999999997999e+03 2.880931316995779005e-04
2.383600000000001273e+03 2.764084197375386311e-04
2.384399999999998727e+03 2.609540420920870136e-04
2.385199999999997999e+03 2.531432382535623313e-04
2.386100000000001273e+03 2.365303933234971854e-04
2.386899999999998727e+03 2.262962641099422391e-04
2.387699999999997999e+03 2.082023171841442888e-04
2.388600000000001273e+03 1.983306764222497352e-04
2.389399999999998727e+03 1.827243999810145849e-04
2.390199999999997999e+03 1.793462225726531387e-04
2.391100000000001273e+03 1.688828409437836031e-04
2.391899999999998727e+03 1.669380095411225780e-04
2.392699999999997999e+03 1.567731262017574029e-04
2.393600000000001273e+03 1.522685326341831238e-04
2.394399999999998727e+03 1.406944148021447725e-04
2.395199999999997999e+03 1.356978454890339267e-04
2.396100000000001273e+03 1.257679124044512988e-04
2.396899999999998727e+03 1.237828536324317105e-04
2.397699999999997999e+03 1.153441229759503446e-04
2.398600000000001273e+03 1.157523560491753172e-04
2.399399999999998727e+03 1.085326485679152315e-04
2.400199999999997999e+03 1.087973614715907869e-04
2.401100000000001273e+03 1.017356180272526936e-04
2.401899999999998727e+03 1.003393920445779972e-04
2.402699999999997999e+03 9.236960603060335507e-05
2.403600000000001273e+03 9.019617606305844841e-05
2.404399999999998727e+03 8.196192311771323424e-05
2.405199999999997999e+03 8.070758579208457001e-05
2.406100000000001273e+03 7.377644741450189753e-05
2.406899999999998727e+03 7.421598139759751306e-05
2.407699999999997999e+03 6.859289555963764794e-05
2.408600000000001273e+03 6.967082403905025458e-05
2.409399999999998727e+03 6.447788476014455587e-05
2.410199999999997999e+03 6.484739432000175159e-05
2.411100000000001273e+03 5.894463470211747970e-05
2.411899999999998727e+03 5.886898763221063254e-05
2.412699999999997999e+03 5.274268931770446965e-05
2.413600000000001273e+03 5.255372965679145199e-05
2.414399999999998727e+03 4.716713856173874048e-05
2.415199999999997999e+03 4.770849558266422559e-05
2.416100000000001273e+03 4.292326006949191122e-05
2.416899999999998727e+03 4.387108165390586639e-05
2.417699999999997999e+03 3.937995117805800612e-05
2.418600000000001273e+03 4.055001963745704171e-05
2.419399999999998727e+03 3.604234985928471592e-05
2.420199999999997999e+03 3.682428024869716516e-05
2.421100000000001273e+03 3.244942928802434549e-05
2.421899999999998727e+03 3.357587346939849772e-05
2.422800000000002001e+03 3.002079153392290623e-05
2.423600000000001273e+03 3.210009537295860252e-05
2.424399999999998727e+03 2.955650814443337737e-05
2.425300000000002001e+03 3.190738728093330673e-05
2.426100000000001273e+03 2.915026970421889579e-05
2.426899999999998727e+03 3.099256334825784443e-05
2.427800000000002001e+03 2.727289667321287580e-05
2.428600000000001273e+03 2.830064182070810876e-05
2.429399999999998727e+03 2.460267145974213624e-05
2.430300000000002001e+03 2.565084622621759502e-05
2.431100000000001273e+03 2.227713315291858235e-05
2.431899999999998727e+03 2.381824834340180003e-05
2.432800000000002001e+03 2.052200773473361744e-05
2.433600000000001273e+03 2.177129951453835632e-05
2.434399999999998727e+03 1.859421738676326897e-05
2.435300000000002001e+03 2.024217516256171523e-05
2.436100000000001273e+03 1.722240808156610647e-05
2.436899999999998727e+03 1.917467917812909803e-05
2.437800000000002001e+03 1.665026759243297172e-05
2.438600000000001273e+03 1.850258289543123632e-05
2.439399999999998727e+03 1.592038089509203427e-05
2.440300000000002001e+03 1.766266873846260725e-05
2.441100000000001273e+03 1.487562557955498283e-05
2.441899999999998727e+03 1.646666919369475568e-05
2.442800000000002001e+03 1.363123708640190283e-05
2.443600000000001273e+03 1.520140914094172484e-05
2.444399999999998727e+03 1.223540705686659429e-05
2.445300000000002001e+03 1.376329058754008584e-05
2.446100000000001273e+03 1.097161894597611878e-05
2.446899999999998727e+03 1.263418227701796733e-05
2.447800000000002001e+03 1.016072475721837091e-05
2.448600000000001273e+03 1.196852321408230406e-05
2.449399999999998727e+03 9.396142047212952000e-06
2.450300000000002001e+03 1.097986116655599969e-05
2.451100000000001273e+03 8.397612182392983696e-06
2.451899999999998727e+03 1.008581378278574194e-05
2.452800000000002001e+03 7.768436821470934729e-06
2.453600000000001273e+03 9.687858973678417662e-06
2.454399999999998727e+03 7.538336891455184906e-06
2.455300000000002001e+03 9.450192157170542450e-06
2.456100000000001273e+03 7.283021095034649105e-06
2.456899999999998727e+03 9.084364771581965005e-06
2.457800000000002001e+03 6.848108402240609352e-06
2.458600000000001273e+03 8.561208362382545414e-06
2.459399999999998727e+03 6.254396020538305700e-06
2.460300000000002001e+03 7.919041553844741060e-06
2.461100000000001273e+03 5.690911362199677363e-06
2.461899999999998727e+03 7.448580974682161317e-06
2.462800000000002001e+03 5.387317522881266525e-06
2.463600000000001273e+03 7.215532459445346947e-06
2.464500000000000000e+03 5.234314000091454123e-06
2.465300000000002001e+03 7.021694812778764915e-06
2.466100000000001273e+03 4.993891235153709612e-06
2.467000000000000000e+03 6.706918244269016614e-06
2.467800000000002001e+03 4.639192632982356563e-06
2.468600000000001273e+03 6.360077024995449190e-06
2.469500000000000000e+03 4.325337856582731572e-06
2.470300000000002001e+03 6.071024601306756123e-06
2.471100000000001273e+03 4.131090787457859284e-06
2.472000000000000000e+03 5.908302152307081641e-06
2.472800000000002001e+03 4.025583302450743328e-06
2.473600000000001273e+03 5.799934881194545627e-06
2.474500000000000000e+03 3.868758584336427749e-06
2.475300000000002001e+03 5.520967571092666623e-06
2.476100000000001273e+03 3.482823663376234566e-06
2.477000000000000000e+03 5.055025129542296627e-06
2.477800000000002001e+03 3.055160661776064620e-06
2.478600000000001273e+03 4.722562981063636498e-06
2.479500000000000000e+03 2.906148752641592133e-06
2.480300000000002001e+03 4.661621913394222421e-06
2.481100000000001273e+03 2.861243070996817154e-06
2.482000000000000000e+03 4.563202696363918631e-06
2.482800000000002001e+03 2.718495254484772453e-06
2.483600000000001273e+03 4.364409218379639603e-06
2.484500000000000000e+03 2.532096507758856398e-06
2.485300000000002001e+03 4.166667785738432086e-06
2.486100000000001273e+03 2.322778777784175488e-06
2.487000000000000000e+03 3.933450078918725047e-06
2.487800000000002001e+03 2.105426440309247048e-06
2.488600000000001273e+03 3.740361757300076970e-06
2.489500000000000000e+03 1.965767568910734455e-06
2.490300000000002001e+03 3.598509890238273358e-06
2.491100000000001273e+03 1.848785974051750253e-06
2.492000000000000000e+03 3.433337694079019661e-06
2.492800000000002001e+03 1.674684410327075017e-06
2.493600000000001273e+03 3.224844189275902049e-06
2.494500000000000000e+03 1.469062710023012281e-06
2.495300000000002001e+03 3.032158203622310085e-06
2.496100000000001273e+03 1.292334037539056862e-06
2.497000000000000000e+03 2.879812329822888784e-06
2.497800000000002001e+03 1.182683195759488117e-06
2.498600000000001273e+03 2.785669979595850739e-06
2.499500000000000000e+03 1.122367673024316397e-06
2.500300000000002001e+03 2.722242035403109835e-06
2.501100000000001273e+03 1.056309070598528120e-06
2.502000000000000000e+03 2.577400063617887243e-06
2.502800000000002001e+03 8.953586185376536947e-07
2.503600000000001273e+03 2.407462963580283890e-06
2.504500000000000000e+03 7.610295933575257103e-07
2.505300000000002001e+03 2.327247440713793462e-06
2.506199999999997999e+03 7.186266768015444021e-07
2.507000000000000000e+03 2.253539442098671115e-06
2.507800000000002001e+03 6.018558397314053377e-07
2.508699999999997999e+03 2.098537876935426415e-06
2.509500000000000000e+03 4.457831741553891319e-07
2.510300000000002001e+03 1.962964885742930568e-06
2.511199999999997999e+03 3.976551743635030698e-07
2.512000000000000000e+03 1.960646363251228767e-06
2.512800000000002001e+03 4.379082307031814146e-07
2.513699999999997999e+03 2.012230149384032851e-06
2.514500000000000000e+03 4.877103055479288969e-07
2.515300000000002001e+03 2.005241540667160210e-06
2.516199999999997999e+03 4.415265455797427780e-07
2.517000000000000000e+03 1.907376047771645087e-06
2.517800000000002001e+03 3.171809758123144184e-07
2.518699999999997999e+03 1.763527022591279091e-06
2.519500000000000000e+03 2.041259084686531071e-07
2.520300000000002001e+03 1.675063325992415045e-06
2.521199999999997999e+03 1.687123105242972429e-07
2.522000000000000000e+03 1.651764306191860710e-06
2.522800000000002001e+03 1.334929684293435369e-07
2.523699999999997999e+03 1.583308065372249463e-06
2.524500000000000000e+03 4.451902563576384004e-08
2.525300000000002001e+03 1.473677928856322092e-06
2.526199999999997999e+03 -2.907828544215356974e-08
2.527000000000000000e+03 1.427876889340267789e-06
2.527800000000002001e+03 -4.857033583543468565e-08
2.528699999999997999e+03 1.409048300979067869e-06
2.529500000000000000e+03 -4.428236291556758937e-08
2.530300000000002001e+03 1.424974665228315841e-06
2.531199999999997999e+03 -1.722024084449613825e-08
2.532000000000000000e+03 1.447963641608902845e-06
2.532800000000002001e+03 -3.551653268359588474e-09
2.533699999999997999e+03 1.415385792982705979e-06
2.534500000000000000e+03 -6.089139371811987492e-08
2.535300000000002001e+03 1.325558762191407610e-06
2.536199999999997999e+03 -1.525087448281464192e-07
2.537000000000000000e+03 1.228125508020645300e-06
2.537800000000002001e+03 -2.276168551656467651e-07
2.538699999999997999e+03 1.160145189361709155e-06
2.539500000000000000e+03 -2.819911192582138467e-07
2.540300000000002001e+03 1.104661434495365256e-06
2.541199999999997999e+03 -3.239041150271553801e-07
2.542000000000000000e+03 1.079350239811356350e-06
2.542800000000002001e+03 -3.086513412645180613e-07
2.543699999999997999e+03 1.118977209455004307e-06
2.544500000000000000e+03 -2.498132091454918107e-07
2.545300000000002001e+03 1.166168085900952849e-06
2.546199999999997999e+03 -2.182071068023272932e-07
2.547000000000000000e+03 1.150342757111122899e-06
2.547899999999998727e+03 -2.541490158947284292e-07
2.548699999999997999e+03 1.084492764108477775e-06
2.549500000000000000e+03 -3.272286331101665513e-07
2.550399999999998727e+03 1.014335889454222932e-06
2.551199999999997999e+03 -3.780119817727942889e-07
2.552000000000000000e+03 9.723150083642076610e-07
2.552899999999998727e+03 -4.053330908859118418e-07
2.553699999999997999e+03 9.578735073074561283e-07
2.554500000000000000e+03 -3.993912095286116861e-07
2.555399999999998727e+03 9.721537875294258265e-07
2.556199999999997999e+03 -3.580314957670233340e-07
2.557000000000000000e+03 1.006106942038087444e-06
2.557899999999998727e+03 -3.322865398208286709e-07
2.558699999999997999e+03 1.011405331823605636e-06
2.559500000000000000e+03 -3.422915100262734811e-07
2.560399999999998727e+03 9.727351228338316747e-07
2.561199999999997999e+03 -3.866479137191896667e-07
2.562000000000000000e+03 9.280044364729137902e-07
2.562899999999998727e+03 -4.130152574361204053e-07
2.563699999999997999e+03 9.131740189528055322e-07
2.564500000000000000e+03 -4.087562532039088640e-07
2.565399999999998727e+03 9.046803274972595791e-07
2.566199999999997999e+03 -4.288910728199246060e-07
2.567000000000000000e+03 8.674657327907133569e-07
2.567899999999998727e+03 -4.586185383326077663e-07
2.568699999999997999e+03 8.461741676962185598e-07
2.569500000000000000e+03 -4.611585012837632339e-07
2.570399999999998727e+03 8.478272105602239713e-07
2.571199999999997999e+03 -4.608404155034977309e-07
2.572000000000000000e+03 8.275736952960130291e-07
2.572899999999998727e+03 -4.821103256944407905e-07
2.573699999999997999e+03 8.013943024421877727e-07
2.574500000000000000e+03 -4.974864281026111622e-07
2.575399999999998727e+03 7.873020197869259878e-07
2.576199999999997999e+03 -4.972060819464939000e-07
2.577000000000000000e+03 7.914694444823775085e-07
2.577899999999998727e+03 -4.839540593662141084e-07
2.578699999999997999e+03 8.087900669358609278e-07
2.579500000000000000e+03 -4.641851406783925806e-07
2.580399999999998727e+03 8.090602005709645321e-07
2.581199999999997999e+03 -4.769102843544275677e-07
2.582000000000000000e+03 7.737318522684844852e-07
2.582899999999998727e+03 -5.156895213467422446e-07
2.583699999999997999e+03 7.333350733769807964e-07
2.584500000000000000e+03 -5.407292933762268640e-07
2.585399999999998727e+03 7.179473884754655282e-07
2.586199999999997999e+03 -5.453852377506522668e-07
2.587000000000000000e+03 7.109807678145077895e-07
2.587899999999998727e+03 -5.492386274249352629e-07
2.588699999999997999e+03 6.986847056997176929e-07
2.589600000000001273e+03 -5.551966682285953246e-07
2.590399999999998727e+03 6.919117181734658276e-07
2.591199999999997999e+03 -5.497530520352608859e-07
2.592100000000001273e+03 7.023222935961188238e-07
2.592899999999998727e+03 -5.285408581559119605e-07
2.593699999999997999e+03 7.215610018560724717e-07
2.594600000000001273e+03 -5.114555035417057810e-07
2.595399999999998727e+03 7.251565565104965040e-07
2.596199999999997999e+03 -5.170798035176439582e-07
2.597100000000001273e+03 7.021879117647324822e-07
2.597899999999998727e+03 -5.401134908134003836e-07
2.598699999999997999e+03 6.744861091358186299e-07
2.599600000000001273e+03 -5.548286780925961806e-07
2.600399999999998727e+03 6.733541041122095670e-07
2.601199999999997999e+03 -5.360886055118524810e-07
2.602100000000001273e+03 7.009265408766127797e-07
2.602899999999998727e+03 -5.064405672586377180e-07
2.603699999999997999e+03 7.136396101146937051e-07
2.604600000000001273e+03 -5.135057636559649524e-07
2.605399999999998727e+03 6.824442441578318888e-07
2.606199999999997999e+03 -5.480177952635220629e-07
2.607100000000001273e+03 6.410412517248747158e-07
2.607899999999998727e+03 -5.740253873598813311e-07
2.608699999999997999e+03 6.253834020525208187e-07
2.609600000000001273e+03 -5.773422398249852910e-07
2.610399999999998727e+03 6.302998902557322143e-07
2.611199999999997999e+03 -5.622817292247231365e-07
2.612100000000001273e+03 6.451372821804352817e-07
2.612899999999998727e+03 -5.514282853374565839e-07
2.613699999999997999e+03 6.386977583738655613e-07
2.614600000000001273e+03 -5.667727102490440142e-07
2.615399999999998727e+03 6.055528750862555018e-07
2.616199999999997999e+03 -5.973732560147596158e-07
2.617100000000001273e+03 5.762121932390953354e-07
2.617899999999998727e+03 -6.108844244293330312e-07
2.618699999999997999e+03 5.721392094544318289e-07
2.619600000000001273e+03 -6.050063327200565918e-07
2.620399999999998727e+03 5.807630295999909672e-07
2.621199999999997999e+03 -5.959236229061864609e-07
2.622100000000001728e+03 5.817159698992056100e-07
2.622899999999998272e+03 -5.909123077090754135e-07
2.623699999999997999e+03 5.839605045443077372e-07
2.624600000000001728e+03 -5.825381027493885484e-07
2.625399999999998272e+03 5.886787920005181856e-07
2.626199999999997999e+03 -5.780733068780325160e-07
2.627100000000001728e+03 5.805034509789834334e-07
2.627899999999998272e+03 -5.905234286086008660e-07
2.628699999999997999e+03 5.685107131925918323e-07
2.629600000000001728e+03 -5.911558576538091814e-07
2.630399999999998272e+03 5.743315139044109766e-07
2.631199999999997999e+03 -5.730857669280130016e-07
2.632100000000001728e+03 5.921808149076106137e-07
2.632899999999998272e+03 -5.572355295503449003e-07
2.633800000000002001e+03 5.973027366890164697e-07
2.634600000000001728e+03 -5.574882542620513644e-07
2.635399999999998272e+03 5.832383205163983684e-07
2.636300000000002001e+03 -5.782654766332033474e-07
2.637100000000001728e+03 5.547406853924847331e-07
2.637899999999998272e+03 -5.988952361167080900e-07
2.638800000000002001e+03 5.411870073591921427e-07
2.639600000000001728e+03 -5.988023270840723205e-07
2.640399999999998272e+03 5.475522319618143779e-07
2.641300000000002001e+03 -5.884203654016984118e-07
2.642100000000001728e+03 5.530238298400114456e-07
2.642899999999998272e+03 -5.814698419156305826e-07
2.643800000000002001e+03 5.558811562223850955e-07
2.644600000000001728e+03 -5.738538388018671050e-07
2.645399999999998272e+03 5.573888201134739844e-07
2.646300000000002001e+03 -5.722820290699483396e-07
2.647100000000001728e+03 5.545006133093280107e-07
2.647899999999998272e+03 -5.721834358975677258e-07
2.648800000000002001e+03 5.563279228809956187e-07
2.649600000000001728e+03 -5.647365639633686207e-07
2.650399999999998272e+03 5.610012721311729674e-07
2.651300000000002001e+03 -5.601587391475504788e-07
2.652100000000001728e+03 5.588837930790591242e-07
2.652899999999998272e+03 -5.605807217612619965e-07
2.653800000000002001e+03 5.519404308119950878e-07
2.654600000000001728e+03 -5.655062081918298760e-07
2.655399999999998272e+03 5.438264022794237197e-07
2.656300000000002001e+03 -5.719381348791090582e-07
2.657100000000001728e+03 5.378314594028814186e-07
2.657899999999998272e+03 -5.723148679294393472e-07
2.658800000000002001e+03 5.400286770718119470e-07
2.659600000000001728e+03 -5.653019328629699053e-07
2.660399999999998272e+03 5.443737871786059195e-07
2.661300000000002001e+03 -5.565976128318785891e-07
2.662100000000001728e+03 5.487263823160455906e-07
2.662899999999998272e+03 -5.518630304888616768e-07
2.663800000000002001e+03 5.473608312592933512e-07
2.664600000000001728e+03 -5.522276081483268718e-07
2.665399999999998272e+03 5.430363579175229142e-07
2.666300000000002001e+03 -5.545276079913975681e-07
2.667100000000001728e+03 5.441067702305554886e-07
2.667899999999998272e+03 -5.490835403299086069e-07
2.668800000000002001e+03 5.408028671175534519e-07
2.669600000000001728e+03 -5.594713430761302833e-07
2.670399999999998272e+03 5.174078393446788506e-07
2.671300000000002001e+03 -5.880567311549973809e-07
2.672100000000001728e+03 4.884454389279402949e-07
2.672899999999998272e+03 -6.035781751732030502e-07
2.673800000000002001e+03 4.827467089779684395e-07
2.674600000000001728e+03 -5.962382370520220186e-07
2.675500000000000000e+03 4.949492050961180130e-07
2.676300000000002001e+03 -5.808551913749917563e-07
2.677100000000001728e+03 5.041269019415646133e-07
2.678000000000000000e+03 -5.738800395226991979e-07
2.678800000000002001e+03 5.041356199473078869e-07
2.679600000000001728e+03 -5.744705318467088535e-07
2.680500000000000000e+03 5.041268272158011047e-07
2.681300000000002001e+03 -5.678667950612430591e-07
2.682100000000001728e+03 5.100027942225346777e-07
2.683000000000000000e+03 -5.591158788462402000e-07
2.683800000000002001e+03 5.149084285085957566e-07
2.684600000000001728e+03 -5.567669367416414333e-07
2.685500000000000000e+03 5.120055816819480798e-07
2.686300000000002001e+03 -5.562204734602092086e-07
2.687100000000001728e+03 5.118748427315329427e-07
2.688000000000000000e+03 -5.516980079808611025e-07
2.688800000000002001e+03 5.171873410525599068e-07
2.689600000000001728e+03 -5.439662733408548985e-07
2.690500000000000000e+03 5.174715844686019888e-07
2.691300000000002001e+03 -5.458977008096855235e-07
2.692100000000001728e+03 5.116277806759142692e-07
2.693000000000000000e+03 -5.508789202055412996e-07
2.693800000000002001e+03 5.067760548010816433e-07
2.694600000000001728e+03 -5.470928148541557542e-07
2.695500000000000000e+03 5.122947703867478672e-07
2.696300000000002001e+03 -5.391710121210776902e-07
2.697100000000001728e+03 5.175011945523943483e-07
2.698000000000000000e+03 -5.349380467038775006e-07
2.698800000000002001e+03 5.152899658028053164e-07
2.699600000000001728e+03 -5.355358683798583668e-07
2.700500000000000000e+03 5.136188268497354513e-07
2.701300000000002001e+03 -5.371262038739816017e-07
2.702100000000001728e+03 5.055786834158385884e-07
2.703000000000000000e+03 -5.495045639629880776e-07
2.703800000000002001e+03 4.857549814026409578e-07
2.704600000000001728e+03 -5.677366165540543426e-07
2.705500000000000000e+03 4.708275137971685604e-07
2.706300000000002001e+03 -5.742473166503714333e-07
2.707100000000001728e+03 4.685043209452473112e-07
2.708000000000000000e+03 -5.710106013394891497e-07
2.708800000000002001e+03 4.702062095500033600e-07
2.709600000000001728e+03 -5.661599340796399510e-07
2.710500000000000000e+03 4.743356081725465412e-07
2.711300000000002001e+03 -5.586245507239875910e-07
2.712100000000001728e+03 4.805180846933479797e-07
2.713000000000000000e+03 -5.506296288313109323e-07
2.713800000000002001e+03 4.856025003686166917e-07
2.714600000000001728e+03 -5.459382893535676632e-07
2.715500000000000000e+03 4.860850295322154712e-07
2.716300000000002001e+03 -5.453490580268172422e-07
2.717199999999997999e+03 4.841347400352444820e-07
2.718000000000000000e+03 -5.454012726540729741e-07
2.718800000000002001e+03 4.825987519662104457e-07
2.719699999999997999e+03 -5.424354382359298046e-07
2.720500000000000000e+03 4.860488217862194221e-07
2.721300000000002001e+03 -5.394802833748219573e-07
2.722199999999997999e+03 4.840896243555227053e-07
2.723000000000000000e+03 -5.405026252269005875e-07
2.723800000000002001e+03 4.795343729474328053e-07
2.724699999999997999e+03 -5.427763745319631302e-07
2.725500000000000000e+03 4.766307788631498834e-07
2.726300000000002001e+03 -5.439635178283251737e-07
2.727199999999997999e+03 4.725724444417089155e-07
2.728000000000000000e+03 -5.476125948108665506e-07
2.728800000000002001e+03 4.706284630446076230e-07
2.729699999999997999e+03 -5.465146242589647393e-07
2.730500000000000000e+03 4.707383659612962527e-07
2.731300000000002001e+03 -5.431418146512822510e-07
2.732199999999997999e+03 4.702713143714649659e-07
2.733000000000000000e+03 -5.424085369610645801e-07
2.733800000000002001e+03 4.687731749016509626e-07
2.734699999999997999e+03 -5.432561139337243248e-07
2.735500000000000000e+03 4.652681972133263670e-07
2.736300000000002001e+03 -5.461980983790124525e-07
2.737199999999997999e+03 4.620819529285509276e-07
2.738000000000000000e+03 -5.462591866906854166e-07
2.738800000000002001e+03 4.622100764772430509e-07
2.739699999999997999e+03 -5.420675383935615228e-07
2.740500000000000000e+03 4.635463599432855552e-07
2.741300000000002001e+03 -5.389862838065236501e-07
2.742199999999997999e+03 4.668309931500211362e-07
2.743000000000000000e+03 -5.331989602367587015e-07
2.743800000000002001e+03 4.732564124687275438e-07
2.744699999999997999e+03 -5.252328824887983858e-07
2.745500000000000000e+03 4.762940770270489430e-07
2.746300000000002001e+03 -5.246871353292665404e-07
2.747199999999997999e+03 4.722680054540049438e-07
2.748000000000000000e+03 -5.277159884746401214e-07
2.748800000000002001e+03 4.673187344356252250e-07
