1.998399999999999636e+03 3.999655377911591497e-06
2.000100000000000364e+03 3.388022619496079666e-06
2.001800000000001546e+03 4.202205438764795162e-06
2.003500000000000000e+03 3.625117839923666395e-06
2.005100000000000364e+03 4.464616265189994171e-06
2.006800000000001546e+03 3.953174811185035098e-06
2.008500000000000000e+03 4.796507223052236726e-06
2.010100000000000364e+03 4.304551708715426887e-06
2.011800000000001546e+03 5.093568864457436283e-06
2.013500000000000000e+03 4.473457378147314066e-06
2.015100000000000364e+03 5.101012782014713751e-06
2.016800000000001546e+03 4.392550630277470144e-06
2.018500000000000000e+03 5.061125858097776521e-06
2.020100000000000364e+03 4.466778642662526702e-06
2.021800000000001546e+03 5.213603496234095682e-06
2.023500000000000000e+03 4.732546336371891039e-06
2.025100000000000364e+03 5.490341603163873782e-06
2.026800000000001546e+03 4.984495850613050544e-06
2.028500000000000000e+03 5.690150755999305272e-06
2.030100000000000364e+03 5.153443768059928453e-06
2.031800000000001546e+03 5.712759241319369137e-06
2.033500000000000000e+03 4.999073522496046642e-06
2.035100000000000364e+03 5.436295701584868115e-06
2.036800000000001546e+03 4.622721211290255093e-06
2.038500000000000000e+03 4.958535458775231365e-06
2.040199999999998454e+03 4.139252451878644119e-06
2.041800000000001546e+03 4.456487620395505101e-06
2.043500000000000000e+03 3.658557080741506361e-06
2.045199999999998454e+03 4.008359856046023206e-06
2.046800000000001546e+03 3.323588937638869763e-06
2.048500000000000000e+03 3.750768560274394662e-06
2.050199999999998454e+03 3.175967939333793680e-06
2.051800000000001546e+03 3.594392301333355504e-06
2.053500000000000000e+03 2.963590815505808393e-06
2.055199999999998454e+03 3.294165669429843415e-06
2.056800000000001546e+03 2.605253446019109664e-06
2.058500000000000000e+03 2.915592749411645244e-06
2.060199999999998454e+03 2.313386339068301612e-06
2.061800000000001546e+03 2.713885619034436549e-06
2.063500000000000000e+03 2.194265451247290035e-06
2.065199999999998454e+03 2.587814891228277858e-06
2.066800000000001546e+03 2.089465524105131980e-06
2.068500000000000000e+03 2.442409507138800301e-06
2.070199999999998454e+03 1.942144878216451182e-06
2.071800000000001546e+03 2.279618866511370086e-06
2.073500000000000000e+03 1.803514154164979428e-06
2.075199999999998454e+03 2.147866907856238216e-06
2.076899999999999636e+03 1.724335955057279371e-06
2.078500000000000000e+03 2.109605313084417627e-06
2.080199999999998454e+03 1.780831703294901802e-06
2.081899999999999636e+03 2.184295817752675976e-06
2.083500000000000000e+03 1.874464019524422488e-06
2.085199999999998454e+03 2.241422718180473368e-06
2.086899999999999636e+03 1.890683400615708976e-06
2.088500000000000000e+03 2.205938691274914901e-06
2.090199999999998454e+03 1.860079131697021707e-06
2.091899999999999636e+03 2.181236504188421460e-06
2.093500000000000000e+03 1.940405534482143907e-06
2.095199999999998454e+03 2.323215391885529407e-06
2.096899999999999636e+03 2.164708417648148064e-06
2.098500000000000000e+03 2.535842605386299753e-06
2.100199999999998454e+03 2.362567125071395678e-06
2.101899999999999636e+03 2.661869415186046546e-06
2.103500000000000000e+03 2.482140786625170305e-06
2.105199999999998454e+03 2.814879626503347142e-06
2.106899999999999636e+03 2.722931959482501099e-06
2.108500000000000000e+03 3.100436318729019895e-06
2.110199999999998454e+03 3.082591030300380542e-06
2.111899999999999636e+03 3.462266562922678404e-06
2.113600000000000364e+03 3.451714185460639833e-06
2.115199999999998454e+03 3.739847708278173685e-06
2.116899999999999181e+03 3.698364537055664072e-06
2.118600000000000819e+03 3.961536485905699505e-06
2.120199999999998454e+03 4.021046922338317535e-06
2.121899999999999181e+03 4.410265583410712012e-06
2.123600000000000819e+03 4.573287835240482745e-06
2.125199999999998454e+03 4.935464933269088992e-06
2.126899999999999181e+03 5.014647069004814307e-06
2.128600000000000819e+03 5.174959171721400831e-06
2.130199999999998454e+03 5.205244850564168418e-06
2.131899999999999181e+03 5.433476826803751417e-06
2.133600000000000819e+03 5.703543893433889647e-06
2.135199999999998454e+03 6.137042957359593161e-06
2.136899999999999181e+03 6.615825708543989881e-06
2.138600000000000819e+03 7.060582529088624469e-06
2.140199999999998454e+03 7.345712127928419556e-06
2.141899999999999181e+03 7.583827777699092281e-06
2.143600000000000819e+03 7.808916171930747120e-06
2.145199999999998454e+03 8.065350889463928353e-06
2.146899999999999181e+03 8.527117971972166956e-06
2.148600000000000819e+03 8.967391680558420232e-06
2.150300000000001546e+03 9.641701923408099454e-06
2.151899999999999181e+03 1.010921094695064310e-05
2.153600000000000819e+03 1.077136931116361295e-05
2.155300000000001546e+03 1.101102036888391561e-05
2.156899999999999181e+03 1.154777231127005087e-05
2.158600000000000819e+03 1.177061187598713939e-05
2.160300000000001546e+03 1.236550436976277656e-05
2.161899999999999181e+03 1.287910454140640167e-05
2.163600000000000819e+03 1.405195889144686954e-05
2.165300000000001546e+03 1.485486496294191887e-05
2.166899999999999181e+03 1.626271167898338192e-05
2.168600000000000819e+03 1.710791832560457952e-05
2.170300000000001546e+03 1.844638999972434779e-05
2.171899999999999181e+03 1.906465004066615394e-05
2.173600000000000819e+03 2.068982879428736836e-05
2.175300000000001546e+03 2.169668353676136883e-05
2.176899999999999181e+03 2.383066039093302633e-05
2.178600000000000819e+03 2.533569510250544549e-05
2.180300000000001546e+03 2.764239166507754457e-05
2.181899999999999181e+03 2.899362800934503968e-05
2.183600000000000819e+03 3.105784104882257065e-05
2.185300000000001546e+03 3.200298976209243752e-05
2.187000000000000000e+03 3.341097705881128599e-05
2.188600000000000819e+03 3.406152483074107292e-05
2.190300000000001546e+03 3.602026945442982862e-05
2.192000000000000000e+03 3.759721252032317048e-05
2.193600000000000819e+03 4.150589694553297301e-05
2.195300000000001546e+03 4.461780632060352369e-05
2.197000000000000000e+03 4.922904967778683988e-05
2.198600000000000819e+03 5.249010973869950555e-05
2.200300000000001546e+03 5.671068197684162092e-05
2.202000000000000000e+03 5.960365762955940200e-05
2.203600000000000819e+03 6.361315940605545582e-05
2.205300000000001546e+03 6.638484693420446982e-05
2.207000000000000000e+03 7.097142147337477799e-05
2.208600000000000819e+03 7.476276332096435219e-05
2.210300000000001546e+03 8.079636851059239261e-05
2.212000000000000000e+03 8.608644615736427000e-05
2.213600000000000819e+03 9.448832984272100130e-05
2.215300000000001546e+03 1.012181867481076655e-04
2.217000000000000000e+03 1.101233554094845600e-04
2.218600000000000819e+03 1.166800246705691909e-04
2.220300000000001546e+03 1.248501270789525032e-04
2.222000000000000000e+03 1.309968549654867036e-04
2.223600000000000819e+03 1.407056038151531800e-04
2.225300000000001546e+03 1.498497756206361529e-04
2.227000000000000000e+03 1.636053996091171891e-04
2.228699999999998454e+03 1.761338720753176422e-04
2.230300000000001546e+03 1.920441232999065462e-04
2.232000000000000000e+03 2.053067153830800203e-04
2.233699999999998454e+03 2.238957189595058319e-04
2.235300000000001546e+03 2.397014342570695543e-04
2.237000000000000000e+03 2.601165104039928483e-04
2.238699999999998454e+03 2.792672831016431833e-04
2.240300000000001546e+03 3.043146325032314585e-04
2.242000000000000000e+03 3.291633052091497754e-04
2.243699999999998454e+03 3.613394573965209586e-04
2.245300000000001546e+03 3.959607476663312415e-04
2.247000000000000000e+03 4.315027783254560094e-04
2.248699999999998454e+03 4.614386201073483870e-04
2.250300000000001546e+03 4.960846988317576959e-04
2.252000000000000000e+03 5.251419652010792371e-04
2.253699999999998454e+03 5.706849070946781385e-04
2.255300000000001546e+03 6.243610147540133671e-04
2.257000000000000000e+03 6.950246872559914064e-04
2.258699999999998454e+03 7.699041808243884148e-04
2.260300000000001546e+03 8.497842068972887106e-04
2.262000000000000000e+03 9.325284374079222333e-04
2.263699999999998454e+03 1.027172356322376577e-03
2.265399999999998727e+03 1.137777149037437095e-03
2.267000000000000000e+03 1.290636722822943163e-03
2.268699999999998454e+03 1.462393033778818918e-03
2.270399999999998727e+03 1.689830795314226173e-03
2.272000000000000000e+03 1.951308394858091442e-03
2.273699999999998454e+03 2.294280960612572230e-03
2.275399999999998727e+03 2.713793877148494831e-03
2.277000000000000000e+03 3.234991433332581184e-03
2.278699999999998454e+03 3.919662696616363524e-03
2.280399999999998727e+03 4.790539848553649997e-03
2.282000000000000000e+03 5.966285774898592333e-03
2.283699999999998454e+03 7.474294178375698143e-03
2.285399999999998727e+03 9.415002587176568224e-03
2.287000000000000000e+03 1.189839977324005406e-02
2.288699999999998454e+03 1.494268649020355846e-02
2.290399999999998727e+03 1.872617968566695629e-02
2.292000000000000000e+03 2.301437627343598524e-02
2.293699999999998454e+03 2.759904093291572907e-02
2.295399999999998727e+03 3.174419952627421937e-02
2.297000000000000000e+03 3.453857802440238323e-02
2.298699999999998454e+03 3.550705925499999388e-02
2.300399999999998727e+03 3.428527446389493388e-02
2.302100000000001273e+03 3.134598807304402046e-02
2.303699999999998454e+03 2.739166059872012032e-02
2.305399999999998727e+03 2.320020356919108920e-02
2.307100000000001273e+03 1.929462262159120992e-02
2.308699999999998454e+03 1.582794494394614698e-02
2.310399999999998727e+03 1.298965766587862475e-02
2.312100000000001273e+03 1.070369467726465205e-02
2.313699999999998454e+03 8.899052125581998970e-03
2.315399999999998727e+03 7.650883007782141934e-03
2.317100000000001273e+03 6.733334977757183919e-03
2.318699999999998454e+03 6.084720766795946242e-03
2.320399999999998727e+03 5.532330661842588780e-03
2.322100000000001273e+03 5.055613926857834006e-03
2.323699999999998454e+03 4.549463516203710103e-03
2.325399999999998727e+03 4.082550522748177105e-03
2.327100000000001273e+03 3.611467471527023305e-03
2.328699999999998454e+03 3.186727451090774852e-03
2.330399999999998727e+03 2.777774539233689600e-03
2.332100000000001273e+03 2.405000469128692944e-03
2.333699999999998454e+03 2.067507197507429794e-03
2.335399999999998727e+03 1.792280309485812673e-03
2.337100000000001273e+03 1.561552388058332118e-03
2.338800000000001546e+03 1.374858419039458150e-03
2.340399999999998727e+03 1.212619213884683685e-03
2.342100000000001273e+03 1.081367114724092601e-03
2.343800000000002001e+03 9.583770136323588621e-04
2.345399999999998727e+03 8.618659643472957729e-04
2.347100000000001273e+03 7.773782381899844562e-04
2.348800000000002001e+03 7.059078952467170119e-04
2.350399999999998727e+03 6.409790593956533975e-04
2.352100000000001273e+03 5.852480934167359535e-04
2.353800000000002001e+03 5.317031861883184671e-04
2.355399999999998727e+03 4.839601305519715987e-04
2.357100000000001273e+03 4.432128319761027683e-04
2.358800000000002001e+03 4.083021380365934217e-04
2.360399999999998727e+03 3.778439549235460470e-04
2.362100000000001273e+03 3.545733779774149462e-04
2.363800000000002001e+03 3.339376353767094957e-04
2.365399999999998727e+03 3.151849234332478739e-04
2.367100000000001273e+03 2.964056084957063697e-04
2.368800000000002001e+03 2.769997853588621398e-04
2.370399999999998727e+03 2.561055785243468246e-04
2.372100000000001273e+03 2.357929469708101660e-04
2.373800000000002001e+03 2.166042534735063325e-04
2.375500000000000000e+03 2.012763771574637502e-04
2.377100000000001273e+03 1.870509719729515803e-04
2.378800000000002001e+03 1.743123512309749758e-04
2.380500000000000000e+03 1.637539765621794997e-04
2.382100000000001273e+03 1.524761216118814488e-04
2.383800000000002001e+03 1.432200665322223051e-04
2.385500000000000000e+03 1.341115980976376231e-04
2.387100000000001273e+03 1.270882231311669722e-04
2.388800000000002001e+03 1.203582192173274117e-04
2.390500000000000000e+03 1.148762186523420167e-04
2.392100000000001273e+03 1.089463036298117331e-04
2.393800000000002001e+03 1.037734821393730060e-04
2.395500000000000000e+03 9.755216437822442836e-05
2.397100000000001273e+03 9.224079203422624765e-05
2.398800000000002001e+03 8.561481659145546267e-05
2.400500000000000000e+03 8.027494060015901030e-05
2.402100000000001273e+03 7.305189555453984367e-05
2.403800000000002001e+03 6.765331767330138527e-05
2.405500000000000000e+03 6.169568325358729165e-05
2.407100000000001273e+03 5.845967044981147641e-05
2.408800000000002001e+03 5.427596365670795645e-05
2.410500000000000000e+03 5.294697341269779536e-05
2.412199999999997999e+03 4.949691168836076616e-05
2.413800000000002001e+03 4.847873145158637165e-05
2.415500000000000000e+03 4.518280809004504941e-05
2.417199999999997999e+03 4.418723486235520649e-05
2.418800000000002001e+03 4.057875461489171570e-05
2.420500000000000000e+03 3.897588977609657784e-05
2.422199999999997999e+03 3.475832859707050112e-05
2.423800000000002001e+03 3.324566297810959694e-05
2.425500000000000000e+03 2.946855696161781679e-05
2.427199999999997999e+03 2.902576473374233868e-05
2.428800000000002001e+03 2.591394208750798437e-05
2.430500000000000000e+03 2.618117454514685226e-05
2.432199999999997999e+03 2.317688181608062490e-05
2.433800000000002001e+03 2.372714614190012729e-05
2.435500000000000000e+03 2.072696472872818902e-05
2.437199999999997999e+03 2.133282838952700662e-05
2.438800000000002001e+03 1.814484829109650358e-05
2.440500000000000000e+03 1.868593781322369288e-05
2.442199999999997999e+03 1.553623677835187423e-05
2.443800000000002001e+03 1.634040103306981935e-05
2.445500000000000000e+03 1.328498965134505042e-05
2.447199999999997999e+03 1.446719841373149365e-05
2.448899999999998727e+03 1.130660402174982614e-05
2.450500000000000000e+03 1.277995564379508247e-05
2.452199999999997999e+03 9.608780180023653299e-06
2.453899999999998727e+03 1.144205724113155301e-05
2.455500000000000000e+03 8.301967176035322788e-06
2.457199999999997999e+03 1.033045713071944157e-05
2.458899999999998727e+03 7.195115715443887071e-06
2.460500000000000000e+03 9.521877117288250552e-06
2.462199999999997999e+03 6.395035958341822651e-06
2.463899999999998727e+03 8.973122457561684642e-06
2.465500000000000000e+03 5.650636483132848695e-06
2.467199999999997999e+03 8.274096987545176117e-06
2.468899999999998727e+03 4.598405890172000913e-06
2.470500000000000000e+03 7.304307812286049440e-06
2.472199999999997999e+03 3.474271463861466237e-06
2.473899999999998727e+03 6.456073621918959418e-06
2.475500000000000000e+03 2.601085175113554164e-06
2.477199999999997999e+03 5.958450962480332470e-06
2.478899999999998727e+03 2.027542888094884422e-06
2.480500000000000000e+03 5.618119320542753552e-06
2.482199999999997999e+03 1.505274753617257276e-06
2.483899999999998727e+03 5.277027140523564008e-06
2.485500000000000000e+03 9.376413606425579569e-07
2.487199999999997999e+03 4.905920570691405661e-06
2.488899999999998727e+03 3.247647384886018360e-07
2.490600000000001273e+03 4.571230945559330032e-06
2.492199999999997999e+03 -1.973150836968289391e-07
2.493899999999998727e+03 4.371030069018184816e-06
2.495600000000001273e+03 -5.917441447572070364e-07
2.497199999999997999e+03 4.253779928344782082e-06
2.498899999999998727e+03 -9.476751673249718840e-07
2.500600000000001273e+03 4.209491811238285761e-06
2.502199999999997999e+03 -1.270848585444012477e-06
2.503899999999998727e+03 4.198479912417008392e-06
2.505600000000001273e+03 -1.614557700453075430e-06
2.507199999999997999e+03 4.181957331004990989e-06
2.508899999999998727e+03 -1.942270542764207625e-06
2.510600000000001273e+03 4.265422195106117985e-06
2.512199999999997999e+03 -2.154254763435815581e-06
2.513899999999998727e+03 4.451498867020171967e-06
2.515600000000001273e+03 -2.375513095392661312e-06
2.517199999999997999e+03 4.614959226490468470e-06
2.518899999999998727e+03 -2.684269449901172223e-06
2.520600000000001273e+03 4.715837241829701500e-06
2.522199999999997999e+03 -3.052017039587094035e-06
2.523899999999998727e+03 4.848402775402620633e-06
2.525600000000001273e+03 -3.421329414309291477e-06
2.527300000000002001e+03 5.035960489818176942e-06
2.528899999999998727e+03 -3.785140120703826182e-06
2.530600000000001273e+03 5.261894219559510857e-06
2.532300000000002001e+03 -4.184785275408019363e-06
2.533899999999998727e+03 5.516574615718943537e-06
2.535600000000001273e+03 -4.618747339072881486e-06
2.537300000000002001e+03 5.820314685059865541e-06
2.538899999999998727e+03 -5.076889771326491282e-06
2.540600000000001273e+03 6.204662010991617355e-06
2.542300000000002001e+03 -5.544081016722648439e-06
2.543899999999998727e+03 6.690632900402812727e-06
2.545600000000001273e+03 -6.041223272220554249e-06
2.547300000000002001e+03 7.274878903627179434e-06
2.548899999999998727e+03 -6.606144033238471232e-06
2.550600000000001273e+03 7.934839368450660819e-06
2.552300000000002001e+03 -7.294120618583201886e-06
2.553899999999998727e+03 8.696862173928424777e-06
2.555600000000001273e+03 -8.098667176163914009e-06
2.557300000000002001e+03 9.631838443548591534e-06
2.558899999999998727e+03 -9.023068302617640813e-06
2.560600000000001273e+03 1.081715660078895663e-05
2.562300000000002001e+03 -1.015411341791741352e-05
2.564000000000000000e+03 1.230110710171480187e-05
2.565600000000001273e+03 -1.155365695507028409e-05
2.567300000000002001e+03 1.424169046106604609e-05
2.569000000000000000e+03 -1.321200825833806099e-05
2.570600000000001273e+03 1.721723633303375814e-05
2.572300000000002001e+03 -1.495925603435772874e-05
2.574000000000000000e+03 2.230208433621810106e-05
2.575600000000001273e+03 -1.658848948409046147e-05
2.577300000000002001e+03 3.137200549370488048e-05
2.579000000000000000e+03 -1.841790492838953644e-05
2.580600000000001273e+03 4.938418296180620775e-05
2.582300000000002001e+03 -2.037102666328685207e-05
2.584000000000000000e+03 9.935760963296545148e-05
2.585600000000001273e+03 -2.550939746092187061e-05
2.587300000000002001e+03 7.940577311347126995e-04
2.589000000000000000e+03 2.017845712316514682e-03
2.590600000000001273e+03 4.509960376613391005e-03
2.592300000000002001e+03 8.553314693737622265e-03
2.594000000000000000e+03 1.233303395463049117e-02
2.595600000000001273e+03 1.458287161502959568e-02
2.597300000000002001e+03 1.437883464671422910e-02
2.599000000000000000e+03 1.180568141901846592e-02
2.600699999999997999e+03 7.910486095777848753e-03
2.602300000000002001e+03 4.009470098942413512e-03
2.604000000000000000e+03 1.899884961076628341e-03
2.605699999999997999e+03 6.478845200507930575e-04
2.607300000000002001e+03 3.760435288695378355e-05
2.609000000000000000e+03 1.354345911348899575e-04
2.610699999999997999e+03 6.441948600749099217e-06
2.612300000000002001e+03 7.130571285168548596e-05
2.614000000000000000e+03 -4.266098049552822540e-06
2.615699999999997999e+03 4.726957985340399172e-05
2.617300000000002001e+03 -7.230264144810259432e-06
2.619000000000000000e+03 3.503606016467345619e-05
2.620699999999997999e+03 -8.260001644860043521e-06
2.622300000000002001e+03 2.795059965345305760e-05
2.624000000000000000e+03 -8.666183170587062303e-06
2.625699999999997999e+03 2.294854816412032143e-05
2.627300000000002001e+03 -9.019843620536500362e-06
2.629000000000000000e+03 1.906091762521931694e-05
2.630699999999997999e+03 -9.398976820523355729e-06
2.632300000000002001e+03 1.618147148641780250e-05
2.634000000000000000e+03 -9.343195416497855540e-06
2.635699999999997999e+03 1.440746131363834211e-05
2.637399999999998272e+03 -8.761472050644691952e-06
2.639000000000000000e+03 1.333202282223070339e-05
2.640699999999997999e+03 -8.143450821551474617e-06
2.642399999999998272e+03 1.226647633893380780e-05
2.644000000000000000e+03 -7.845502731477649875e-06
2.645699999999997999e+03 1.114448845131898362e-05
2.647399999999998272e+03 -7.800638181310536487e-06
2.649000000000000000e+03 1.009582087578023465e-05
2.650699999999997999e+03 -7.731250191573214557e-06
2.652399999999998272e+03 9.260882738834534539e-06
2.654000000000000000e+03 -7.524818646241617442e-06
2.655699999999997999e+03 8.689516610561979563e-06
2.657399999999998272e+03 -7.219075817392637776e-06
2.659000000000000000e+03 8.278387050955770426e-06
2.660699999999997999e+03 -6.886745501087824877e-06
2.662399999999998272e+03 7.889209851495408444e-06
2.664000000000000000e+03 -6.677576885950776834e-06
2.665699999999997999e+03 7.449217027469760884e-06
2.667399999999998272e+03 -6.551829976554633783e-06
2.669000000000000000e+03 7.038554850176876735e-06
2.670699999999997999e+03 -6.405282755053368708e-06
2.672399999999998272e+03 6.692523862750428241e-06
2.674100000000001728e+03 -6.256053674954716669e-06
2.675699999999997999e+03 6.402918071806206112e-06
2.677399999999998272e+03 -6.082083902626694284e-06
2.679100000000001728e+03 6.185875099592182674e-06
2.680699999999997999e+03 -5.885022393133550630e-06
2.682399999999998272e+03 5.988777822142835553e-06
2.684100000000001728e+03 -5.728991988492999290e-06
2.685699999999997999e+03 5.774578387069412870e-06
2.687399999999998272e+03 -5.600838138608229669e-06
2.689100000000001728e+03 5.586090115298404210e-06
2.690699999999997999e+03 -5.451272230774130587e-06
2.692399999999998272e+03 5.442855873829799565e-06
2.694100000000001728e+03 -5.291025420723939711e-06
2.695699999999997999e+03 5.316698478697262322e-06
2.697399999999998272e+03 -5.151198376943903818e-06
2.699100000000001728e+03 5.178211287794193974e-06
2.700699999999997999e+03 -5.047426324907679170e-06
2.702399999999998272e+03 5.018723570345013106e-06
2.704100000000001728e+03 -4.977266602302801098e-06
2.705699999999997999e+03 4.855711186842075762e-06
2.707399999999998272e+03 -4.901247055107191055e-06
2.709100000000001728e+03 4.732809567616199003e-06
2.710800000000002001e+03 -4.784299708789752641e-06
2.712399999999998272e+03 4.664714575655872465e-06
2.714100000000001728e+03 -4.648636187357718881e-06
2.715800000000002001e+03 4.592147303615215918e-06
2.717399999999998272e+03 -4.550819746068363991e-06
2.719100000000001728e+03 4.486358569324786204e-06
2.720800000000002001e+03 -4.495772541622599321e-06
2.722399999999998272e+03 4.360891037498841874e-06
2.724100000000001728e+03 -4.451940805799395174e-06
2.725800000000002001e+03 4.238984800820235696e-06
2.727399999999998272e+03 -4.405380839130856265e-06
2.729100000000001728e+03 4.143956322555524232e-06
2.730800000000002001e+03 -4.340428863042140069e-06
2.732399999999998272e+03 4.068419442861748337e-06
2.734100000000001728e+03 -4.262346627573806047e-06
2.735800000000002001e+03 4.007637291047403595e-06
2.737399999999998272e+03 -4.186601629428079176e-06
2.739100000000001728e+03 3.942106366392757670e-06
2.740800000000002001e+03 -4.129754137325381576e-06
2.742399999999998272e+03 3.858384283631533402e-06
2.744100000000001728e+03 -4.088769656910968444e-06
2.745800000000002001e+03 3.788732567495910170e-06
2.747399999999998272e+03 -4.027324112538013915e-06
