1.998448619960923224e+03 2.568623968457573950e-06
2.000116774067734241e+03 3.905305636446079969e-06
2.001784928174545257e+03 3.011736664261074947e-06
2.003453082281358775e+03 4.286888088024808298e-06
2.005121236388170018e+03 3.313595808314389367e-06
2.006789390494983991e+03 4.487362254598500874e-06
2.008457544601797508e+03 3.442562891575699537e-06
2.010125698708608525e+03 4.623952631027858826e-06
2.011793852815419541e+03 3.588590705892070422e-06
2.013462006922230557e+03 4.751272791656875553e-06
2.015130161029044075e+03 3.670967530975365045e-06
2.016798315135855319e+03 4.789759739392587949e-06
2.018466469242668609e+03 3.726265139813624350e-06
2.020134623349479853e+03 4.891392251611434366e-06
2.021802777456293825e+03 3.941806380077840589e-06
2.023470931563104841e+03 5.182817638318678768e-06
2.025139085669915630e+03 4.193475999331191185e-06
2.026807239776728920e+03 5.383952145616349431e-06
2.028475393883540619e+03 4.294750379272610399e-06
2.030143547990353909e+03 5.368445650503676630e-06
2.031811702097165153e+03 4.203307901148765904e-06
2.033479856203978443e+03 5.242630810309852442e-06
2.035148010310789232e+03 4.036060154634753230e-06
2.036816164417600248e+03 4.959810499959387213e-06
2.038484318524414221e+03 3.679235054392627896e-06
2.040152472631225464e+03 4.525402885513901765e-06
2.041820626738038754e+03 3.155419137857992456e-06
2.043488780844850453e+03 4.007958190427614157e-06
2.045156934951663516e+03 2.683258670483495724e-06
2.046825089058474532e+03 3.573013413062646328e-06
2.048493243165285548e+03 2.284946046525008265e-06
2.050161397272096565e+03 3.237630510194612237e-06
2.051829551378910764e+03 2.032585687330021073e-06
2.053497705485724055e+03 3.068845175884599522e-06
2.055165859592535526e+03 1.971119951243960860e-06
2.056834013699348816e+03 3.080815116724413486e-06
2.058502167806159832e+03 1.973888337267145514e-06
2.060170321912970849e+03 2.995349040388676688e-06
2.061838476019781865e+03 1.772220931581673366e-06
2.063506630126595155e+03 2.667452077423344940e-06
2.065174784233409355e+03 1.375352982431604058e-06
2.066842938340219916e+03 2.285388198826404658e-06
2.068511092447034116e+03 1.028341557811379682e-06
2.070179246553845132e+03 1.985337995878787095e-06
2.071847400660656149e+03 8.142500808375670905e-07
2.073515554767467165e+03 1.847108780595565325e-06
2.075183708874280455e+03 7.457587873735342466e-07
2.076851862981091472e+03 1.829603369774606830e-06
2.078520017087905217e+03 7.463163956659687766e-07
2.080188171194719416e+03 1.819608901702683826e-06
2.081856325301530433e+03 7.242208842060318042e-07
2.083524479408340994e+03 1.806875641924480618e-06
2.085192633515151556e+03 7.329673164776023161e-07
2.086860787621965756e+03 1.828943729820779259e-06
2.088528941728776772e+03 7.790447117773425267e-07
2.090197095835590517e+03 1.868722448506443441e-06
2.091865249942401533e+03 8.039266221810609702e-07
2.093533404049215278e+03 1.886884450892184477e-06
2.095201558156025840e+03 8.333438293919027582e-07
2.096869712262836856e+03 1.946452809998311061e-06
2.098537866369647872e+03 9.164143724636296932e-07
2.100206020476462072e+03 2.068764981839361707e-06
2.101874174583275817e+03 1.097158275153718906e-06
2.103542328690086833e+03 2.288998130905649972e-06
2.105210482796900124e+03 1.379721295198207359e-06
2.106878636903711140e+03 2.609326028307282084e-06
2.108546791010522156e+03 1.652036982919871983e-06
2.110214945117333173e+03 2.756563908431243899e-06
2.111883099224147372e+03 1.713366197308307781e-06
2.113551253330957934e+03 2.803464622851817965e-06
2.115219407437771679e+03 1.788804621115292048e-06
2.116887561544585424e+03 3.013949687023159987e-06
2.118555715651396440e+03 2.191937603639205220e-06
2.120223869758207456e+03 3.537937887598700615e-06
2.121892023865018473e+03 2.805387730313094745e-06
2.123560177971831763e+03 4.200796194956273132e-06
2.125228332078642779e+03 3.405982892034487653e-06
2.126896486185456979e+03 4.654572684455477453e-06
2.128564640292270724e+03 3.759806739416910436e-06
2.130232794399081740e+03 4.941029163714499199e-06
2.131900948505892757e+03 4.050988542377315900e-06
2.133569102612703773e+03 5.289265662144292560e-06
2.135237256719517063e+03 4.453710437042357450e-06
2.136905410826328080e+03 5.654807896348783076e-06
2.138573564933141824e+03 4.766568182464304725e-06
2.140241719039952841e+03 6.012324162586978795e-06
2.141909873146767040e+03 5.243989718390417256e-06
2.143578027253577602e+03 6.767709545364647492e-06
2.145246181360388164e+03 6.348992720224470895e-06
2.146914335467202363e+03 8.048181267481688365e-06
2.148582489574012925e+03 7.623140462150125938e-06
2.150250643680827125e+03 9.190095110273200049e-06
2.151918797787638141e+03 8.624511068147175459e-06
2.153586951894451431e+03 1.009248728038528475e-05
2.155255106001262448e+03 9.493422430786150625e-06
2.156923260108073464e+03 1.092208868634819559e-05
2.158591414214884480e+03 1.012726866029146555e-05
2.160259568321698225e+03 1.141654053700093414e-05
2.161927722428512425e+03 1.067243444809497368e-05
2.163595876535323441e+03 1.218008366201363203e-05
2.165264030642136731e+03 1.186136781500734577e-05
2.166932184748947748e+03 1.378229456396082169e-05
2.168600338855758764e+03 1.367751476987786369e-05
2.170268492962569781e+03 1.562423355552414495e-05
2.171936647069383071e+03 1.567066324906706779e-05
2.173604801176197270e+03 1.777860110654966923e-05
2.175272955283008287e+03 1.799841043187097407e-05
2.176941109389822032e+03 2.023753958940329286e-05
2.178609263496633048e+03 2.052625411049685520e-05
2.180277417603444064e+03 2.294433964542971039e-05
2.181945571710255081e+03 2.340986325828172445e-05
2.183613725817068371e+03 2.633694731604541484e-05
2.185281879923878932e+03 2.750073287472451429e-05
2.186950034030693587e+03 3.080928868338985165e-05
2.188618188137504603e+03 3.207418906734715787e-05
2.190286342244318348e+03 3.530866899555924830e-05
2.191954496351128910e+03 3.633294198648736532e-05
2.193622650457939926e+03 3.889741235827025496e-05
2.195290804564753216e+03 3.926840850264930719e-05
2.196958958671564233e+03 4.171292428462162100e-05
2.198627112778378887e+03 4.197978641359217738e-05
2.200295266885189903e+03 4.510901421512327126e-05
2.201963420992003194e+03 4.720295515679779805e-05
2.203631575098813755e+03 5.244686376868190467e-05
2.205299729205624772e+03 5.604760501650064451e-05
2.206967883312435788e+03 6.257663108833446872e-05
2.208636037419249533e+03 6.613064653223422226e-05
2.210304191526064187e+03 7.160500780913749499e-05
2.211972345632874749e+03 7.498650209242209918e-05
2.213640499739688039e+03 8.044440780870616085e-05
2.215308653846499055e+03 8.467824357010652584e-05
2.216976807953310072e+03 9.147083497324447979e-05
2.218644962060121088e+03 9.654546002563538752e-05
2.220313116166934378e+03 1.034387422082618587e-04
2.221981270273745849e+03 1.087669498637938161e-04
2.223649424380560049e+03 1.162893575458422688e-04
2.225317578487373339e+03 1.219124059141039049e-04
2.226985732594184356e+03 1.308404770131279865e-04
2.228653886700995372e+03 1.387822743982107510e-04
2.230322040807806388e+03 1.493159986057521693e-04
2.231990194914619678e+03 1.591117132218476584e-04
2.233658349021430240e+03 1.719801255512562032e-04
2.235326503128244894e+03 1.828134472299322729e-04
2.236994657235058639e+03 1.972057680941023119e-04
2.238662811341869656e+03 2.123712581631352820e-04
2.240330965448680672e+03 2.289300882392833307e-04
2.241999119555491234e+03 2.427411439030178781e-04
2.243667273662304524e+03 2.557438789696330882e-04
2.245335427769115540e+03 2.650298203926311209e-04
2.247003581875930195e+03 2.777714143105252395e-04
2.248671735982741211e+03 2.949692828387586677e-04
2.250339890089554501e+03 3.208577440741841244e-04
2.252008044196365518e+03 3.504808446809750322e-04
2.253676198303176534e+03 3.891039844676301559e-04
2.255344352409989824e+03 4.260232835610447996e-04
2.257012506516800840e+03 4.658120894429231928e-04
2.258680660623615495e+03 5.016089719892058776e-04
2.260348814730426511e+03 5.446344712835280485e-04
2.262016968837239801e+03 5.888775604222054073e-04
2.263685122944050363e+03 6.426334694551473752e-04
2.265353277050861379e+03 7.038478590909108892e-04
2.267021431157672396e+03 7.749599146663735437e-04
2.268689585264485686e+03 8.472020693588372744e-04
2.270357739371300795e+03 9.250849239111417740e-04
2.272025893478111811e+03 1.018471836104835066e-03
2.273694047584924647e+03 1.123631044877471900e-03
2.275362201691735663e+03 1.255616785572521510e-03
2.277030355798546680e+03 1.419631184953005576e-03
2.278698509905357696e+03 1.613940310897116117e-03
2.280366664012170531e+03 1.872206474211943108e-03
2.282034818118986095e+03 2.192686654221605389e-03
2.283702972225796657e+03 2.648490560548968226e-03
2.285371126332609947e+03 3.232269550826367879e-03
2.287039280439420963e+03 4.061259921882074374e-03
2.288707434546231980e+03 5.238653811864530697e-03
2.290375588653042996e+03 6.883773082934524848e-03
2.292043742759855832e+03 9.232728587011393429e-03
2.293711896866666848e+03 1.228954832752734636e-02
2.295380050973481957e+03 1.608375173498793193e-02
2.297048205080295247e+03 2.011206988198378093e-02
2.298716359187106264e+03 2.391325694432046983e-02
2.300384513293917280e+03 2.651775407983625668e-02
2.302052667400727842e+03 2.719991544076377082e-02
2.303720821507541132e+03 2.569048728932422226e-02
2.305388975614352148e+03 2.228043279078696301e-02
2.307057129721166802e+03 1.773956191002817873e-02
2.308725283827977819e+03 1.311309507961474358e-02
2.310393437934791109e+03 9.099959720419749376e-03
2.312061592041602125e+03 6.132059794658161790e-03
2.313729746148412687e+03 3.987528832592612642e-03
2.315397900255223703e+03 2.654515122009775199e-03
2.317066054362036994e+03 1.721652834283558635e-03
2.318734208468852103e+03 1.111091001765908632e-03
2.320402362575663119e+03 6.815773408683582215e-04
2.322070516682475954e+03 4.078291229940146190e-04
2.323738670789286971e+03 2.266548387412945593e-04
2.325406824896097987e+03 1.439918427997756586e-04
2.327074979002909004e+03 1.213481732445584061e-04
2.328743133109722294e+03 1.790917274299035414e-04
2.330411287216532855e+03 3.041392305983012332e-04
2.332079441323348419e+03 5.190727019460631038e-04
2.333747595430161255e+03 8.519140555670744359e-04
2.335415749536972271e+03 1.354874681291769797e-03
2.337083903643783287e+03 2.115404753814665185e-03
2.338752057750594304e+03 3.362283065291096079e-03
2.340420211857407139e+03 5.406339717372804846e-03
2.342088365964217701e+03 8.718905238450333148e-03
2.343756520071033265e+03 1.340599062834852209e-02
2.345424674177846555e+03 1.946738507003849608e-02
2.347092828284657571e+03 2.589592301412044911e-02
2.348760982391468588e+03 3.119958479139797042e-02
2.350429136498279149e+03 3.393176761431354604e-02
2.352097290605092439e+03 3.328839561717476803e-02
2.353765444711903001e+03 2.960960104636901555e-02
2.355433598818718565e+03 2.405749192785490431e-02
2.357101752925529127e+03 1.817412086288839809e-02
2.358769907032342417e+03 1.313792674051557016e-02
2.360438061139153433e+03 9.250548549250538211e-03
2.362106215245964449e+03 6.622079393129117267e-03
2.363774369352777740e+03 4.867056397498657934e-03
2.365442523459588301e+03 3.706929396389523502e-03
2.367110677566403865e+03 2.934285298115092092e-03
2.368778831673214427e+03 2.373908363989997959e-03
2.370446985780027717e+03 1.989527753798338034e-03
2.372115139886838278e+03 1.680839290838552838e-03
2.373783293993649295e+03 1.448117923158303341e-03
2.375451448100459857e+03 1.250087763779353768e-03
2.377119602207273601e+03 1.078807529789819423e-03
2.378787756314089165e+03 9.325348049688397941e-04
2.380455910420899727e+03 8.262200027223330070e-04
2.382124064527713017e+03 7.313205273135779325e-04
2.383792218634523579e+03 6.634425792829777959e-04
2.385460372741334595e+03 6.075168357914363876e-04
2.387128526848145157e+03 5.638486287315318301e-04
2.388796680954958447e+03 5.225184485070051088e-04
2.390464835061774011e+03 4.875998534040730135e-04
2.392132989168585027e+03 4.510552005182119628e-04
2.393801143275398317e+03 4.221695162865260259e-04
2.395469297382208879e+03 3.842046614411989279e-04
2.397137451489019895e+03 3.598274553061722768e-04
2.398805605595830457e+03 3.300970448610008809e-04
2.400473759702643747e+03 3.088269952846636052e-04
2.402141913809454309e+03 2.813138366994239869e-04
2.403810067916269873e+03 2.597645100220255911e-04
2.405478222023080434e+03 2.341386427052055436e-04
2.407146376129894179e+03 2.150556175931703912e-04
2.408814530236705195e+03 1.945812538830241816e-04
2.410482684343515757e+03 1.836260077421429388e-04
2.412150838450329047e+03 1.691394760627303419e-04
2.413818992557139609e+03 1.604266608291319467e-04
2.415487146663955173e+03 1.474097266399261108e-04
2.417155300770765734e+03 1.388993428403224016e-04
2.418823454877579024e+03 1.260356817506406502e-04
2.420491608984390041e+03 1.195013042004156099e-04
2.422159763091200603e+03 1.100216734914491972e-04
2.423827917198011619e+03 1.061689302698498583e-04
2.425496071304824909e+03 9.930217256442637713e-05
2.427164225411640473e+03 9.678989276985404053e-05
2.428832379518451489e+03 8.916326563153449572e-05
2.430500533625264325e+03 8.528671903497793058e-05
2.432168687732074886e+03 7.623048423561031624e-05
2.433836841838885903e+03 7.099833478844192380e-05
2.435504995945696464e+03 6.212142750430309994e-05
2.437173150052510209e+03 5.842897756300735986e-05
2.438841304159320771e+03 5.186050315808803796e-05
2.440509458266136335e+03 5.049679079911921405e-05
2.442177612372949625e+03 4.606068898821200601e-05
2.443845766479760186e+03 4.560743521384344441e-05
2.445513920586571203e+03 4.118407580834386618e-05
2.447182074693381765e+03 4.051504274585542660e-05
2.448850228800195055e+03 3.590205242786288943e-05
2.450518382907006071e+03 3.509647936481610211e-05
2.452186537013821180e+03 3.096527484319530729e-05
2.453854691120634470e+03 3.122087223341649787e-05
2.455522845227445487e+03 2.798149573382084033e-05
2.457190999334256503e+03 2.889378596401883604e-05
2.458859153441067065e+03 2.597413449572254826e-05
2.460527307547879900e+03 2.644982927041146837e-05
2.462195461654690916e+03 2.300147564187971568e-05
2.463863615761506480e+03 2.320638577586688997e-05
2.465531769868317497e+03 1.986062075186609759e-05
2.467199923975130787e+03 2.017119234760615581e-05
2.468868078081941349e+03 1.712108968630754531e-05
2.470536232188752365e+03 1.754102724072225482e-05
2.472204386295565200e+03 1.445674249407493806e-05
2.473872540402376217e+03 1.493401579285631916e-05
2.475540694509191781e+03 1.217879975233067248e-05
2.477208848616002797e+03 1.308965796068052679e-05
2.478877002722815632e+03 1.091064563123093276e-05
2.480545156829626649e+03 1.224233677512843198e-05
2.482213310936437210e+03 1.024845350275084929e-05
2.483881465043248227e+03 1.152272222952922097e-05
2.485549619150061517e+03 9.320936224058148909e-06
2.487217773256877081e+03 1.039933765807191281e-05
2.488885927363688097e+03 8.202534365105494421e-06
2.490554081470500932e+03 9.322825605986721751e-06
2.492222235577311494e+03 7.236685952064518041e-06
2.493890389684122511e+03 8.471714738322650543e-06
2.495558543790933072e+03 6.534366491650334277e-06
2.497226697897746817e+03 7.867149418174972377e-06
2.498894852004561926e+03 6.038462210169650328e-06
2.500563006111372943e+03 7.349985041380293426e-06
2.502231160218185778e+03 5.375699037149397814e-06
2.503899314324996794e+03 6.523085040298858007e-06
2.505567468431807811e+03 4.522235404039411363e-06
2.507235622538618372e+03 5.751439566935927636e-06
2.508903776645431662e+03 3.953952722169237169e-06
2.510571930752242224e+03 5.362622308424938795e-06
2.512240084859057788e+03 3.628181963094021241e-06
2.513908238965871078e+03 4.932417812043653764e-06
2.515576393072682094e+03 3.130667157317096655e-06
2.517244547179493111e+03 4.416075794475804689e-06
2.518912701286303673e+03 2.677763236592984953e-06
2.520580855393116508e+03 4.041277846083296435e-06
2.522249009499927524e+03 2.379318780534116710e-06
2.523917163606743088e+03 3.753322970531133937e-06
2.525585317713554105e+03 2.051172785401125800e-06
2.527253471820367395e+03 3.396253025681862107e-06
2.528921625927177956e+03 1.726524463313337413e-06
2.530589780033988973e+03 3.120891358307670999e-06
2.532257934140799080e+03 1.541597011359420058e-06
2.533926088247612824e+03 3.056260332629447083e-06
2.535594242354428388e+03 1.586997483609767675e-06
2.537262396461239405e+03 3.125001630738995510e-06
2.538930550568052240e+03 1.640411542130722110e-06
2.540598704674862802e+03 3.110632584942667578e-06
2.542266858781673818e+03 1.542532389795161622e-06
2.543935012888484380e+03 2.938368505440151033e-06
2.545603166995298125e+03 1.325445240065384000e-06
2.547271321102113689e+03 2.717708192285909097e-06
2.548939475208924705e+03 1.121023403621087780e-06
2.550607629315737540e+03 2.551626378465171465e-06
2.552275783422548102e+03 1.017020719316423608e-06
2.553943937529359118e+03 2.471553575940082929e-06
2.555612091636169680e+03 9.594782084435985899e-07
2.557280245742982515e+03 2.400438926661824841e-06
2.558948399849793987e+03 8.775732625607651034e-07
2.560616553956609096e+03 2.286190688226640943e-06
2.562284708063422840e+03 7.275319055852634820e-07
2.563952862170233402e+03 2.108789081489533507e-06
2.565621016277044419e+03 5.410454179624324934e-07
2.567289170383854980e+03 1.924978663470268871e-06
2.568957324490667816e+03 3.832278181340079150e-07
2.570625478597478832e+03 1.795935227075751451e-06
2.572293632704294396e+03 2.888762091018189082e-07
2.573961786811105412e+03 1.727254181769453713e-06
2.575629940917918702e+03 2.707082782741472629e-07
2.577298095024729719e+03 1.740174611792703614e-06
2.578966249131539826e+03 3.046893513903550665e-07
2.580634403238353116e+03 1.773709327247883887e-06
2.582302557345164132e+03 3.347903632943902601e-07
2.583970711451979696e+03 1.770699071871736622e-06
2.585638865558790712e+03 3.187908037983065422e-07
2.587307019665603548e+03 1.741267407148965347e-06
2.588975173772414109e+03 2.819699581837507048e-07
2.590643327879225126e+03 1.691212323610571336e-06
2.592311481986035687e+03 2.237399456747227051e-07
2.593979636092849432e+03 1.626487157842272104e-06
2.595647790199664996e+03 1.661419540941045911e-07
2.597315944306476013e+03 1.575301498558077304e-06
2.598984098413288848e+03 1.255748784695653854e-07
2.600652252520099410e+03 1.513619462697550986e-06
2.602320406626910426e+03 4.976247699927237457e-08
2.603988560733720988e+03 1.425650792618257367e-06
2.605656714840534733e+03 -3.137260994924906856e-08
2.607324868947350296e+03 1.374685792285224864e-06
2.608993023054160403e+03 -5.498568660357077610e-08
2.610661177160974148e+03 1.350620306434599905e-06
2.612329331267784710e+03 -8.044066067776779537e-08
2.613997485374595726e+03 1.319347554359898939e-06
2.615665639481406288e+03 -9.397129128067733558e-08
2.617333793588219123e+03 1.317677064025499630e-06
2.619001947695030140e+03 -8.150462218722360278e-08
2.620670101801845703e+03 1.331146770067644568e-06
2.622338255908659448e+03 -8.987487574969728005e-08
2.624006410015470010e+03 1.300201544095539333e-06
2.625674564122281026e+03 -1.299141684585892576e-07
2.627342718229091588e+03 1.249631387956158004e-06
2.629010872335903969e+03 -1.702749392300918131e-07
2.630679026442715440e+03 1.223336319623325334e-06
2.632347180549531458e+03 -1.715762465219192487e-07
2.634015334656342475e+03 1.230190357302098064e-06
2.635683488763155310e+03 -1.608078174270349601e-07
2.637351642869965417e+03 1.226001495446110247e-06
2.639019796976776433e+03 -1.889000974206594698e-07
2.640687951083589269e+03 1.181521263073278498e-06
2.642356105190400285e+03 -2.301405426811920775e-07
2.644024259297216304e+03 1.149711246397621521e-06
2.645692413404027320e+03 -2.454775510713845573e-07
2.647360567510840156e+03 1.145366319115396784e-06
2.649028721617650717e+03 -2.391309856972890870e-07
2.650696875724461734e+03 1.148239432433626415e-06
2.652365029831272295e+03 -2.377425819152914965e-07
2.654033183938085585e+03 1.138640900092350222e-06
2.655701338044901604e+03 -2.573465165568337150e-07
2.657369492151712620e+03 1.107531406749676446e-06
2.659037646258525456e+03 -2.847950475707219476e-07
2.660705800365336017e+03 1.087107463859434787e-06
2.662373954472147034e+03 -2.918821271201045902e-07
2.664042108578957595e+03 1.090231215569422772e-06
2.665710262685770886e+03 -2.857846226365656876e-07
2.667378416792581447e+03 1.088486261140474555e-06
2.669046570899397466e+03 -2.939814054318866453e-07
2.670714725006210756e+03 1.069670111104568760e-06
2.672382879113021318e+03 -3.145931470713827427e-07
2.674051033219832334e+03 1.047019251865911350e-06
2.675719187326642896e+03 -3.266974847361018721e-07
2.677387341433455276e+03 1.042586764978545646e-06
2.679055495540266747e+03 -3.255514783966311332e-07
2.680723649647082766e+03 1.047942666500097498e-06
2.682391803753896056e+03 -3.249854097415974320e-07
2.684059957860706618e+03 1.030726676295532050e-06
2.685728111967517179e+03 -3.518830955814690094e-07
2.687396266074328196e+03 9.967795937810496253e-07
2.689064420181140576e+03 -3.769543939433018925e-07
2.690732574287952048e+03 9.795031301072729389e-07
2.692400728394767611e+03 -3.819250847341103668e-07
2.694068882501579083e+03 9.804191740415527449e-07
2.695737036608391463e+03 -3.826365683707075511e-07
2.697405190715202025e+03 9.764774296580256553e-07
2.699073344822013041e+03 -3.888704504038536148e-07
2.700741498928823603e+03 9.625304811081572415e-07
2.702409653035636893e+03 -4.048548932704750804e-07
2.704077807142452912e+03 9.439774654298790433e-07
2.705745961249263928e+03 -4.149114804455625405e-07
2.707414115356076763e+03 9.377238169049794579e-07
2.709082269462887325e+03 -4.152171587887124482e-07
2.710750423569698341e+03 9.431922710455458581e-07
2.712418577676508903e+03 -4.048921322434254363e-07
2.714086731783321738e+03 9.545207153491673094e-07
2.715754885890138212e+03 -3.898453992560160252e-07
2.717423039996949228e+03 9.675271552858464999e-07
2.719091194103762064e+03 -3.829453308964733851e-07
2.720759348210572625e+03 9.619739731603255392e-07
2.722427502317383642e+03 -3.958403504309063351e-07
2.724095656424194203e+03 9.429442972197401144e-07
2.725763810531007039e+03 -4.157934348061837865e-07
2.727431964637818055e+03 9.258701626584570199e-07
2.729100118744634074e+03 -4.206947870165156513e-07
2.730768272851447364e+03 9.266836681205865766e-07
2.732436426958257925e+03 -4.160138108041113868e-07
2.734104581065068942e+03 9.295378260567594124e-07
2.735772735171879503e+03 -4.178939545338351977e-07
2.737440889278691884e+03 9.208339812782936900e-07
2.739109043385502900e+03 -4.286001590472982213e-07
2.740777197492319374e+03 9.144497280231668328e-07
2.742445351599132664e+03 -4.277297613209088206e-07
2.744113505705942771e+03 9.172720504352023841e-07
2.745781659812753787e+03 -4.223820550182919322e-07
2.747449813919564349e+03 9.144940895396367910e-07
