1.998448619960923224e+03 2.568705694139310425e-06
2.000116774067734241e+03 3.905429891210283579e-06
2.001784928174545257e+03 3.011832488420282306e-06
2.003453082281358775e+03 4.287024483564141492e-06
2.005121236388170018e+03 3.313701236699298930e-06
2.006789390494983991e+03 4.487505028606670246e-06
2.008457544601797508e+03 3.442672423294896325e-06
2.010125698708608525e+03 4.624099750919958733e-06
2.011793852815419541e+03 3.588704883765326533e-06
2.013462006922230557e+03 4.751423962483272363e-06
2.015130161029044075e+03 3.671084329824782346e-06
2.016798315135855319e+03 4.789912134754797677e-06
2.018466469242668609e+03 3.726383698062173874e-06
2.020134623349479853e+03 4.891547880606302507e-06
2.021802777456293825e+03 3.941931796182976949e-06
2.023470931563104841e+03 5.182982539569313342e-06
2.025139085669915630e+03 4.193609422786356215e-06
2.026807239776728920e+03 5.384123446345821073e-06
2.028475393883540619e+03 4.294887024965769706e-06
2.030143547990353909e+03 5.368616457864364537e-06
2.031811702097165153e+03 4.203441637424682428e-06
2.033479856203978443e+03 5.242797614630892204e-06
2.035148010310789232e+03 4.036188569603903929e-06
2.036816164417600248e+03 4.959968305811613903e-06
2.038484318524414221e+03 3.679352116289106560e-06
2.040152472631225464e+03 4.525546869857462245e-06
2.041820626738038754e+03 3.155519533549760516e-06
2.043488780844850453e+03 4.008085711279052621e-06
2.045156934951663516e+03 2.683344043487412821e-06
2.046825089058474532e+03 3.573127095314553167e-06
2.048493243165285548e+03 2.285018746451379794e-06
2.050161397272096565e+03 3.237733521598346492e-06
2.051829551378910764e+03 2.032650357929153061e-06
2.053497705485724055e+03 3.068942817060273334e-06
2.055165859592535526e+03 1.971182666193201316e-06
2.056834013699348816e+03 3.080913138746636275e-06
2.058502167806159832e+03 1.973951140297879329e-06
2.060170321912970849e+03 2.995444343144303675e-06
2.061838476019781865e+03 1.772277318178387942e-06
2.063506630126595155e+03 2.667536947510288394e-06
2.065174784233409355e+03 1.375396741915864040e-06
2.066842938340219916e+03 2.285460912820697057e-06
2.068511092447034116e+03 1.028374276463818556e-06
2.070179246553845132e+03 1.985401163202297051e-06
2.071847400660656149e+03 8.142759877604089103e-07
2.073515554767467165e+03 1.847167549892351955e-06
2.075183708874280455e+03 7.457825151149466221e-07
2.076851862981091472e+03 1.829661582103285088e-06
2.078520017087905217e+03 7.463401411487548476e-07
2.080188171194719416e+03 1.819666796038254720e-06
2.081856325301530433e+03 7.242439266778830944e-07
2.083524479408340994e+03 1.806933131127050730e-06
2.085192633515151556e+03 7.329906372339159129e-07
2.086860787621965756e+03 1.829001921161751172e-06
2.088528941728776772e+03 7.790694985740691481e-07
2.090197095835590517e+03 1.868781905483391443e-06
2.091865249942401533e+03 8.039522006433314585e-07
2.093533404049215278e+03 1.886944485727956842e-06
2.095201558156025840e+03 8.333703438188544150e-07
2.096869712262836856e+03 1.946514740115298992e-06
2.098537866369647872e+03 9.164435299387068559e-07
2.100206020476462072e+03 2.068830803551908489e-06
2.101874174583275817e+03 1.097193183341569846e-06
2.103542328690086833e+03 2.289070959756832019e-06
2.105210482796900124e+03 1.379765193668688419e-06
2.106878636903711140e+03 2.609409049002858375e-06
2.108546791010522156e+03 1.652089545634516308e-06
2.110214945117333173e+03 2.756651613781436525e-06
2.111883099224147372e+03 1.713420711329144971e-06
2.113551253330957934e+03 2.803553820437895620e-06
2.115219407437771679e+03 1.788861535353790470e-06
2.116887561544585424e+03 3.014045581593917405e-06
2.118555715651396440e+03 2.192007344324171261e-06
2.120223869758207456e+03 3.538050453855714402e-06
2.121892023865018473e+03 2.805476989086512486e-06
2.123560177971831763e+03 4.200929851317455091e-06
2.125228332078642779e+03 3.406091259891072774e-06
2.126896486185456979e+03 4.654720778583110474e-06
2.128564640292270724e+03 3.759926364855569046e-06
2.130232794399081740e+03 4.941186372002611745e-06
2.131900948505892757e+03 4.051117432321658833e-06
2.133569102612703773e+03 5.289433950242291484e-06
2.135237256719517063e+03 4.453852140353622136e-06
2.136905410826328080e+03 5.654987814871731701e-06
2.138573564933141824e+03 4.766719839942797753e-06
2.140241719039952841e+03 6.012515456173366240e-06
2.141909873146767040e+03 5.244156565947715098e-06
2.143578027253577602e+03 6.767924872980982362e-06
2.145246181360388164e+03 6.349194725564595263e-06
2.146914335467202363e+03 8.048437335753611465e-06
2.148582489574012925e+03 7.623383006936319657e-06
2.150250643680827125e+03 9.190387510716911676e-06
2.151918797787638141e+03 8.624785473453419407e-06
2.153586951894451431e+03 1.009280839216090249e-05
2.155255106001262448e+03 9.493724482168405316e-06
2.156923260108073464e+03 1.092243619347840773e-05
2.158591414214884480e+03 1.012759087870317411e-05
2.160259568321698225e+03 1.141690377606197322e-05
2.161927722428512425e+03 1.067277401199835832e-05
2.163595876535323441e+03 1.218047119465877988e-05
2.165264030642136731e+03 1.186174520709856293e-05
2.166932184748947748e+03 1.378273307400859876e-05
2.168600338855758764e+03 1.367794994615619591e-05
2.170268492962569781e+03 1.562473067038198832e-05
2.171936647069383071e+03 1.567116184117436930e-05
2.173604801176197270e+03 1.777916676672943418e-05
2.175272955283008287e+03 1.799898308570461146e-05
2.176941109389822032e+03 2.023818348541139942e-05
2.178609263496633048e+03 2.052690719250935286e-05
2.180277417603444064e+03 2.294506966345591684e-05
2.181945571710255081e+03 2.341060808783156799e-05
2.183613725817068371e+03 2.633778527636996368e-05
2.185281879923878932e+03 2.750160786311130656e-05
2.186950034030693587e+03 3.081026893980433031e-05
2.188618188137504603e+03 3.207520956898533474e-05
2.190286342244318348e+03 3.530979240835937138e-05
2.191954496351128910e+03 3.633409798849069537e-05
2.193622650457939926e+03 3.889864995380069938e-05
2.195290804564753216e+03 3.926965790213127850e-05
2.196958958671564233e+03 4.171425146104613930e-05
2.198627112778378887e+03 4.198112208074545920e-05
2.200295266885189903e+03 4.511044944464089425e-05
2.201963420992003194e+03 4.720445700904924683e-05
2.203631575098813755e+03 5.244853246591009850e-05
2.205299729205624772e+03 5.604938827819481837e-05
2.206967883312435788e+03 6.257862208347400362e-05
2.208636037419249533e+03 6.613275060516894503e-05
2.210304191526064187e+03 7.160728605934103071e-05
2.211972345632874749e+03 7.498888793133030384e-05
2.213640499739688039e+03 8.044696730131807333e-05
2.215308653846499055e+03 8.468093777029659253e-05
2.216976807953310072e+03 9.147374529271474683e-05
2.218644962060121088e+03 9.654853180400236278e-05
2.220313116166934378e+03 1.034420333095786366e-04
2.221981270273745849e+03 1.087704104922225604e-04
2.223649424380560049e+03 1.162930575140512534e-04
2.225317578487373339e+03 1.219162847903457550e-04
2.226985732594184356e+03 1.308446399530187147e-04
2.228653886700995372e+03 1.387866900215668580e-04
2.230322040807806388e+03 1.493207493796801764e-04
2.231990194914619678e+03 1.591167756651616573e-04
2.233658349021430240e+03 1.719855974277077152e-04
2.235326503128244894e+03 1.828192637892219646e-04
2.236994657235058639e+03 1.972120425725926087e-04
2.238662811341869656e+03 2.123780151606825155e-04
2.240330965448680672e+03 2.289373720876632730e-04
2.241999119555491234e+03 2.427488671765349671e-04
2.243667273662304524e+03 2.557520159500223226e-04
2.245335427769115540e+03 2.650382528229977726e-04
2.247003581875930195e+03 2.777802521390592382e-04
2.248671735982741211e+03 2.949786678503553070e-04
2.250339890089554501e+03 3.208679527766633002e-04
2.252008044196365518e+03 3.504919958990274998e-04
2.253676198303176534e+03 3.891163645547069034e-04
2.255344352409989824e+03 4.260368383061971086e-04
2.257012506516800840e+03 4.658269101449949282e-04
2.258680660623615495e+03 5.016249316375251486e-04
2.260348814730426511e+03 5.446517998703547924e-04
2.262016968837239801e+03 5.888962966874881563e-04
2.263685122944050363e+03 6.426539160674358576e-04
2.265353277050861379e+03 7.038702533560230049e-04
2.267021431157672396e+03 7.749845714974715714e-04
2.268689585264485686e+03 8.472290247121848968e-04
2.270357739371300795e+03 9.251143572563877687e-04
2.272025893478111811e+03 1.018504240733211080e-03
2.273694047584924647e+03 1.123666795347096937e-03
2.275362201691735663e+03 1.255656735420790631e-03
2.277030355798546680e+03 1.419676353232920702e-03
2.278698509905357696e+03 1.613991661493314718e-03
2.280366664012170531e+03 1.872266042039828901e-03
2.282034818118986095e+03 2.192756418739047908e-03
2.283702972225796657e+03 2.648574827339005358e-03
2.285371126332609947e+03 3.232372391660931401e-03
2.287039280439420963e+03 4.061389138629991485e-03
2.288707434546231980e+03 5.238820489649762512e-03
2.290375588653042996e+03 6.883992103334175654e-03
2.292043742759855832e+03 9.233022343920668437e-03
2.293711896866666848e+03 1.228993934300007945e-02
2.295380050973481957e+03 1.608426347029507167e-02
2.297048205080295247e+03 2.011270978593329706e-02
2.298716359187106264e+03 2.391401779030271832e-02
2.300384513293917280e+03 2.651859779287362925e-02
2.302052667400727842e+03 2.720078085806885981e-02
2.303720821507541132e+03 2.569130468128725045e-02
2.305388975614352148e+03 2.228114168534746364e-02
2.307057129721166802e+03 1.774012632810128415e-02
2.308725283827977819e+03 1.311351229780168340e-02
2.310393437934791109e+03 9.100249253033732347e-03
2.312061592041602125e+03 6.132254897862570060e-03
2.313729746148412687e+03 3.987655703444979889e-03
2.315397900255223703e+03 2.654599580482751384e-03
2.317066054362036994e+03 1.721707611959591997e-03
2.318734208468852103e+03 1.111126353250090895e-03
2.320402362575663119e+03 6.815990265543607788e-04
2.322070516682475954e+03 4.078420988571686018e-04
2.323738670789286971e+03 2.266620501982623552e-04
2.325406824896097987e+03 1.439964241755090297e-04
2.327074979002909004e+03 1.213520341686592752e-04
2.328743133109722294e+03 1.790974255755633658e-04
2.330411287216532855e+03 3.041489073693151167e-04
2.332079441323348419e+03 5.190892172363345287e-04
2.333747595430161255e+03 8.519411608412707972e-04
2.335415749536972271e+03 1.354917789219732722e-03
2.337083903643783287e+03 2.115472059460714316e-03
2.338752057750594304e+03 3.362390042754156809e-03
2.340420211857407139e+03 5.406511730405669236e-03
2.342088365964217701e+03 8.719182647087547408e-03
2.343756520071033265e+03 1.340641716556724428e-02
2.345424674177846555e+03 1.946800446210833826e-02
2.347092828284657571e+03 2.589674694241377376e-02
2.348760982391468588e+03 3.120057746582921565e-02
2.350429136498279149e+03 3.393284721836414136e-02
2.352097290605092439e+03 3.328945475111540209e-02
2.353765444711903001e+03 2.961054313242800218e-02
2.355433598818718565e+03 2.405825736294887537e-02
2.357101752925529127e+03 1.817469910728528731e-02
2.358769907032342417e+03 1.313834474876927200e-02
2.360438061139153433e+03 9.250842873135977154e-03
2.362106215245964449e+03 6.622290087243772397e-03
2.363774369352777740e+03 4.867211252201806074e-03
2.365442523459588301e+03 3.707047339434433025e-03
2.367110677566403865e+03 2.934378658011029851e-03
2.368778831673214427e+03 2.373983894422559970e-03
2.370446985780027717e+03 1.989591054427005193e-03
2.372115139886838278e+03 1.680892769953682211e-03
2.373783293993649295e+03 1.448163997798250198e-03
2.375451448100459857e+03 1.250127537711225555e-03
2.377119602207273601e+03 1.078841854113627569e-03
2.378787756314089165e+03 9.325644753462929105e-04
2.380455910420899727e+03 8.262462904911212734e-04
2.382124064527713017e+03 7.313437956741463287e-04
2.383792218634523579e+03 6.634636879768740243e-04
2.385460372741334595e+03 6.075361651008959456e-04
2.387128526848145157e+03 5.638665686535076355e-04
2.388796680954958447e+03 5.225350734302902471e-04
2.390464835061774011e+03 4.876153673255045938e-04
2.392132989168585027e+03 4.510695517016532889e-04
2.393801143275398317e+03 4.221829484167056892e-04
2.395469297382208879e+03 3.842168856469479728e-04
2.397137451489019895e+03 3.598389039045087165e-04
2.398805605595830457e+03 3.301075475294964622e-04
2.400473759702643747e+03 3.088368212058720166e-04
2.402141913809454309e+03 2.813227872368979855e-04
2.403810067916269873e+03 2.597727749264776612e-04
2.405478222023080434e+03 2.341460922737025041e-04
2.407146376129894179e+03 2.150624599987443044e-04
2.408814530236705195e+03 1.945874448575778571e-04
2.410482684343515757e+03 1.836318501545986198e-04
2.412150838450329047e+03 1.691448575584881750e-04
2.413818992557139609e+03 1.604317651100177369e-04
2.415487146663955173e+03 1.474144167621675098e-04
2.417155300770765734e+03 1.389037621884347705e-04
2.418823454877579024e+03 1.260396918167852728e-04
2.420491608984390041e+03 1.195051063628473645e-04
2.422159763091200603e+03 1.100251740413086724e-04
2.423827917198011619e+03 1.061723082373188469e-04
2.425496071304824909e+03 9.930533205287248803e-05
2.427164225411640473e+03 9.679297232531599670e-05
2.428832379518451489e+03 8.916610253127499428e-05
2.430500533625264325e+03 8.528943259497807124e-05
2.432168687732074886e+03 7.623290965418841184e-05
2.433836841838885903e+03 7.100059373618358184e-05
2.435504995945696464e+03 6.212340401627043207e-05
2.437173150052510209e+03 5.843083659262133113e-05
2.438841304159320771e+03 5.186215319913251720e-05
2.440509458266136335e+03 5.049839745104811676e-05
2.442177612372949625e+03 4.606215449708174085e-05
2.443845766479760186e+03 4.560888630157791348e-05
2.445513920586571203e+03 4.118538615844315957e-05
2.447182074693381765e+03 4.051633180938892111e-05
2.448850228800195055e+03 3.590319472029121999e-05
2.450518382907006071e+03 3.509759602639750051e-05
2.452186537013821180e+03 3.096626006260764667e-05
2.453854691120634470e+03 3.122186558514840273e-05
2.455522845227445487e+03 2.798238601859702509e-05
2.457190999334256503e+03 2.889470527505262474e-05
2.458859153441067065e+03 2.597496091246366922e-05
2.460527307547879900e+03 2.645067082229118124e-05
2.462195461654690916e+03 2.300220747779686625e-05
2.463863615761506480e+03 2.320712413139166516e-05
2.465531769868317497e+03 1.986125265548086886e-05
2.467199923975130787e+03 2.017183413264993206e-05
2.468868078081941349e+03 1.712163442650458075e-05
2.470536232188752365e+03 1.754158534203533682e-05
2.472204386295565200e+03 1.445720246297288603e-05
2.473872540402376217e+03 1.493449094711662394e-05
2.475540694509191781e+03 1.217918724412577942e-05
2.477208848616002797e+03 1.309007443317072727e-05
2.478877002722815632e+03 1.091099277427847273e-05
2.480545156829626649e+03 1.224272628847537625e-05
2.482213310936437210e+03 1.024877957688997800e-05
2.483881465043248227e+03 1.152308884696378398e-05
2.485549619150061517e+03 9.321232787462013525e-06
2.487217773256877081e+03 1.039966853287887156e-05
2.488885927363688097e+03 8.202795344416279950e-06
2.490554081470500932e+03 9.323122229504882247e-06
2.492222235577311494e+03 7.236916201061727437e-06
2.493890389684122511e+03 8.471984282121574532e-06
2.495558543790933072e+03 6.534574395011356650e-06
2.497226697897746817e+03 7.867399726572548861e-06
2.498894852004561926e+03 6.038654335387987188e-06
2.500563006111372943e+03 7.350218895204611805e-06
2.502231160218185778e+03 5.375870075290447210e-06
2.503899314324996794e+03 6.523292584718940462e-06
2.505567468431807811e+03 4.522379287603493222e-06
2.507235622538618372e+03 5.751622559980198710e-06
2.508903776645431662e+03 3.954078524733465728e-06
2.510571930752242224e+03 5.362792930504866478e-06
2.512240084859057788e+03 3.628297400638807205e-06
2.513908238965871078e+03 4.932574746345151190e-06
2.515576393072682094e+03 3.130766765477288441e-06
2.517244547179493111e+03 4.416216300368973911e-06
2.518912701286303673e+03 2.677848434749167764e-06
2.520580855393116508e+03 4.041406427063273876e-06
2.522249009499927524e+03 2.379394483109423564e-06
2.523917163606743088e+03 3.753442389676290861e-06
2.525585317713554105e+03 2.051238047384314094e-06
2.527253471820367395e+03 3.396361083964149405e-06
2.528921625927177956e+03 1.726579395989560662e-06
2.530589780033988973e+03 3.120990655432129042e-06
2.532257934140799080e+03 1.541646060215252240e-06
2.533926088247612824e+03 3.056357573394274584e-06
2.535594242354428388e+03 1.587047976968412322e-06
2.537262396461239405e+03 3.125101058639628643e-06
2.538930550568052240e+03 1.640463734959744822e-06
2.540598704674862802e+03 3.110731555664640852e-06
2.542266858781673818e+03 1.542581468411846865e-06
2.543935012888484380e+03 2.938461995251134893e-06
2.545603166995298125e+03 1.325487411639416938e-06
2.547271321102113689e+03 2.717794661367215947e-06
2.548939475208924705e+03 1.121059071123621732e-06
2.550607629315737540e+03 2.551707563336089622e-06
2.552275783422548102e+03 1.017053077774744942e-06
2.553943937529359118e+03 2.471632213141721786e-06
2.555612091636169680e+03 9.595087360769381346e-07
2.557280245742982515e+03 2.400515301214954151e-06
2.558948399849793987e+03 8.776011842316820702e-07
2.560616553956609096e+03 2.286263427753667923e-06
2.562284708063422840e+03 7.275550534035893214e-07
2.563952862170233402e+03 2.108856176645321048e-06
2.565621016277044419e+03 5.410626323566670130e-07
2.567289170383854980e+03 1.925039910346235228e-06
2.568957324490667816e+03 3.832400112596199090e-07
2.570625478597478832e+03 1.795992368188109597e-06
2.572293632704294396e+03 2.888854002506270212e-07
2.573961786811105412e+03 1.727309137663064558e-06
2.575629940917918702e+03 2.707168913755063581e-07
2.577298095024729719e+03 1.740229978774494302e-06
2.578966249131539826e+03 3.046990456645134924e-07
2.580634403238353116e+03 1.773765761200751741e-06
2.582302557345164132e+03 3.348010152897835068e-07
2.583970711451979696e+03 1.770755410047575387e-06
2.585638865558790712e+03 3.188009467371296942e-07
2.587307019665603548e+03 1.741322808900129525e-06
2.588975173772414109e+03 2.819789295969839182e-07
2.590643327879225126e+03 1.691266132763567566e-06
2.592311481986035687e+03 2.237470643887955002e-07
2.593979636092849432e+03 1.626538907640390800e-06
2.595647790199664996e+03 1.661472402179709679e-07
2.597315944306476013e+03 1.575351619786599401e-06
2.598984098413288848e+03 1.255788738743727405e-07
2.600652252520099410e+03 1.513667621394190684e-06
2.602320406626910426e+03 4.976406028760402270e-08
2.603988560733720988e+03 1.425696152423497818e-06
2.605656714840534733e+03 -3.137360812880646164e-08
2.607324868947350296e+03 1.374729530541555085e-06
2.608993023054160403e+03 -5.498743607830067326e-08
2.610661177160974148e+03 1.350663279001494095e-06
2.612329331267784710e+03 -8.044322005115757897e-08
2.613997485374595726e+03 1.319389531924404805e-06
2.615665639481406288e+03 -9.397428115694490030e-08
2.617333793588219123e+03 1.317718988440162529e-06
2.619001947695030140e+03 -8.150721541258267018e-08
2.620670101801845703e+03 1.331189123046753564e-06
2.622338255908659448e+03 -8.987773529067400432e-08
2.624006410015470010e+03 1.300242912493129324e-06
2.625674564122281026e+03 -1.299183019262026211e-07
2.627342718229091588e+03 1.249671147367560548e-06
2.629010872335903969e+03 -1.702803568527808941e-07
2.630679026442715440e+03 1.223375242406862945e-06
2.632347180549531458e+03 -1.715817055481873846e-07
2.634015334656342475e+03 1.230229498159946665e-06
2.635683488763155310e+03 -1.608129338351465279e-07
2.637351642869965417e+03 1.226040503027311370e-06
2.639019796976776433e+03 -1.889061076383601887e-07
2.640687951083589269e+03 1.181558855430858531e-06
2.642356105190400285e+03 -2.301478650424939925e-07
2.644024259297216304e+03 1.149747826658712996e-06
2.645692413404027320e+03 -2.454853614089266125e-07
2.647360567510840156e+03 1.145402761134321038e-06
