1.998448619960923224e+03 3.414793676497818033e-06
2.000116774067734241e+03 3.577089326176896109e-06
2.001784928174545257e+03 3.682083747438211529e-06
2.003453082281358775e+03 3.822577251885630758e-06
2.005121236388170018e+03 3.881039165776638863e-06
2.006789390494983991e+03 4.032136242319754805e-06
2.008457544601797508e+03 4.137042596279374640e-06
2.010125698708608525e+03 4.412110937087114630e-06
2.011793852815419541e+03 4.631164973889059876e-06
2.013462006922230557e+03 4.874916927236611669e-06
2.015130161029044075e+03 4.935797654445701530e-06
2.016798315135855319e+03 5.044131426508000369e-06
2.018466469242668609e+03 5.032094325951602681e-06
2.020134623349479853e+03 5.130654394284852321e-06
2.021802777456293825e+03 5.137119903930010204e-06
2.023470931563104841e+03 5.244031211213595378e-06
2.025139085669915630e+03 5.118176584246384254e-06
2.026807239776728920e+03 5.070838954294862618e-06
2.028475393883540619e+03 4.881894333592639615e-06
2.030143547990353909e+03 4.839049148473557218e-06
2.031811702097165153e+03 4.651837982661447190e-06
2.033479856203978443e+03 4.654403858780975475e-06
2.035148010310789232e+03 4.479713232896354195e-06
2.036816164417600248e+03 4.501952795233058809e-06
2.038484318524414221e+03 4.329716529818444265e-06
2.040152472631225464e+03 4.396840056446415607e-06
2.041820626738038754e+03 4.239362720627376861e-06
2.043488780844850453e+03 4.277197550215259982e-06
2.045156934951663516e+03 4.077201394695423667e-06
2.046825089058474532e+03 4.046614596621991902e-06
2.048493243165285548e+03 3.760455377771794455e-06
2.050161397272096565e+03 3.676651894716466708e-06
2.051829551378910764e+03 3.310260603746589041e-06
2.053497705485724055e+03 3.260021302971471513e-06
2.055165859592535526e+03 2.922917151508030098e-06
2.056834013699348816e+03 2.973255509821442650e-06
2.058502167806159832e+03 2.725288513085380206e-06
2.060170321912970849e+03 2.817019592571290911e-06
2.061838476019781865e+03 2.584212951750797552e-06
2.063506630126595155e+03 2.657844414827635634e-06
2.065174784233409355e+03 2.360090518816486589e-06
2.066842938340219916e+03 2.393465336474078491e-06
2.068511092447034116e+03 2.029921937794674552e-06
2.070179246553845132e+03 2.077464278356801012e-06
2.071847400660656149e+03 1.708936950700918549e-06
2.073515554767467165e+03 1.819437840369899227e-06
2.075183708874280455e+03 1.541177369749191244e-06
2.076851862981091472e+03 1.752207861517132211e-06
2.078520017087905217e+03 1.525866722318513252e-06
2.080188171194719416e+03 1.808670346923536692e-06
2.081856325301530433e+03 1.579151889825688060e-06
2.083524479408340994e+03 1.877196706912548527e-06
2.085192633515151556e+03 1.629467249842024778e-06
2.086860787621965756e+03 1.961630458854659781e-06
2.088528941728776772e+03 1.702750900682216012e-06
2.090197095835590517e+03 2.031968908431651020e-06
2.091865249942401533e+03 1.735708552697167048e-06
2.093533404049215278e+03 2.081691561788102005e-06
2.095201558156025840e+03 1.771510989607174869e-06
2.096869712262836856e+03 2.189182252034758139e-06
2.098537866369647872e+03 1.921600991793213159e-06
2.100206020476462072e+03 2.398273438484762433e-06
2.101874174583275817e+03 2.112723519802469262e-06
2.103542328690086833e+03 2.643900882604345118e-06
2.105210482796900124e+03 2.354015860460327012e-06
2.106878636903711140e+03 2.945246998027430952e-06
2.108546791010522156e+03 2.716914551009095161e-06
2.110214945117333173e+03 3.395929916525142701e-06
2.111883099224147372e+03 3.147288030765259872e-06
2.113551253330957934e+03 3.838859301570344828e-06
2.115219407437771679e+03 3.588409752504661843e-06
2.116887561544585424e+03 4.356360094433316430e-06
2.118555715651396440e+03 4.174526696377901921e-06
2.120223869758207456e+03 5.087799780834615722e-06
2.121892023865018473e+03 4.845546111519208859e-06
2.123560177971831763e+03 5.710475182659104048e-06
2.125228332078642779e+03 5.337322874938954115e-06
2.126896486185456979e+03 6.104076609818860516e-06
2.128564640292270724e+03 5.731079428291944709e-06
2.130232794399081740e+03 6.721619600608085903e-06
2.131900948505892757e+03 6.498830692272606003e-06
2.133569102612703773e+03 7.615296353673643149e-06
2.135237256719517063e+03 7.336060442342494618e-06
2.136905410826328080e+03 8.300964743101622273e-06
2.138573564933141824e+03 7.741342226437924050e-06
2.140241719039952841e+03 8.720511335403092728e-06
2.141909873146767040e+03 8.256489798580673385e-06
2.143578027253577602e+03 9.535815490120966791e-06
2.145246181360388164e+03 9.293084235274080910e-06
2.146914335467202363e+03 1.081940198244770425e-05
2.148582489574012925e+03 1.061051527828186719e-05
2.150250643680827125e+03 1.228214444153220294e-05
2.151918797787638141e+03 1.209143004415518671e-05
2.153586951894451431e+03 1.400406397281463358e-05
2.155255106001262448e+03 1.405577948503132262e-05
2.156923260108073464e+03 1.625853000480931653e-05
2.158591414214884480e+03 1.633648003023317120e-05
2.160259568321698225e+03 1.867816629088767238e-05
2.161927722428512425e+03 1.856500852878347301e-05
2.163595876535323441e+03 2.098732074278995718e-05
2.165264030642136731e+03 2.114656017803539441e-05
2.166932184748947748e+03 2.423683650152530435e-05
2.168600338855758764e+03 2.494350933048228181e-05
2.170268492962569781e+03 2.931754395812157516e-05
2.171936647069383071e+03 3.088604250072182961e-05
2.173604801176197270e+03 3.574044902340909203e-05
2.175272955283008287e+03 3.747787676336956854e-05
2.176941109389822032e+03 4.222785018068764452e-05
2.178609263496633048e+03 4.333134514251401785e-05
2.180277417603444064e+03 4.821294212896507121e-05
2.181945571710255081e+03 4.989528543943768654e-05
2.183613725817068371e+03 5.611243224760726901e-05
2.185281879923878932e+03 5.935436452563529799e-05
2.186950034030693587e+03 6.800409531345503989e-05
2.188618188137504603e+03 7.234558286133067851e-05
2.190286342244318348e+03 8.168646671343714725e-05
2.191954496351128910e+03 8.557557432186735976e-05
2.193622650457939926e+03 9.371246972824055701e-05
2.195290804564753216e+03 9.726673490590499781e-05
2.196958958671564233e+03 1.082599614120818306e-04
2.198627112778378887e+03 1.167636464395677484e-04
2.200295266885189903e+03 1.363128398815434416e-04
2.201963420992003194e+03 1.524422342728873868e-04
2.203631575098813755e+03 1.775770034384233716e-04
2.205299729205624772e+03 1.957897849807683805e-04
2.206967883312435788e+03 2.237688054645695839e-04
2.208636037419249533e+03 2.450871772248449949e-04
2.210304191526064187e+03 2.844716084923727076e-04
2.211972345632874749e+03 3.245885434474115325e-04
2.213640499739688039e+03 3.898572950511003778e-04
2.215308653846499055e+03 4.517884559414673119e-04
2.216976807953310072e+03 5.468666280917859569e-04
2.218644962060121088e+03 6.416767684908961230e-04
2.220313116166934378e+03 7.819157178933427510e-04
2.221981270273745849e+03 9.275581223861412454e-04
2.223649424380560049e+03 1.158891135349616932e-03
2.225317578487373339e+03 1.430771154180958534e-03
2.226985732594184356e+03 1.901999792930964515e-03
2.228653886700995372e+03 2.586815931376827346e-03
2.230322040807806388e+03 3.774844689701824588e-03
2.231990194914619678e+03 5.578777186907144317e-03
2.233658349021430240e+03 8.336337322274029599e-03
2.235326503128244894e+03 1.189485473733068420e-02
2.236994657235058639e+03 1.613665128854790617e-02
2.238662811341869656e+03 2.024814132552395923e-02
2.240330965448680672e+03 2.303642378207167510e-02
2.241999119555491234e+03 2.373271078223420164e-02
2.243667273662304524e+03 2.206622599129924589e-02
2.245335427769115540e+03 1.850287922765811444e-02
2.247003581875930195e+03 1.414786009790795253e-02
2.248671735982741211e+03 1.003720007180925605e-02
2.250339890089554501e+03 6.876206603606136586e-03
2.252008044196365518e+03 4.601763062424593306e-03
2.253676198303176534e+03 3.164623226328944824e-03
2.255344352409989824e+03 2.312511813327433781e-03
2.257012506516800840e+03 1.689589473992030976e-03
2.258680660623615495e+03 1.330364731479095073e-03
2.260348814730426511e+03 1.032617410742020037e-03
2.262016968837239801e+03 8.385874532166194117e-04
2.263685122944050363e+03 6.733966686543948078e-04
2.265353277050861379e+03 5.702468626761440090e-04
2.267021431157672396e+03 4.658323166537080913e-04
2.268689585264485686e+03 4.031502330008520795e-04
2.270357739371300795e+03 3.326620196705532256e-04
2.272025893478111811e+03 2.899481860105128156e-04
2.273694047584924647e+03 2.429442423238149958e-04
2.275362201691735663e+03 2.174477370406484907e-04
2.277030355798546680e+03 1.845845508799226042e-04
2.278698509905357696e+03 1.696477874913678344e-04
2.280366664012170531e+03 1.424574865172158319e-04
2.282034818118986095e+03 1.326979978531000147e-04
2.283702972225796657e+03 1.096881765599405612e-04
2.285371126332609947e+03 1.028711998533625899e-04
2.287039280439420963e+03 8.593040028319127619e-05
2.288707434546231980e+03 8.343726888652817659e-05
2.290375588653042996e+03 7.005443280204080565e-05
2.292043742759855832e+03 6.940646073099224992e-05
2.293711896866666848e+03 5.683065679385891324e-05
2.295380050973481957e+03 5.613081796440349180e-05
2.297048205080295247e+03 4.358641656813474932e-05
2.298716359187106264e+03 4.301338782626340967e-05
2.300384513293917280e+03 3.174298327087047509e-05
2.302052667400727842e+03 3.237436032933159051e-05
2.303720821507541132e+03 2.285005016437637913e-05
2.305388975614352148e+03 2.503196531606292880e-05
2.307057129721166802e+03 1.688387819109925491e-05
2.308725283827977819e+03 1.969780043726141586e-05
2.310393437934791109e+03 1.195367852380995548e-05
2.312061592041602125e+03 1.507467292783313441e-05
2.313729746148412687e+03 7.655000702753222971e-06
2.315397900255223703e+03 1.103315852043361223e-05
2.317066054362036994e+03 4.063754592208691538e-06
2.318734208468852103e+03 7.955815517852432342e-06
2.320402362575663119e+03 1.526282746416339975e-06
2.322070516682475954e+03 5.875934345363474020e-06
2.323738670789286971e+03 -6.933783155700532343e-08
2.325406824896097987e+03 4.774956709478406329e-06
2.327074979002909004e+03 -6.967925946437959355e-07
2.328743133109722294e+03 4.640714723995804579e-06
2.330411287216532855e+03 -3.530108284137499142e-07
2.332079441323348419e+03 5.441924107411896701e-06
2.333747595430161255e+03 7.402027536539292924e-07
2.335415749536972271e+03 6.861423168674113121e-06
2.337083903643783287e+03 2.365087430970852176e-06
2.338752057750594304e+03 8.840762107906001682e-06
2.340420211857407139e+03 4.566812589704893067e-06
2.342088365964217701e+03 1.148292798508303122e-05
2.343756520071033265e+03 7.623727521517191272e-06
2.345424674177846555e+03 1.501787583401462406e-05
2.347092828284657571e+03 1.146846618250265975e-05
2.348760982391468588e+03 1.921250088756943633e-05
2.350429136498279149e+03 1.558773676154414975e-05
2.352097290605092439e+03 2.350511896591314952e-05
2.353765444711903001e+03 2.029523093779268391e-05
2.355433598818718565e+03 2.923384149336320689e-05
2.357101752925529127e+03 2.673544258715007928e-05
2.358769907032342417e+03 3.643824522696208109e-05
2.360438061139153433e+03 3.340792525810183948e-05
2.362106215245964449e+03 4.243607935196195701e-05
2.363774369352777740e+03 3.899032740896603213e-05
2.365442523459588301e+03 4.881060235779009353e-05
2.367110677566403865e+03 4.672125464861486634e-05
2.368778831673214427e+03 5.903088060149597454e-05
2.370446985780027717e+03 5.898401206221518922e-05
2.372115139886838278e+03 7.276171418310705254e-05
2.373783293993649295e+03 7.258869183044306208e-05
2.375451448100459857e+03 8.673254449672309567e-05
2.377119602207273601e+03 8.646304794603481268e-05
2.378787756314089165e+03 1.008086208316114220e-04
2.380455910420899727e+03 1.019469062131411920e-04
2.382124064527713017e+03 1.195622740164514476e-04
2.383792218634523579e+03 1.236963377331788422e-04
2.385460372741334595e+03 1.472902072256092115e-04
2.387128526848145157e+03 1.575209120255781565e-04
2.388796680954958447e+03 1.877798840619491951e-04
2.390464835061774011e+03 2.013544750330442830e-04
2.392132989168585027e+03 2.361146014677062573e-04
2.393801143275398317e+03 2.511023328516547764e-04
2.395469297382208879e+03 2.872782378176748103e-04
2.397137451489019895e+03 3.066651487443204822e-04
2.398805605595830457e+03 3.545122350708754949e-04
2.400473759702643747e+03 3.869289696713891697e-04
2.402141913809454309e+03 4.599663601881799754e-04
2.403810067916269873e+03 5.191963004177913184e-04
2.405478222023080434e+03 6.145994443017611421e-04
2.407146376129894179e+03 7.149108727858707272e-04
2.408814530236705195e+03 8.802248443881883653e-04
2.410482684343515757e+03 1.091902257638272108e-03
2.412150838450329047e+03 1.455293315190232285e-03
2.413818992557139609e+03 1.928389290666840394e-03
2.415487146663955173e+03 2.775590305367205569e-03
2.417155300770765734e+03 4.056827339050268592e-03
2.418823454877579024e+03 6.643804991412811771e-03
2.420491608984390041e+03 1.140272092927908411e-02
2.422159763091200603e+03 1.866812175279389946e-02
2.423827917198011619e+03 2.882984118966855705e-02
2.425496071304824909e+03 3.981273773397470128e-02
2.427164225411640473e+03 4.818296320652275949e-02
2.428832379518451489e+03 5.093658517500630062e-02
2.430500533625264325e+03 4.712180461648814850e-02
2.432168687732074886e+03 3.810524704359635056e-02
2.433836841838885903e+03 2.685500479474459481e-02
2.435504995945696464e+03 1.689831794431750217e-02
2.437173150052510209e+03 9.989693638653322078e-03
2.438841304159320771e+03 5.573861298552431308e-03
2.440509458266136335e+03 3.323250325691991854e-03
2.442177612372949625e+03 2.173548962413974443e-03
2.443845766479760186e+03 1.570456398333332270e-03
2.445513920586571203e+03 1.136818429390343754e-03
2.447182074693381765e+03 8.921869844242680129e-04
2.448850228800195055e+03 6.760272903148350490e-04
2.450518382907006071e+03 5.538775018360317512e-04
2.452186537013821180e+03 4.339815749146839520e-04
2.453854691120634470e+03 3.681639454430753557e-04
2.455522845227445487e+03 2.968427508156937038e-04
2.457190999334256503e+03 2.597989306188571443e-04
2.458859153441067065e+03 2.130064396688525271e-04
2.460527307547879900e+03 1.918224959872405575e-04
2.462195461654690916e+03 1.578959086478287643e-04
2.463863615761506480e+03 1.461666468141972915e-04
2.465531769868317497e+03 1.206130606283412066e-04
2.467199923975130787e+03 1.133400348538366229e-04
2.468868078081941349e+03 9.247992454622139431e-05
2.470536232188752365e+03 8.683347309173801258e-05
2.472204386295565200e+03 6.961385253849536499e-05
2.473872540402376217e+03 6.713897335100159835e-05
2.475540694509191781e+03 5.385038175131456840e-05
2.477208848616002797e+03 5.471883992227492664e-05
2.478877002722815632e+03 4.400728645200252672e-05
2.480545156829626649e+03 4.574154886805915140e-05
2.482213310936437210e+03 3.662268520763509373e-05
2.483881465043248227e+03 3.898378719910246222e-05
2.485549619150061517e+03 3.178415199228614725e-05
2.487217773256877081e+03 3.449314371061339976e-05
2.488885927363688097e+03 2.826821650181895578e-05
2.490554081470500932e+03 3.047414069402628066e-05
2.492222235577311494e+03 2.377052906788789654e-05
2.493890389684122511e+03 2.544213920484683582e-05
2.495558543790933072e+03 1.881137662626927487e-05
2.497226697897746817e+03 2.049201731073426656e-05
2.498894852004561926e+03 1.478709524271145574e-05
2.500563006111372943e+03 1.680625576997803029e-05
2.502231160218185778e+03 1.204150928152140461e-05
2.503899314324996794e+03 1.442641046957329755e-05
2.505567468431807811e+03 1.024276973818171029e-05
2.507235622538618372e+03 1.300013183133758520e-05
2.508903776645431662e+03 9.430221684912429219e-06
2.510571930752242224e+03 1.224198718356620388e-05
2.512240084859057788e+03 8.976569386721275945e-06
2.513908238965871078e+03 1.148366176166324749e-05
2.515576393072682094e+03 8.008800126292755036e-06
2.517244547179493111e+03 1.008549266631962334e-05
2.518912701286303673e+03 6.634478581666635134e-06
2.520580855393116508e+03 8.627290452163658685e-06
2.522249009499927524e+03 5.397715157018567634e-06
2.523917163606743088e+03 7.455568113384016873e-06
2.525585317713554105e+03 4.354662991357989266e-06
2.527253471820367395e+03 6.283732410698169568e-06
2.528921625927177956e+03 3.482410672795362735e-06
2.530589780033988973e+03 5.457422189857095236e-06
2.532257934140799080e+03 2.950770287609687626e-06
2.533926088247612824e+03 5.057956399383182058e-06
2.535594242354428388e+03 2.694582002268524838e-06
2.537262396461239405e+03 4.623775898216775337e-06
2.538930550568052240e+03 2.225024259194967813e-06
2.540598704674862802e+03 4.019649244210603660e-06
2.542266858781673818e+03 1.651172551061008842e-06
2.543935012888484380e+03 3.404522544069164699e-06
2.545603166995298125e+03 1.214600823538425074e-06
2.547271321102113689e+03 2.957489757471809277e-06
2.548939475208924705e+03 8.428515402588201100e-07
2.550607629315737540e+03 2.559158785906583057e-06
2.552275783422548102e+03 6.147472007324674297e-07
2.553943937529359118e+03 2.320080396144924863e-06
2.555612091636169680e+03 4.930065195542485091e-07
2.557280245742982515e+03 2.196249801449038803e-06
2.558948399849793987e+03 4.135608624397840149e-07
2.560616553956609096e+03 2.067277155044347597e-06
2.562284708063422840e+03 3.427540823706439421e-07
2.563952862170233402e+03 1.957146001678669662e-06
2.565621016277044419e+03 2.946614264288764492e-07
2.567289170383854980e+03 1.863003107774592083e-06
2.568957324490667816e+03 2.607218645701209427e-07
2.570625478597478832e+03 1.767221447989507462e-06
2.572293632704294396e+03 1.808772784738580917e-07
2.573961786811105412e+03 1.599528426485868565e-06
2.575629940917918702e+03 2.265946550129179383e-08
2.577298095024729719e+03 1.418544866935069282e-06
2.578966249131539826e+03 -8.686431533290576662e-08
2.580634403238353116e+03 1.292997157129570532e-06
2.582302557345164132e+03 -1.574815055077437735e-07
2.583970711451979696e+03 1.174375902745162381e-06
2.585638865558790712e+03 -2.363620955645002733e-07
2.587307019665603548e+03 1.059406948110789343e-06
2.588975173772414109e+03 -3.053134166371860164e-07
2.590643327879225126e+03 9.801783736304901990e-07
2.592311481986035687e+03 -3.155553516939510898e-07
2.593979636092849432e+03 9.616203347811662870e-07
2.595647790199664996e+03 -2.840034187113523110e-07
2.597315944306476013e+03 9.635701299521858771e-07
2.598984098413288848e+03 -2.854800436357196507e-07
2.600652252520099410e+03 8.844319588242824311e-07
2.602320406626910426e+03 -3.482129214851410593e-07
2.603988560733720988e+03 7.910623279366447597e-07
2.605656714840534733e+03 -3.979158865181114302e-07
2.607324868947350296e+03 7.498201080284592431e-07
2.608993023054160403e+03 -3.920363548131452942e-07
2.610661177160974148e+03 7.210174022142629987e-07
2.612329331267784710e+03 -4.032380859706129810e-07
2.613997485374595726e+03 6.897840416361920150e-07
2.615665639481406288e+03 -4.043523190205827276e-07
2.617333793588219123e+03 6.766618405229291074e-07
2.619001947695030140e+03 -3.790268512739318170e-07
2.620670101801845703e+03 6.552998071366514411e-07
2.622338255908659448e+03 -4.005121672198656692e-07
2.624006410015470010e+03 6.019101729727840506e-07
2.625674564122281026e+03 -4.254242297183038927e-07
2.627342718229091588e+03 5.710736361106601946e-07
2.629010872335903969e+03 -4.218294242319322730e-07
2.630679026442715440e+03 5.543976676712675181e-07
2.632347180549531458e+03 -4.337083152292393154e-07
2.634015334656342475e+03 5.163643000382337243e-07
2.635683488763155310e+03 -4.416222687288660029e-07
2.637351642869965417e+03 4.946646694628667191e-07
2.639019796976776433e+03 -4.397872783270360545e-07
2.640687951083589269e+03 4.698487571024217741e-07
2.642356105190400285e+03 -4.563991225395974440e-07
2.644024259297216304e+03 4.275241311262966451e-07
2.645692413404027320e+03 -4.737339370831910582e-07
2.647360567510840156e+03 4.135085545363571414e-07
