1.998448619960923224e+03 3.414823214967129977e-06
2.000116774067734241e+03 3.577120268527531549e-06
2.001784928174545257e+03 3.682115598006087532e-06
2.003453082281358775e+03 3.822610317743056782e-06
2.005121236388170018e+03 3.881072737338248724e-06
2.006789390494983991e+03 4.032171120893377899e-06
2.008457544601797508e+03 4.137078382308443122e-06
2.010125698708608525e+03 4.412149102497930115e-06
2.011793852815419541e+03 4.631205034149625050e-06
2.013462006922230557e+03 4.874959095987550920e-06
2.015130161029044075e+03 4.935840349823917386e-06
2.016798315135855319e+03 5.044175058989333497e-06
2.018466469242668609e+03 5.032137854310239321e-06
2.020134623349479853e+03 5.130698775202627395e-06
2.021802777456293825e+03 5.137164340775397198e-06
2.023470931563104841e+03 5.244076572857570504e-06
2.025139085669915630e+03 5.118220857229259770e-06
2.026807239776728920e+03 5.070882817800253697e-06
2.028475393883540619e+03 4.881936562699174103e-06
2.030143547990353909e+03 4.839091006962916113e-06
2.031811702097165153e+03 4.651878221746590054e-06
2.033479856203978443e+03 4.654444120061324997e-06
2.035148010310789232e+03 4.479751983077006163e-06
2.036816164417600248e+03 4.501991737789207956e-06
2.038484318524414221e+03 4.329753982505475985e-06
2.040152472631225464e+03 4.396878089761860209e-06
2.041820626738038754e+03 4.239399391740623194e-06
2.043488780844850453e+03 4.277234548605366678e-06
2.045156934951663516e+03 4.077236663089267338e-06
2.046825089058474532e+03 4.046649600435517097e-06
2.048493243165285548e+03 3.760487906265840655e-06
2.050161397272096565e+03 3.676683698298015241e-06
2.051829551378910764e+03 3.310289237989392626e-06
2.053497705485724055e+03 3.260049502636908127e-06
2.055165859592535526e+03 2.922942435172801377e-06
2.056834013699348816e+03 2.973281228920443242e-06
2.058502167806159832e+03 2.725312087233260476e-06
2.060170321912970849e+03 2.817043960206547392e-06
2.061838476019781865e+03 2.584235305574250037e-06
2.063506630126595155e+03 2.657867405574111123e-06
2.065174784233409355e+03 2.360110933947814434e-06
2.066842938340219916e+03 2.393486040302504909e-06
2.068511092447034116e+03 2.029939496919044673e-06
2.070179246553845132e+03 2.077482248729434275e-06
2.071847400660656149e+03 1.708951733257774572e-06
2.073515554767467165e+03 1.819453578775760060e-06
2.075183708874280455e+03 1.541190701160911061e-06
2.076851862981091472e+03 1.752223018373753280e-06
2.078520017087905217e+03 1.525879921290873212e-06
2.080188171194719416e+03 1.808685992188989936e-06
2.081856325301530433e+03 1.579165549722611350e-06
2.083524479408340994e+03 1.877212944941129994e-06
2.085192633515151556e+03 1.629481344974238776e-06
2.086860787621965756e+03 1.961647427247657799e-06
2.088528941728776772e+03 1.702765629728826290e-06
2.090197095835590517e+03 2.031986485262619370e-06
2.091865249942401533e+03 1.735723566832331525e-06
2.093533404049215278e+03 2.081709568727360630e-06
2.095201558156025840e+03 1.771526313438703087e-06
2.096869712262836856e+03 2.189201188784352731e-06
2.098537866369647872e+03 1.921617613925412500e-06
2.100206020476462072e+03 2.398294183903980822e-06
2.101874174583275817e+03 2.112741795172744962e-06
2.103542328690086833e+03 2.643923752737208752e-06
2.105210482796900124e+03 2.354036223044962664e-06
2.106878636903711140e+03 2.945272474848670563e-06
2.108546791010522156e+03 2.716938052720967078e-06
2.110214945117333173e+03 3.395959291820146003e-06
2.111883099224147372e+03 3.147315255271253289e-06
2.113551253330957934e+03 3.838892508269903798e-06
2.115219407437771679e+03 3.588440792778656191e-06
2.116887561544585424e+03 4.356397777591114862e-06
2.118555715651396440e+03 4.174562806649968814e-06
2.120223869758207456e+03 5.087843791053658635e-06
2.121892023865018473e+03 4.845588026208257669e-06
2.123560177971831763e+03 5.710524579112276876e-06
2.125228332078642779e+03 5.337369043569590234e-06
2.126896486185456979e+03 6.104129410982472130e-06
2.128564640292270724e+03 5.731129002974883281e-06
2.130232794399081740e+03 6.721677743609716126e-06
2.131900948505892757e+03 6.498886908117295524e-06
2.133569102612703773e+03 7.615362227111090335e-06
2.135237256719517063e+03 7.336123900348094789e-06
2.136905410826328080e+03 8.301036547671839777e-06
2.138573564933141824e+03 7.741409190190775319e-06
2.140241719039952841e+03 8.720586769113255674e-06
2.141909873146767040e+03 8.256561218436054674e-06
2.143578027253577602e+03 9.535897976332404429e-06
2.145246181360388164e+03 9.293164621824338085e-06
2.146914335467202363e+03 1.081949557187175154e-05
2.148582489574012925e+03 1.061060706080509241e-05
2.150250643680827125e+03 1.228225068389441603e-05
2.151918797787638141e+03 1.209153463680971442e-05
2.153586951894451431e+03 1.400418511003494105e-05
2.155255106001262448e+03 1.405590106959844734e-05
2.156923260108073464e+03 1.625867064349355444e-05
2.158591414214884480e+03 1.633662134319663491e-05
2.160259568321698225e+03 1.867832785978291161e-05
2.161927722428512425e+03 1.856516911884737063e-05
2.163595876535323441e+03 2.098750228621202701e-05
2.165264030642136731e+03 2.114674309890208391e-05
2.166932184748947748e+03 2.423704615373830379e-05
2.168600338855758764e+03 2.494372509551955457e-05
2.170268492962569781e+03 2.931779755920396643e-05
2.171936647069383071e+03 3.088630966954811717e-05
2.173604801176197270e+03 3.574075818356828933e-05
2.175272955283008287e+03 3.747820095253515945e-05
2.176941109389822032e+03 4.222821545782436174e-05
2.178609263496633048e+03 4.333171996504503590e-05
2.180277417603444064e+03 4.821335917803051927e-05
2.181945571710255081e+03 4.989571704102109127e-05
2.183613725817068371e+03 5.611291762842819317e-05
2.185281879923878932e+03 5.935487794964890878e-05
2.186950034030693587e+03 6.800468355891663142e-05
2.188618188137504603e+03 7.234620866130035731e-05
2.190286342244318348e+03 8.168717331343081913e-05
2.191954496351128910e+03 8.557631456321587022e-05
2.193622650457939926e+03 9.371328035493528693e-05
2.195290804564753216e+03 9.726757627751813902e-05
2.196958958671564233e+03 1.082608978767267822e-04
2.198627112778378887e+03 1.167646564623433153e-04
2.200295266885189903e+03 1.363140190077276391e-04
2.201963420992003194e+03 1.524435529207137079e-04
2.203631575098813755e+03 1.775785395057127413e-04
2.205299729205624772e+03 1.957914785913062437e-04
2.206967883312435788e+03 2.237707410977642455e-04
2.208636037419249533e+03 2.450892972651018409e-04
2.210304191526064187e+03 2.844740692137730600e-04
2.211972345632874749e+03 3.245913511862203457e-04
2.213640499739688039e+03 3.898606673742439324e-04
2.215308653846499055e+03 4.517923639782933198e-04
2.216976807953310072e+03 5.468713585688343357e-04
2.218644962060121088e+03 6.416823190896524601e-04
2.220313116166934378e+03 7.819224815797103535e-04
2.221981270273745849e+03 9.275661459008039192e-04
2.223649424380560049e+03 1.158901159928985578e-03
2.225317578487373339e+03 1.430783530562618503e-03
2.226985732594184356e+03 1.902016245509901117e-03
2.228653886700995372e+03 2.586838307716437559e-03
2.230322040807806388e+03 3.774877342665542909e-03
2.231990194914619678e+03 5.578825444153216739e-03
2.233658349021430240e+03 8.336409432822277504e-03
2.235326503128244894e+03 1.189495762957979395e-02
2.236994657235058639e+03 1.613679087296325532e-02
2.238662811341869656e+03 2.024831647493496867e-02
2.240330965448680672e+03 2.303662305053747611e-02
2.241999119555491234e+03 2.373291607368532147e-02
2.243667273662304524e+03 2.206641686741095398e-02
2.245335427769115540e+03 1.850303928029438730e-02
2.247003581875930195e+03 1.414798247898596713e-02
2.248671735982741211e+03 1.003728689507132898e-02
2.250339890089554501e+03 6.876266083808158999e-03
2.252008044196365518e+03 4.601802868354285501e-03
2.253676198303176534e+03 3.164650600786938182e-03
2.255344352409989824e+03 2.312531816895936794e-03
2.257012506516800840e+03 1.689604089190357723e-03
2.258680660623615495e+03 1.330376239330378950e-03
2.260348814730426511e+03 1.032626343035033135e-03
2.262016968837239801e+03 8.385947071218618392e-04
2.263685122944050363e+03 6.734024936349693007e-04
2.265353277050861379e+03 5.702517953956723123e-04
2.267021431157672396e+03 4.658363461720021591e-04
2.268689585264485686e+03 4.031537203098708934e-04
2.270357739371300795e+03 3.326648972461229790e-04
2.272025893478111811e+03 2.899506941051169977e-04
2.273694047584924647e+03 2.429463438273687177e-04
2.275362201691735663e+03 2.174496179956683227e-04
2.277030355798546680e+03 1.845861475635316904e-04
2.278698509905357696e+03 1.696492549697690001e-04
2.280366664012170531e+03 1.424587187955003449e-04
2.282034818118986095e+03 1.326991457103671233e-04
2.283702972225796657e+03 1.096891253788573475e-04
2.285371126332609947e+03 1.028720897044247019e-04
2.287039280439420963e+03 8.593114359383671914e-05
2.288707434546231980e+03 8.343799063121904456e-05
2.290375588653042996e+03 7.005503878322430521e-05
2.292043742759855832e+03 6.940706110712169025e-05
2.293711896866666848e+03 5.683114838742815722e-05
2.295380050973481957e+03 5.613130350426356608e-05
2.297048205080295247e+03 4.358679359707124941e-05
2.298716359187106264e+03 4.301375989841670945e-05
2.300384513293917280e+03 3.174325785236090699e-05
2.302052667400727842e+03 3.237464037232677211e-05
2.303720821507541132e+03 2.285024782068287926e-05
2.305388975614352148e+03 2.503218184625753128e-05
2.307057129721166802e+03 1.688402423913760303e-05
2.308725283827977819e+03 1.969797082614251071e-05
2.310393437934791109e+03 1.195378192489350189e-05
2.312061592041602125e+03 1.507480332597892207e-05
2.313729746148412687e+03 7.655066919639148771e-06
2.315397900255223703e+03 1.103325395888326473e-05
2.317066054362036994e+03 4.063789744285708468e-06
2.318734208468852103e+03 7.955884336830909106e-06
2.320402362575663119e+03 1.526295948987369810e-06
2.322070516682475954e+03 5.875985173062824906e-06
2.323738670789286971e+03 -6.933843133948227900e-08
2.325406824896097987e+03 4.774998013558707499e-06
2.327074979002909004e+03 -6.967986220025834737e-07
2.328743133109722294e+03 4.640754866863117326e-06
2.330411287216532855e+03 -3.530138820095187007e-07
2.332079441323348419e+03 5.441971180858631168e-06
2.333747595430161255e+03 7.402091565169993619e-07
2.335415749536972271e+03 6.861482520997241096e-06
2.337083903643783287e+03 2.365107889326207369e-06
2.338752057750594304e+03 8.840838581803096713e-06
2.340420211857407139e+03 4.566852093307837207e-06
2.342088365964217701e+03 1.148302731410493529e-05
2.343756520071033265e+03 7.623793467885484729e-06
2.345424674177846555e+03 1.501800574085716696e-05
2.347092828284657571e+03 1.146856538642783824e-05
2.348760982391468588e+03 1.921266707853779910e-05
2.350429136498279149e+03 1.558787159776782485e-05
2.352097290605092439e+03 2.350532228866146627e-05
2.353765444711903001e+03 2.029540649453579382e-05
2.355433598818718565e+03 2.923409437040692382e-05
2.357101752925529127e+03 2.673567385267450346e-05
2.358769907032342417e+03 3.643856042316143568e-05
2.360438061139153433e+03 3.340821424158619852e-05
2.362106215245964449e+03 4.243644643031174967e-05
2.363774369352777740e+03 3.899066468105293211e-05
2.365442523459588301e+03 4.881102457670473659e-05
2.367110677566403865e+03 4.672165879436345132e-05
2.368778831673214427e+03 5.903139122732590350e-05
2.370446985780027717e+03 5.898452228262532728e-05
2.372115139886838278e+03 7.276234358267407679e-05
2.373783293993649295e+03 7.258931973334119508e-05
2.375451448100459857e+03 8.673329474603436705e-05
2.377119602207273601e+03 8.646379586416112924e-05
2.378787756314089165e+03 1.008094928410605679e-04
2.380455910420899727e+03 1.019477880689268932e-04
2.382124064527713017e+03 1.195633082477686121e-04
2.383792218634523579e+03 1.236974077247573090e-04
2.385460372741334595e+03 1.472914813076411998e-04
2.387128526848145157e+03 1.575222746047166248e-04
2.388796680954958447e+03 1.877815083856619203e-04
2.390464835061774011e+03 2.013562167789724325e-04
2.392132989168585027e+03 2.361166438938585340e-04
2.393801143275398317e+03 2.511045049238956497e-04
2.395469297382208879e+03 2.872807228168330266e-04
2.397137451489019895e+03 3.066678014431197105e-04
2.398805605595830457e+03 3.545153016540334204e-04
2.400473759702643747e+03 3.869323166640859998e-04
2.402141913809454309e+03 4.599703389650847628e-04
2.403810067916269873e+03 5.192007915424212781e-04
2.405478222023080434e+03 6.146047606776667291e-04
2.407146376129894179e+03 7.149170568704382896e-04
2.408814530236705195e+03 8.802324584630099582e-04
2.410482684343515757e+03 1.091911702753961240e-03
2.412150838450329047e+03 1.455305903692204021e-03
2.413818992557139609e+03 1.928405971518827198e-03
2.415487146663955173e+03 2.775614314633013252e-03
2.417155300770765734e+03 4.056862431205523166e-03
2.418823454877579024e+03 6.643862461306586191e-03
2.420491608984390041e+03 1.140281956449811819e-02
2.422159763091200603e+03 1.866828323480240054e-02
2.423827917198011619e+03 2.883009057205001766e-02
2.425496071304824909e+03 3.981308212003230318e-02
2.427164225411640473e+03 4.818337999626610274e-02
2.428832379518451489e+03 5.093702578398610209e-02
2.430500533625264325e+03 4.712221222705307438e-02
2.432168687732074886e+03 3.810557665960745410e-02
2.433836841838885903e+03 2.685523709449976273e-02
2.435504995945696464e+03 1.689846411726184106e-02
2.437173150052510209e+03 9.989780050977737844e-03
2.438841304159320771e+03 5.573909513275343390e-03
2.440509458266136335e+03 3.323279072297807661e-03
2.442177612372949625e+03 2.173567763933306751e-03
2.443845766479760186e+03 1.570469983012970838e-03
2.445513920586571203e+03 1.136828263037548007e-03
2.447182074693381765e+03 8.921947019733664956e-04
2.448850228800195055e+03 6.760331380506750957e-04
2.450518382907006071e+03 5.538822929581727018e-04
2.452186537013821180e+03 4.339853289193609451e-04
2.453854691120634470e+03 3.681671301155429337e-04
2.455522845227445487e+03 2.968453185493010404e-04
2.457190999334256503e+03 2.598011779179522232e-04
2.458859153441067065e+03 2.130082822059945391e-04
2.460527307547879900e+03 1.918241552801430716e-04
2.462195461654690916e+03 1.578972744707433842e-04
2.463863615761506480e+03 1.461679111772658528e-04
2.465531769868317497e+03 1.206141039491176453e-04
2.467199923975130787e+03 1.133410152618666517e-04
2.468868078081941349e+03 9.248072451121838971e-05
2.470536232188752365e+03 8.683422421409652393e-05
2.472204386295565200e+03 6.961445470859454966e-05
2.473872540402376217e+03 6.713955411303053377e-05
2.475540694509191781e+03 5.385084756506481831e-05
2.477208848616002797e+03 5.471931324831653655e-05
2.478877002722815632e+03 4.400766712152563828e-05
2.480545156829626649e+03 4.574194453920812681e-05
2.482213310936437210e+03 3.662300199926749641e-05
2.483881465043248227e+03 3.898412441461558442e-05
2.485549619150061517e+03 3.178442692989210007e-05
2.487217773256877081e+03 3.449344208139754775e-05
2.488885927363688097e+03 2.826846102606397505e-05
2.490554081470500932e+03 3.047440429984114396e-05
2.492222235577311494e+03 2.377073468647276884e-05
2.493890389684122511e+03 2.544235928310611578e-05
2.495558543790933072e+03 1.881153934745358013e-05
2.497226697897746817e+03 2.049219456970854323e-05
2.498894852004561926e+03 1.478722315326781920e-05
2.500563006111372943e+03 1.680640114657097587e-05
2.502231160218185778e+03 1.204161344235396860e-05
2.503899314324996794e+03 1.442653526015314130e-05
2.505567468431807811e+03 1.024285833965173804e-05
2.507235622538618372e+03 1.300024428439669409e-05
2.508903776645431662e+03 9.430303257721868167e-06
2.510571930752242224e+03 1.224209307856220938e-05
2.512240084859057788e+03 8.976647035371377573e-06
2.513908238965871078e+03 1.148376109703242852e-05
2.515576393072682094e+03 8.008869403595914532e-06
2.517244547179493111e+03 1.008557990731976479e-05
2.518912701286303673e+03 6.634535970885588618e-06
2.520580855393116508e+03 8.627365079499423156e-06
2.522249009499927524e+03 5.397761848051357198e-06
2.523917163606743088e+03 7.455632605148610063e-06
2.525585317713554105e+03 4.354700659835595414e-06
2.527253471820367395e+03 6.283786765910976351e-06
2.528921625927177956e+03 3.482440796161672407e-06
2.530589780033988973e+03 5.457469397364532171e-06
2.532257934140799080e+03 2.950795812208197556e-06
2.533926088247612824e+03 5.058000151452571312e-06
2.535594242354428388e+03 2.694605310800553702e-06
2.537262396461239405e+03 4.623815894560745071e-06
2.538930550568052240e+03 2.225043505983214279e-06
2.540598704674862802e+03 4.019684014769850096e-06
2.542266858781673818e+03 1.651186833947281788e-06
2.543935012888484380e+03 3.404551993691664453e-06
2.545603166995298125e+03 1.214611330014819055e-06
2.547271321102113689e+03 2.957515340194725052e-06
2.548939475208924705e+03 8.428588310490447556e-07
2.550607629315737540e+03 2.559180923007803222e-06
2.552275783422548102e+03 6.147525183864879496e-07
2.553943937529359118e+03 2.320100465182786662e-06
2.555612091636169680e+03 4.930107841334084607e-07
2.557280245742982515e+03 2.196268799333979211e-06
2.558948399849793987e+03 4.135644398022841050e-07
2.560616553956609096e+03 2.067295037296860258e-06
2.562284708063422840e+03 3.427570472440455595e-07
2.563952862170233402e+03 1.957162931280450890e-06
2.565621016277044419e+03 2.946639752937059077e-07
2.567289170383854980e+03 1.863019223026446013e-06
2.568957324490667816e+03 2.607241198527310247e-07
2.570625478597478832e+03 1.767236734715867618e-06
2.572293632704294396e+03 1.808788430890136345e-07
2.573961786811105412e+03 1.599542262642841561e-06
2.575629940917918702e+03 2.265966150901282633e-08
2.577298095024729719e+03 1.418557137557539859e-06
2.578966249131539826e+03 -8.686506672205423361e-08
2.580634403238353116e+03 1.293008341745820795e-06
2.582302557345164132e+03 -1.574828677460100560e-07
2.583970711451979696e+03 1.174386061270054301e-06
2.585638865558790712e+03 -2.363641401315129987e-07
2.587307019665603548e+03 1.059416112137254672e-06
2.588975173772414109e+03 -3.053160576433029159e-07
2.590643327879225126e+03 9.801868523180927480e-07
2.592311481986035687e+03 -3.155580812943178782e-07
2.593979636092849432e+03 9.616286529389936163e-07
2.595647790199664996e+03 -2.840058753828419304e-07
2.597315944306476013e+03 9.635784649760290671e-07
2.598984098413288848e+03 -2.854825130802328100e-07
2.600652252520099410e+03 8.844396092912649398e-07
2.602320406626910426e+03 -3.482159335783067101e-07
2.603988560733720988e+03 7.910691707425390544e-07
2.605656714840534733e+03 -3.979193285492605295e-07
2.607324868947350296e+03 7.498265940830640919e-07
2.608993023054160403e+03 -3.920397459854773955e-07
2.610661177160974148e+03 7.210236391212115255e-07
2.612329331267784710e+03 -4.032415740395729510e-07
2.613997485374595726e+03 6.897900083699614529e-07
2.615665639481406288e+03 -4.043558167278230312e-07
2.617333793588219123e+03 6.766676937477221783e-07
2.619001947695030140e+03 -3.790301299121381939e-07
2.620670101801845703e+03 6.553054755767028650e-07
2.622338255908659448e+03 -4.005156317092261091e-07
2.624006410015470010e+03 6.019153795846198095e-07
2.625674564122281026e+03 -4.254279097006819100e-07
2.627342718229091588e+03 5.710785759819007308e-07
2.629010872335903969e+03 -4.218330731187122395e-07
2.630679026442715440e+03 5.544024632929197449e-07
2.632347180549531458e+03 -4.337120668701796188e-07
2.634015334656342475e+03 5.163687666656424641e-07
2.635683488763155310e+03 -4.416260888266721959e-07
2.637351642869965417e+03 4.946689483852681887e-07
2.639019796976776433e+03 -4.397910825519043844e-07
2.640687951083589269e+03 4.698528213635184875e-07
2.642356105190400285e+03 -4.564030704593700579e-07
2.644024259297216304e+03 4.275278292731317331e-07
2.645692413404027320e+03 -4.737380349516680068e-07
2.647360567510840156e+03 4.135121314463860482e-07
2.649028721617650717e+03 -4.562782177097985725e-07
2.650696875724461734e+03 4.131735401563055475e-07
2.652365029831272295e+03 -4.474600286935814478e-07
2.654033183938085585e+03 3.933818842781283482e-07
2.655701338044901604e+03 -4.643033880286062116e-07
2.657369492151712620e+03 3.513162164607852716e-07
2.659037646258525456e+03 -4.910807541887328203e-07
2.660705800365336017e+03 3.159679120732106847e-07
2.662373954472147034e+03 -5.052901012651194490e-07
2.664042108578957595e+03 2.954324574227254092e-07
2.665710262685770886e+03 -5.061085700594953538e-07
2.667378416792581447e+03 2.798184441917906467e-07
2.669046570899397466e+03 -5.072334359576807978e-07
2.670714725006210756e+03 2.712134948431899323e-07
2.672382879113021318e+03 -4.881972270787686016e-07
2.674051033219832334e+03 2.821097210445098046e-07
2.675719187326642896e+03 -4.614011489424841084e-07
2.677387341433455276e+03 2.887547974648284132e-07
2.679055495540266747e+03 -4.486353183419953053e-07
2.680723649647082766e+03 2.918477198332974017e-07
2.682391803753896056e+03 -4.272988749611345451e-07
2.684059957860706618e+03 3.080827318966505461e-07
2.685728111967517179e+03 -3.983071199589109674e-07
2.687396266074328196e+03 3.160353680523859658e-07
2.689064420181140576e+03 -3.908330447474936494e-07
2.690732574287952048e+03 2.976380108786150914e-07
2.692400728394767611e+03 -4.013941342130059533e-07
2.694068882501579083e+03 2.800536374351048184e-07
2.695737036608391463e+03 -4.006863063558105001e-07
2.697405190715202025e+03 2.731902226226708447e-07
2.699073344822013041e+03 -3.993789985228073549e-07
2.700741498928823603e+03 2.595446155043198355e-07
2.702409653035636893e+03 -4.056718567393950857e-07
2.704077807142452912e+03 2.392575097088426484e-07
2.705745961249263928e+03 -4.116435731016190088e-07
2.707414115356076763e+03 2.258894528896831378e-07
2.709082269462887325e+03 -4.208818506870482576e-07
2.710750423569698341e+03 2.049041844898299671e-07
2.712418577676508903e+03 -4.262716583354848660e-07
2.714086731783321738e+03 1.968554269551513114e-07
2.715754885890138212e+03 -4.151091388828710296e-07
2.717423039996949228e+03 2.072316278547293360e-07
2.719091194103762064e+03 -3.959649618841306112e-07
2.720759348210572625e+03 2.060242351730476644e-07
2.722427502317383642e+03 -3.995137866096447950e-07
2.724095656424194203e+03 1.894418381162641439e-07
2.725763810531007039e+03 -4.060828933116960607e-07
2.727431964637818055e+03 1.767636486473575832e-07
2.729100118744634074e+03 -4.070483518104553473e-07
2.730768272851447364e+03 1.660958808700012733e-07
2.732436426958257925e+03 -4.089485345668135852e-07
2.734104581065068942e+03 1.588113441454599446e-07
2.735772735171879503e+03 -3.986369894887464391e-07
2.737440889278691884e+03 1.705917889504681061e-07
2.739109043385502900e+03 -3.748887389221171955e-07
2.740777197492319374e+03 1.826677528544803044e-07
2.742445351599132664e+03 -3.624632507560766053e-07
2.744113505705942771e+03 1.816902446918913119e-07
2.745781659812753787e+03 -3.594401403477150976e-07
2.747449813919564349e+03 1.772059648488179704e-07
