1.999899999999999636e+03 5.470226395765826926e-06
2.000800000000001546e+03 4.090436175164408546e-06
2.001600000000000364e+03 5.344907374464551962e-06
2.002399999999999636e+03 3.955166417584494548e-06
2.003300000000001546e+03 5.308249723113529001e-06
2.004100000000000364e+03 4.013001814407462199e-06
2.004899999999999636e+03 5.437648694036424181e-06
2.005800000000001546e+03 4.199587481923781121e-06
2.006600000000000364e+03 5.696133358557463370e-06
2.007399999999999636e+03 4.495338794636222419e-06
2.008300000000001546e+03 5.997846757212260189e-06
2.009100000000000364e+03 4.730448832481983514e-06
2.009899999999999636e+03 6.165161010449891897e-06
2.010800000000001546e+03 4.842738267091822003e-06
2.011600000000000364e+03 6.312691823766529472e-06
2.012399999999999636e+03 5.056106260338518426e-06
2.013300000000001546e+03 6.549977823505764739e-06
2.014100000000000364e+03 5.161575183522893056e-06
2.014899999999999636e+03 6.459072177505590468e-06
2.015800000000001546e+03 4.905398650344420165e-06
2.016600000000000364e+03 6.093396903164767666e-06
2.017399999999999636e+03 4.639589678317580233e-06
2.018300000000001546e+03 6.051631496074844374e-06
2.019100000000000364e+03 4.748152835490664829e-06
2.019899999999999636e+03 6.249129348574426582e-06
2.020800000000001546e+03 4.949979058134907879e-06
2.021600000000000364e+03 6.420387299926174792e-06
2.022399999999999636e+03 5.063319806229973188e-06
2.023300000000001546e+03 6.542086285723531860e-06
2.024100000000000364e+03 5.145377113009786821e-06
2.024899999999999636e+03 6.479238253385886510e-06
2.025800000000001546e+03 4.958055418961750719e-06
2.026600000000000364e+03 6.197870907409808951e-06
2.027399999999999636e+03 4.581306283682160210e-06
2.028300000000001546e+03 5.835930776670500418e-06
2.029100000000000364e+03 4.261567407524002560e-06
2.029899999999999636e+03 5.554789755878148653e-06
2.030800000000001546e+03 3.991407097411225426e-06
2.031600000000000364e+03 5.329823011782097628e-06
2.032399999999999636e+03 3.825238894467028640e-06
2.033300000000001546e+03 5.241695545324035391e-06
2.034100000000000364e+03 3.761408127225440828e-06
2.034899999999999636e+03 5.220665441459413036e-06
2.035800000000001546e+03 3.709590213348025077e-06
2.036600000000000364e+03 5.116888113364083195e-06
2.037399999999999636e+03 3.554886248338980606e-06
2.038300000000001546e+03 4.927278582579662601e-06
2.039100000000000364e+03 3.340603147798756645e-06
2.039899999999999636e+03 4.726230562228519606e-06
2.040800000000001546e+03 3.181372350930971808e-06
2.041600000000000364e+03 4.608864739275979564e-06
2.042500000000000000e+03 3.026504706948285228e-06
2.043300000000001546e+03 4.399517282695507844e-06
2.044100000000000364e+03 2.722339329839999197e-06
2.045000000000000000e+03 4.015507371943396161e-06
2.045800000000001546e+03 2.340074388330130772e-06
2.046600000000000364e+03 3.715147365706762162e-06
2.047500000000000000e+03 2.123502194077008630e-06
2.048300000000001546e+03 3.638287659614585277e-06
2.049100000000000364e+03 2.149710673291020195e-06
2.050000000000000000e+03 3.689143761203227976e-06
2.050800000000001546e+03 2.122083052423311823e-06
2.051600000000000364e+03 3.544203782432216184e-06
2.052500000000000000e+03 1.870107618410499268e-06
2.053300000000001546e+03 3.274317780033950617e-06
2.054100000000000364e+03 1.650345376490314299e-06
2.055000000000000000e+03 3.158063169402666339e-06
2.055800000000001546e+03 1.578267231659034009e-06
2.056600000000000364e+03 3.103213393405854968e-06
2.057500000000000000e+03 1.475253694703224578e-06
2.058300000000001546e+03 2.952455341068932596e-06
2.059100000000000364e+03 1.271762521077503025e-06
2.060000000000000000e+03 2.728643912051515760e-06
2.060800000000001546e+03 1.036815914307100150e-06
2.061600000000000364e+03 2.544466328465864932e-06
2.062500000000000000e+03 8.924113462498487732e-07
2.063300000000001546e+03 2.439813152596026784e-06
2.064100000000000364e+03 7.778758606383744194e-07
2.065000000000000000e+03 2.284832721504747068e-06
2.065800000000001546e+03 5.717771606492364836e-07
2.066600000000000364e+03 2.077354731990045156e-06
2.067500000000000000e+03 3.735020643965873099e-07
2.068300000000001546e+03 1.934712671152299693e-06
2.069100000000000364e+03 2.697163077596001483e-07
2.070000000000000000e+03 1.882682027494117214e-06
2.070800000000001546e+03 2.203875240251676468e-07
2.071600000000000364e+03 1.836018077595737659e-06
2.072500000000000000e+03 1.627508424666456263e-07
2.073300000000001546e+03 1.788656865846637846e-06
2.074100000000000364e+03 1.160494169583482530e-07
2.075000000000000000e+03 1.770259230218112609e-06
2.075800000000001546e+03 9.337055813346702864e-08
2.076600000000000364e+03 1.738206282881566333e-06
2.077500000000000000e+03 2.355992237928328699e-08
2.078300000000001546e+03 1.657792726821983972e-06
2.079100000000000364e+03 -6.863926678267830435e-08
2.080000000000000000e+03 1.587797730766653003e-06
2.080800000000001546e+03 -1.317625984279707131e-07
2.081600000000000364e+03 1.559666489000062639e-06
2.082500000000000000e+03 -1.533695120197785166e-07
2.083300000000001546e+03 1.556181609954291369e-06
2.084199999999998454e+03 -1.728189172663718745e-07
2.085000000000000000e+03 1.530397114480698085e-06
2.085800000000001546e+03 -2.210662338293771548e-07
2.086699999999998454e+03 1.492012940825072349e-06
2.087500000000000000e+03 -2.626966546846409308e-07
2.088300000000001546e+03 1.486817918279587246e-06
2.089199999999998454e+03 -2.628339242277617847e-07
2.090000000000000000e+03 1.497709378966307471e-06
2.090800000000001546e+03 -2.749429621261228321e-07
2.091699999999998454e+03 1.479384308123470100e-06
2.092500000000000000e+03 -3.234292552791419601e-07
2.093300000000001546e+03 1.437937027248734599e-06
2.094199999999998454e+03 -3.606884334689199436e-07
2.095000000000000000e+03 1.452800919113342045e-06
2.095800000000001546e+03 -3.247298618893671200e-07
2.096699999999998454e+03 1.527052338620697978e-06
2.097500000000000000e+03 -2.596216252107258723e-07
2.098300000000001546e+03 1.587779386293637991e-06
2.099199999999998454e+03 -2.408933395457046530e-07
2.100000000000000000e+03 1.608069860838149948e-06
2.100800000000001546e+03 -2.334763881542720664e-07
2.101699999999998454e+03 1.638800488980102413e-06
2.102500000000000000e+03 -2.143117354032209936e-07
2.103300000000001546e+03 1.655637009955035548e-06
2.104199999999998454e+03 -2.364626369894143096e-07
2.105000000000000000e+03 1.624496103542459401e-06
2.105800000000001546e+03 -2.903595250356762186e-07
2.106699999999998454e+03 1.606384846622218616e-06
2.107500000000000000e+03 -2.928839889474036253e-07
2.108300000000001546e+03 1.651429898429661922e-06
2.109199999999998454e+03 -2.470170882223272716e-07
2.110000000000000000e+03 1.708418987037642752e-06
2.110800000000001546e+03 -2.211157830773188216e-07
2.111699999999998454e+03 1.728646032674558156e-06
2.112500000000000000e+03 -2.186807608664548577e-07
2.113300000000001546e+03 1.766571396186176522e-06
2.114199999999998454e+03 -1.644241459676410028e-07
2.115000000000000000e+03 1.877349272662046899e-06
2.115800000000001546e+03 -5.901344252158860421e-08
2.116699999999998454e+03 1.998667123111046743e-06
2.117500000000000000e+03 3.189760105055604226e-08
2.118300000000001546e+03 2.094780163433733362e-06
2.119199999999998454e+03 1.021531976979483341e-07
2.120000000000000000e+03 2.161157275742249756e-06
2.120800000000001546e+03 1.185950018038713390e-07
2.121699999999998454e+03 2.150885428553084242e-06
2.122500000000000000e+03 6.823482899562608429e-08
2.123300000000001546e+03 2.138595457960515123e-06
2.124199999999998454e+03 6.714695216616798239e-08
2.125000000000000000e+03 2.204633478469639250e-06
2.125800000000001546e+03 1.298478981886477499e-07
2.126699999999998454e+03 2.274235499554569722e-06
2.127500000000000000e+03 1.745992896888771822e-07
2.128399999999999181e+03 2.350129311299562814e-06
2.129199999999998454e+03 2.666655062113070810e-07
2.130000000000000000e+03 2.509523247416845680e-06
2.130899999999999181e+03 4.376667341001569199e-07
2.131699999999998454e+03 2.709378513437851379e-06
2.132500000000000000e+03 5.833453175450381186e-07
2.133399999999999181e+03 2.851823015869809776e-06
2.134199999999998454e+03 6.862217832763525681e-07
2.135000000000000000e+03 2.930038540478021716e-06
2.135899999999999181e+03 6.889592413936840223e-07
2.136699999999998454e+03 2.897861528313615240e-06
2.137500000000000000e+03 6.153023150244378443e-07
2.138399999999999181e+03 2.896280730536273386e-06
2.139199999999998454e+03 6.760034160103203241e-07
2.140000000000000000e+03 3.068307133515284718e-06
2.140899999999999181e+03 8.417941525007631215e-07
2.141699999999998454e+03 3.228427940454326453e-06
2.142500000000000000e+03 9.736465892668515903e-07
2.143399999999999181e+03 3.435275623792158915e-06
2.144199999999998454e+03 1.230385620178247114e-06
2.145000000000000000e+03 3.780220764413227323e-06
2.145899999999999181e+03 1.539988001610297048e-06
2.146699999999998454e+03 4.074702573486806823e-06
2.147500000000000000e+03 1.729098532980909959e-06
2.148399999999999181e+03 4.265601935569374070e-06
2.149199999999998454e+03 1.925936870275146981e-06
2.150000000000000000e+03 4.544074969259502497e-06
2.150899999999999181e+03 2.215934334909090885e-06
2.151699999999998454e+03 4.879579482164174199e-06
2.152500000000000000e+03 2.502620337907093887e-06
2.153399999999999181e+03 5.126173920338853402e-06
2.154199999999998454e+03 2.630349862626292212e-06
2.155000000000000000e+03 5.274430282353071502e-06
2.155899999999999181e+03 2.761050002062190243e-06
2.156699999999998454e+03 5.494015971115400464e-06
2.157500000000000000e+03 3.024784223445881403e-06
2.158399999999999181e+03 5.827812630108907892e-06
2.159199999999998454e+03 3.319604433508967950e-06
2.160000000000000000e+03 6.117851044234057420e-06
2.160899999999999181e+03 3.545780613837014113e-06
2.161699999999998454e+03 6.461540497413959968e-06
2.162500000000000000e+03 4.007343955849838363e-06
2.163399999999999181e+03 7.194550860624638255e-06
2.164199999999998454e+03 4.894313944682055132e-06
2.165000000000000000e+03 8.178148225833854404e-06
2.165899999999999181e+03 5.846693521957553773e-06
2.166699999999998454e+03 9.105779505936283756e-06
2.167500000000000000e+03 6.693621581813523474e-06
2.168399999999999181e+03 1.005107228275496580e-05
2.169199999999998454e+03 7.580919183101928072e-06
2.170100000000000819e+03 1.100153958919432203e-05
2.170899999999999181e+03 8.531808015783383666e-06
2.171699999999998454e+03 1.220983783585328712e-05
2.172600000000000819e+03 9.944905109432039390e-06
2.173399999999999181e+03 1.390529775830331932e-05
2.174199999999998454e+03 1.164800073532992434e-05
2.175100000000000819e+03 1.544330882067846263e-05
2.175899999999999181e+03 1.286588613411767725e-05
2.176699999999998454e+03 1.647349700909758367e-05
2.177600000000000819e+03 1.373457325100561522e-05
2.178399999999999181e+03 1.743959565751974501e-05
2.179199999999998454e+03 1.490665950330514456e-05
2.180100000000000819e+03 1.902862316209361765e-05
2.180899999999999181e+03 1.678425938923319022e-05
2.181699999999998454e+03 2.158476437592981903e-05
2.182600000000000819e+03 1.970649292165133548e-05
2.183399999999999181e+03 2.492018587681595518e-05
2.184199999999998454e+03 2.331577777111026206e-05
2.185100000000000819e+03 2.847639914119567050e-05
2.185899999999999181e+03 2.660712246130655882e-05
2.186699999999998454e+03 3.177144792755134424e-05
2.187600000000000819e+03 2.959619270945172456e-05
2.188399999999999181e+03 3.455764929286981706e-05
2.189199999999998454e+03 3.215383235272878290e-05
2.190100000000000819e+03 3.705033875941407426e-05
2.190899999999999181e+03 3.423853098874923308e-05
2.191699999999998454e+03 3.920574823249067028e-05
2.192600000000000819e+03 3.666471182468208380e-05
2.193399999999999181e+03 4.222998665332671278e-05
2.194199999999998454e+03 4.003707016988257574e-05
2.195100000000000819e+03 4.680513458173180273e-05
2.195899999999999181e+03 4.591440629956473343e-05
2.196699999999998454e+03 5.389805812616224725e-05
2.197600000000000819e+03 5.344588405395199286e-05
2.198399999999999181e+03 6.145423580450406771e-05
2.199199999999998454e+03 6.000932132307893781e-05
2.200100000000000819e+03 6.724831942714652126e-05
2.200899999999999181e+03 6.524687462028994805e-05
2.201699999999998454e+03 7.306661610151380856e-05
2.202600000000000819e+03 7.268193250238512795e-05
2.203399999999999181e+03 8.346488976285828002e-05
2.204199999999998454e+03 8.643799007301781871e-05
2.205100000000000819e+03 1.009914240426882200e-04
2.205899999999999181e+03 1.058133662813911206e-04
2.206699999999998454e+03 1.206784150046567237e-04
2.207600000000000819e+03 1.227368532796577314e-04
2.208399999999999181e+03 1.352037571407855058e-04
2.209199999999998454e+03 1.368348551326040890e-04
2.210100000000000819e+03 1.510991273225877735e-04
2.210899999999999181e+03 1.553160853678017372e-04
2.211800000000001546e+03 1.724290889515227006e-04
2.212600000000000819e+03 1.785757863986218302e-04
2.213399999999999181e+03 1.986877312096254180e-04
2.214300000000001546e+03 2.072312976690273887e-04
2.215100000000000819e+03 2.326556134625362910e-04
2.215899999999999181e+03 2.444089338499251724e-04
2.216800000000001546e+03 2.745485063766392973e-04
2.217600000000000819e+03 2.919200943130447162e-04
2.218399999999999181e+03 3.297145014245074870e-04
2.219300000000001546e+03 3.559799460115227270e-04
2.220100000000000819e+03 4.050211412940441023e-04
2.220899999999999181e+03 4.413636907889439054e-04
2.221800000000001546e+03 5.014689765125343850e-04
2.222600000000000819e+03 5.436467210814930782e-04
2.223399999999999181e+03 6.136739538296744415e-04
2.224300000000001546e+03 6.655425381163370584e-04
2.225100000000000819e+03 7.586844348726524577e-04
2.225899999999999181e+03 8.479188927705218117e-04
2.226800000000001546e+03 9.960044032874149512e-04
2.227600000000000819e+03 1.153882226552924595e-03
2.228399999999999181e+03 1.374561278960063438e-03
2.229300000000001546e+03 1.637458070192644938e-03
2.230100000000000819e+03 2.005681884326535654e-03
2.230899999999999181e+03 2.482080246317156565e-03
2.231800000000001546e+03 3.219555826135878703e-03
2.232600000000000819e+03 4.290979481219971310e-03
2.233399999999999181e+03 5.905752875241336228e-03
2.234300000000001546e+03 8.617959081771889296e-03
2.235100000000000819e+03 1.300088337546134211e-02
2.235899999999999181e+03 1.954725235193907271e-02
2.236800000000001546e+03 2.844310871537326577e-02
2.237600000000000819e+03 3.877616364351064993e-02
2.238399999999999181e+03 4.794036824670784569e-02
2.239300000000001546e+03 5.329671638479272638e-02
2.240100000000000819e+03 5.308009955893253778e-02
2.240899999999999181e+03 4.749033039664350697e-02
2.241800000000001546e+03 3.827281774645726470e-02
2.242600000000000819e+03 2.834265372007994596e-02
2.243399999999999181e+03 1.979819152154515399e-02
2.244300000000001546e+03 1.339716035100458301e-02
2.245100000000000819e+03 8.987056489458558964e-03
2.245899999999999181e+03 6.233126688015313416e-03
2.246800000000001546e+03 4.429021144862758941e-03
2.247600000000000819e+03 3.338312655939538326e-03
2.248399999999999181e+03 2.547416979107426475e-03
2.249300000000001546e+03 2.055659169971883402e-03
2.250100000000000819e+03 1.660029836958843309e-03
2.250899999999999181e+03 1.375323483550568637e-03
2.251800000000001546e+03 1.150207845134533415e-03
2.252600000000000819e+03 9.899953488835180199e-04
2.253500000000000000e+03 8.625146479352349682e-04
2.254300000000001546e+03 7.804178096423993946e-04
2.255100000000000819e+03 6.988312782304311171e-04
2.256000000000000000e+03 6.455774383328373011e-04
2.256800000000001546e+03 5.833806513137826258e-04
2.257600000000000819e+03 5.441280403896864466e-04
2.258500000000000000e+03 4.951398688974549805e-04
2.259300000000001546e+03 4.681962341010335220e-04
2.260100000000001273e+03 4.327102888631823388e-04
2.261000000000000000e+03 4.088706711133503649e-04
2.261800000000001546e+03 3.775594982433990885e-04
2.262600000000001273e+03 3.556060228505742533e-04
2.263500000000000000e+03 3.269202250204863145e-04
2.264300000000001546e+03 3.075265142550291544e-04
2.265100000000001273e+03 2.817966555632274656e-04
2.266000000000000000e+03 2.659216130407124497e-04
2.266800000000001546e+03 2.458884337778083112e-04
2.267600000000001273e+03 2.377757707262571137e-04
2.268500000000000000e+03 2.256792302067195236e-04
2.269300000000001546e+03 2.219147757731680388e-04
2.270100000000001273e+03 2.125691889535417142e-04
2.271000000000000000e+03 2.099891495518544325e-04
2.271800000000001546e+03 2.023404992029636791e-04
2.272600000000001273e+03 2.017873852464167558e-04
2.273500000000000000e+03 1.959909284108688800e-04
2.274300000000001546e+03 1.933786424004002536e-04
2.275100000000001273e+03 1.844574111686169890e-04
2.276000000000000000e+03 1.782191334847913855e-04
2.276800000000001546e+03 1.664618136717541780e-04
2.277600000000001273e+03 1.611501797734799977e-04
2.278500000000000000e+03 1.519257524138256817e-04
2.279300000000001546e+03 1.500212655838029346e-04
2.280100000000001273e+03 1.444394225559806342e-04
2.281000000000000000e+03 1.426272530469154139e-04
2.281800000000001546e+03 1.365993550681248836e-04
2.282600000000001273e+03 1.322793176111177838e-04
2.283500000000000000e+03 1.243251210586238456e-04
2.284300000000001546e+03 1.191450715694911767e-04
2.285100000000001273e+03 1.119310761558156721e-04
2.286000000000000000e+03 1.093248190316137693e-04
2.286800000000001546e+03 1.049198119587865590e-04
2.287600000000001273e+03 1.043565506991482041e-04
2.288500000000000000e+03 1.005248596403579228e-04
2.289300000000001546e+03 9.850655444487965142e-05
2.290100000000001273e+03 9.338007081695131944e-05
2.291000000000000000e+03 9.018722355193241368e-05
2.291800000000001546e+03 8.569085108755816413e-05
2.292600000000001273e+03 8.398830219967299670e-05
2.293500000000000000e+03 8.067305598326204429e-05
2.294300000000001546e+03 7.882310347040646502e-05
2.295199999999998454e+03 7.519279175628714124e-05
2.296000000000000000e+03 7.222316202210344606e-05
2.296800000000001546e+03 6.725689670777253702e-05
2.297699999999998454e+03 6.374139164693428295e-05
2.298500000000000000e+03 5.844987089329884447e-05
2.299300000000001546e+03 5.503510805923230202e-05
2.300199999999998454e+03 5.044775130560626288e-05
2.301000000000000000e+03 4.756147389883792417e-05
2.301800000000001546e+03 4.410850947646516475e-05
2.302699999999998454e+03 4.147135609501446094e-05
2.303500000000000000e+03 3.836758397192959711e-05
2.304300000000001546e+03 3.589897375483768930e-05
2.305199999999998454e+03 3.298679669888489568e-05
2.306000000000000000e+03 3.097998605103860709e-05
2.306800000000001546e+03 2.850355705926877067e-05
2.307699999999998454e+03 2.670427105539423539e-05
2.308500000000000000e+03 2.426377601064109266e-05
2.309300000000001546e+03 2.218408154854054372e-05
2.310199999999998454e+03 2.011896066297157539e-05
2.311000000000000000e+03 1.817641291865550589e-05
2.311800000000001546e+03 1.660401453013094934e-05
2.312699999999998454e+03 1.519232271566394310e-05
2.313500000000000000e+03 1.387970526831395309e-05
2.314300000000001546e+03 1.251191756206561327e-05
2.315199999999998454e+03 1.111640666355046312e-05
2.316000000000000000e+03 9.508800008919224237e-06
2.316800000000001546e+03 8.037514580702710890e-06
2.317699999999998454e+03 6.430979993601031371e-06
2.318500000000000000e+03 5.394577292680237958e-06
2.319300000000001546e+03 4.185871137658242679e-06
2.320199999999998454e+03 3.674929769395858361e-06
2.321000000000000000e+03 2.751121279151170408e-06
2.321800000000001546e+03 2.540834255021276354e-06
2.322699999999998454e+03 1.752183710314490756e-06
2.323500000000000000e+03 1.748122838944807533e-06
2.324300000000001546e+03 1.111635477017634297e-06
2.325199999999998454e+03 1.384468583459346500e-06
2.326000000000000000e+03 9.128629546789531869e-07
2.326800000000001546e+03 1.500748611928014517e-06
2.327699999999998454e+03 1.189082262436574761e-06
2.328500000000000000e+03 2.040984781471489225e-06
2.329300000000001546e+03 1.911132090582683651e-06
2.330199999999998454e+03 3.041321256851271952e-06
2.331000000000000000e+03 3.062487109816204803e-06
2.331800000000001546e+03 4.486761613169510303e-06
2.332699999999998454e+03 4.660742314007074505e-06
2.333500000000000000e+03 6.281184084083929496e-06
2.334300000000001546e+03 6.591240879597078869e-06
2.335199999999998454e+03 8.395364469744712090e-06
2.336000000000000000e+03 8.746402817973815327e-06
2.336899999999998727e+03 1.076017673029874427e-05
2.337699999999998454e+03 1.117897014171119261e-05
2.338500000000000000e+03 1.321062416398574886e-05
2.339399999999998727e+03 1.350214990170861880e-05
2.340199999999998454e+03 1.563456023137739515e-05
2.341000000000000000e+03 1.606265293543127065e-05
2.341899999999998727e+03 1.857973124663683348e-05
2.342699999999997999e+03 1.936878112242602018e-05
2.343500000000000000e+03 2.197495376289278741e-05
2.344399999999998727e+03 2.226769208680851893e-05
2.345199999999997999e+03 2.431212939726078655e-05
2.346000000000000000e+03 2.391602700821567740e-05
2.346899999999998727e+03 2.573536996645122273e-05
2.347699999999997999e+03 2.534058038061193184e-05
2.348500000000000000e+03 2.748929825267601570e-05
2.349399999999998727e+03 2.712959324822623690e-05
2.350199999999997999e+03 2.934212691447555632e-05
2.351000000000000000e+03 2.896257692522414816e-05
2.351899999999998727e+03 3.135232695987297475e-05
2.352699999999997999e+03 3.103438385888404512e-05
2.353500000000000000e+03 3.318278673486195143e-05
2.354399999999998727e+03 3.212606410908049514e-05
2.355199999999997999e+03 3.346467303044466579e-05
2.356000000000000000e+03 3.141024690653733577e-05
2.356899999999998727e+03 3.257323956029240132e-05
2.357699999999997999e+03 3.059249452457372400e-05
2.358500000000000000e+03 3.219444304961188751e-05
2.359399999999998727e+03 3.040405355324691557e-05
2.360199999999997999e+03 3.203795256430289306e-05
2.361000000000000000e+03 3.021679284217674124e-05
2.361899999999998727e+03 3.174596861139188103e-05
2.362699999999997999e+03 3.000138080197677356e-05
2.363500000000000000e+03 3.202374458816054586e-05
2.364399999999998727e+03 3.070045792919870502e-05
2.365199999999997999e+03 3.328011655912176998e-05
2.366000000000000000e+03 3.197608111899174582e-05
2.366899999999998727e+03 3.449045401706481910e-05
2.367699999999997999e+03 3.271729589736684232e-05
2.368500000000000000e+03 3.479770414125975053e-05
2.369399999999998727e+03 3.273413347934642687e-05
2.370199999999997999e+03 3.498117475199257625e-05
2.371000000000000000e+03 3.312241523943444975e-05
2.371899999999998727e+03 3.599480868964415433e-05
2.372699999999997999e+03 3.458829927143670826e-05
2.373500000000000000e+03 3.773179468165418961e-05
2.374399999999998727e+03 3.622364392612557795e-05
2.375199999999997999e+03 3.906649781681513620e-05
2.376000000000000000e+03 3.682907334493255381e-05
2.376899999999998727e+03 3.911287925521846607e-05
2.377699999999997999e+03 3.642917143541530867e-05
2.378500000000000000e+03 3.910084924729303498e-05
2.379399999999998727e+03 3.691880756577094977e-05
2.380199999999997999e+03 4.144580868945965614e-05
2.381100000000001273e+03 4.037906568450834325e-05
2.381899999999998727e+03 4.587601710183720496e-05
2.382699999999997999e+03 4.534925341075403957e-05
2.383600000000001273e+03 5.108943237787066092e-05
2.384399999999998727e+03 5.065314693300890263e-05
2.385199999999997999e+03 5.697429945910176252e-05
2.386100000000001273e+03 5.672128078647717322e-05
2.386899999999998727e+03 6.271292578968610176e-05
2.387699999999997999e+03 6.118378604835489202e-05
2.388600000000001273e+03 6.704453910496233559e-05
2.389399999999998727e+03 6.510040970348824111e-05
2.390199999999997999e+03 7.129245270469456710e-05
2.391100000000001273e+03 6.933256259138650154e-05
2.391899999999998727e+03 7.563066606388375455e-05
2.392699999999997999e+03 7.317261542456131155e-05
2.393600000000001273e+03 8.008627545656301435e-05
2.394399999999998727e+03 7.908655985069876747e-05
2.395199999999997999e+03 8.848114095664173979e-05
2.396100000000001273e+03 8.943236997187501542e-05
2.396899999999998727e+03 1.001417877106062040e-04
2.397699999999997999e+03 1.020166123540910253e-04
2.398600000000001273e+03 1.156104254558185378e-04
2.399399999999998727e+03 1.202259279195465747e-04
2.400199999999997999e+03 1.385104822668480659e-04
2.401100000000001273e+03 1.452947245207104573e-04
2.401899999999998727e+03 1.629617212735590950e-04
2.402699999999997999e+03 1.665644369507047172e-04
2.403600000000001273e+03 1.816488789606112374e-04
2.404399999999998727e+03 1.845111522112753179e-04
2.405199999999997999e+03 2.033389108638542690e-04
2.406100000000001273e+03 2.152131563647040498e-04
2.406899999999998727e+03 2.491743982489144876e-04
2.407699999999997999e+03 2.724254757247621225e-04
2.408600000000001273e+03 3.190441990602103082e-04
2.409399999999998727e+03 3.481360608900934523e-04
2.410199999999997999e+03 3.951796124727795841e-04
2.411100000000001273e+03 4.216179281018072114e-04
2.411899999999998727e+03 4.727786537124358869e-04
2.412699999999997999e+03 5.111272457010322201e-04
2.413600000000001273e+03 6.022984700908101631e-04
2.414399999999998727e+03 7.008246779116448534e-04
2.415199999999997999e+03 8.744294988444708573e-04
2.416100000000001273e+03 1.064686110256312561e-03
2.416899999999998727e+03 1.343158780362290307e-03
2.417699999999997999e+03 1.664635654862943633e-03
2.418600000000001273e+03 2.160766356674950154e-03
2.419399999999998727e+03 2.854681283084203620e-03
2.420199999999997999e+03 4.031475260636543240e-03
2.421100000000001273e+03 5.853388494386696679e-03
2.421899999999998727e+03 9.425761752103105004e-03
2.422800000000002001e+03 1.625921214586835070e-02
2.423600000000001273e+03 2.751468667279799440e-02
2.424399999999998727e+03 4.415001670575561393e-02
2.425300000000002001e+03 6.460456355585314503e-02
2.426100000000001273e+03 8.303626040859925228e-02
2.426899999999998727e+03 9.323598572367590431e-02
2.427800000000002001e+03 9.164065780158170416e-02
2.428600000000001273e+03 7.872976811382931261e-02
2.429399999999998727e+03 5.900242922715872446e-02
2.430300000000002001e+03 3.910288366587697656e-02
2.431100000000001273e+03 2.384603335742170940e-02
2.431899999999998727e+03 1.379002657669118129e-02
2.432800000000002001e+03 8.017283690989739434e-03
2.433600000000001273e+03 5.210324480228670750e-03
2.434399999999998727e+03 3.697139141923968999e-03
2.435300000000002001e+03 2.724360163597973599e-03
2.436100000000001273e+03 2.130929021736075769e-03
2.436899999999998727e+03 1.636921023350210386e-03
2.437800000000002001e+03 1.325682347978309914e-03
2.438600000000001273e+03 1.081236516947795727e-03
2.439399999999998727e+03 9.255496286321140400e-04
2.440300000000002001e+03 7.958137143616203458e-04
2.441100000000001273e+03 7.189061209315976940e-04
2.441899999999998727e+03 6.297768314017280307e-04
2.442800000000002001e+03 5.726629838506912783e-04
2.443600000000001273e+03 5.071196361039921737e-04
2.444399999999998727e+03 4.696031394954334028e-04
2.445300000000002001e+03 4.160018123098958246e-04
2.446100000000001273e+03 3.839463165789908051e-04
2.446899999999998727e+03 3.341943605578575564e-04
2.447800000000002001e+03 3.010386856319878708e-04
2.448600000000001273e+03 2.578330919767114131e-04
2.449399999999998727e+03 2.408961655861422020e-04
2.450300000000002001e+03 2.157673643790112129e-04
2.451100000000001273e+03 2.111747941592073165e-04
2.451899999999998727e+03 1.948893940386183139e-04
2.452800000000002001e+03 1.902938126809915556e-04
2.453600000000001273e+03 1.717325113000655072e-04
2.454399999999998727e+03 1.638889269618875927e-04
2.455300000000002001e+03 1.425733897077703183e-04
2.456100000000001273e+03 1.352015277088848045e-04
2.456899999999998727e+03 1.191498774908901514e-04
2.457800000000002001e+03 1.169028924085216322e-04
2.458600000000001273e+03 1.059197338160230696e-04
2.459399999999998727e+03 1.067310186309167202e-04
2.460300000000002001e+03 9.639980244698441285e-05
2.461100000000001273e+03 9.449660567963151471e-05
2.461899999999998727e+03 8.220085971810807033e-05
2.462800000000002001e+03 7.986066418684453208e-05
2.463600000000001273e+03 6.884183901389178295e-05
2.464500000000000000e+03 6.899132432338560229e-05
2.465300000000002001e+03 6.131672927062367369e-05
2.466100000000001273e+03 6.279078634378349062e-05
2.467000000000000000e+03 5.523415054941286138e-05
2.467800000000002001e+03 5.586716641979318752e-05
2.468600000000001273e+03 4.828489582745937325e-05
2.469500000000000000e+03 4.927182265833057962e-05
2.470300000000002001e+03 4.247573119702457512e-05
2.471100000000001273e+03 4.362727161112139879e-05
2.472000000000000000e+03 3.694984740570580182e-05
2.472800000000002001e+03 3.767860688185946426e-05
2.473600000000001273e+03 3.108146403991716490e-05
2.474500000000000000e+03 3.224662365520534162e-05
2.475300000000002001e+03 2.667690219240800373e-05
2.476100000000001273e+03 2.856496073704460674e-05
2.477000000000000000e+03 2.397820855775354914e-05
2.477800000000002001e+03 2.636294298210828797e-05
2.478600000000001273e+03 2.238324623604856533e-05
2.479500000000000000e+03 2.516310854476750013e-05
2.480300000000002001e+03 2.133753112040385141e-05
2.481100000000001273e+03 2.374354057212779776e-05
2.482000000000000000e+03 1.931511868005020359e-05
2.482800000000002001e+03 2.066522892493280207e-05
2.483600000000001273e+03 1.563050289668989904e-05
2.484500000000000000e+03 1.677202147728024887e-05
2.485300000000002001e+03 1.233070123916807876e-05
2.486100000000001273e+03 1.410654574993688048e-05
2.487000000000000000e+03 1.053685551187463854e-05
2.487800000000002001e+03 1.277097523520681098e-05
2.488600000000001273e+03 9.393553670020443155e-06
2.489500000000000000e+03 1.159551461989129208e-05
2.490300000000002001e+03 8.354772513971876034e-06
2.491100000000001273e+03 1.057421533676771346e-05
2.492000000000000000e+03 7.652305602477501461e-06
2.492800000000002001e+03 9.990594124959151283e-06
2.493600000000001273e+03 7.134808041855966302e-06
2.494500000000000000e+03 9.249463103150934291e-06
2.495300000000002001e+03 6.238123755517756856e-06
2.496100000000001273e+03 8.127783194219242777e-06
2.497000000000000000e+03 5.138940285327040651e-06
2.497800000000002001e+03 7.144836618195775817e-06
2.498600000000001273e+03 4.356432693150611168e-06
2.499500000000000000e+03 6.387055722988608058e-06
2.500300000000002001e+03 3.659469510282114072e-06
2.501100000000001273e+03 5.548015588210548119e-06
2.502000000000000000e+03 2.766203774333220021e-06
2.502800000000002001e+03 4.622223019260124817e-06
2.503600000000001273e+03 2.061932698791692402e-06
2.504500000000000000e+03 4.088679673693996732e-06
2.505300000000002001e+03 1.738729642433414190e-06
2.506199999999997999e+03 3.852073123487450470e-06
2.507000000000000000e+03 1.579167865956628485e-06
2.507800000000002001e+03 3.665886109464888772e-06
2.508699999999997999e+03 1.526784443208467025e-06
2.509500000000000000e+03 3.684324122765911407e-06
2.510300000000002001e+03 1.677467233626371196e-06
2.511199999999997999e+03 3.754221460118591718e-06
2.512000000000000000e+03 1.695629881513537854e-06
2.512800000000002001e+03 3.604439660971811103e-06
2.513699999999997999e+03 1.415679374050834670e-06
2.514500000000000000e+03 3.188992942499423227e-06
2.515300000000002001e+03 1.031506412334069117e-06
2.516199999999997999e+03 2.819011661744469412e-06
2.517000000000000000e+03 7.555873589780144195e-07
2.517800000000002001e+03 2.592120641924713011e-06
2.518699999999997999e+03 6.635819601679238381e-07
2.519500000000000000e+03 2.456219927021768595e-06
2.520300000000002001e+03 5.329172900184988289e-07
2.521199999999997999e+03 2.252111817199958209e-06
2.522000000000000000e+03 3.129333410943554799e-07
2.522800000000002001e+03 1.982530498319265311e-06
2.523699999999997999e+03 1.043089211755176964e-07
2.524500000000000000e+03 1.818259543575198807e-06
2.525300000000002001e+03 4.574086923749622001e-08
2.526199999999997999e+03 1.792328060945752427e-06
2.527000000000000000e+03 7.485060618631013761e-08
2.527800000000002001e+03 1.760993574399050922e-06
2.528699999999997999e+03 4.436615756691055102e-08
2.529500000000000000e+03 1.677858119640565778e-06
2.530300000000002001e+03 -3.193539397027797217e-08
2.531199999999997999e+03 1.574051840330974836e-06
2.532000000000000000e+03 -1.117006530481924299e-07
2.532800000000002001e+03 1.458777878952738340e-06
2.533699999999997999e+03 -1.847536330914316811e-07
2.534500000000000000e+03 1.407204855526800267e-06
2.535300000000002001e+03 -1.606318079351062089e-07
2.536199999999997999e+03 1.443355564802996317e-06
2.537000000000000000e+03 -7.836279602076413868e-08
2.537800000000002001e+03 1.483610742493753584e-06
2.538699999999997999e+03 -6.903180545209900458e-08
2.539500000000000000e+03 1.408643359689132243e-06
2.540300000000002001e+03 -1.833988524428784349e-07
2.541199999999997999e+03 1.226821173385528836e-06
2.542000000000000000e+03 -3.411645595778163228e-07
2.542800000000002001e+03 1.083786970515616337e-06
2.543699999999997999e+03 -3.963288358642487978e-07
2.544500000000000000e+03 1.075630555069596785e-06
2.545300000000002001e+03 -3.284266268701478146e-07
2.546199999999997999e+03 1.137472401325636160e-06
2.547000000000000000e+03 -2.686908682446030292e-07
2.547899999999998727e+03 1.131118289036978091e-06
2.548699999999997999e+03 -3.019177660001177265e-07
2.549500000000000000e+03 1.049603317596321720e-06
2.550399999999998727e+03 -3.631461631625973152e-07
2.551199999999997999e+03 9.855953196082333933e-07
2.552000000000000000e+03 -3.775025973239470983e-07
2.552899999999998727e+03 9.763486475092288426e-07
2.553699999999997999e+03 -3.541077024849708988e-07
2.554500000000000000e+03 9.862996482127030800e-07
2.555399999999998727e+03 -3.259889868534050674e-07
2.556199999999997999e+03 9.925859190043091633e-07
2.557000000000000000e+03 -3.071855384286782397e-07
2.557899999999998727e+03 9.757120116628406391e-07
2.558699999999997999e+03 -3.223043589726087055e-07
2.559500000000000000e+03 9.375466826123207087e-07
2.560399999999998727e+03 -3.490931399742979164e-07
2.561199999999997999e+03 8.962855006320314435e-07
2.562000000000000000e+03 -3.510131948165553355e-07
2.562899999999998727e+03 8.957553288353397782e-07
2.563699999999997999e+03 -3.253200250707840970e-07
2.564500000000000000e+03 9.020468881236706697e-07
2.565399999999998727e+03 -3.221718821296444046e-07
2.566199999999997999e+03 8.600986312594768332e-07
2.567000000000000000e+03 -3.643135194872127867e-07
2.567899999999998727e+03 8.129382633947542766e-07
2.568699999999997999e+03 -3.683620752701471898e-07
2.569500000000000000e+03 8.242883359068537227e-07
2.570399999999998727e+03 -3.166889339905816387e-07
2.571199999999997999e+03 8.588669073190961220e-07
2.572000000000000000e+03 -2.879195448591322176e-07
2.572899999999998727e+03 8.477067248925316263e-07
2.573699999999997999e+03 -3.109487401495681750e-07
2.574500000000000000e+03 8.004528167419839694e-07
2.575399999999998727e+03 -3.425563927565491353e-07
2.576199999999997999e+03 7.634114254579666923e-07
2.577000000000000000e+03 -3.594234250522757583e-07
2.577899999999998727e+03 7.219687158275878729e-07
2.578699999999997999e+03 -3.967731026422618867e-07
2.579500000000000000e+03 6.589305950857784700e-07
2.580399999999998727e+03 -4.479929536462771870e-07
2.581199999999997999e+03 6.137750963295418005e-07
2.582000000000000000e+03 -4.531296374622639844e-07
2.582899999999998727e+03 6.288653920442612361e-07
2.583699999999997999e+03 -4.032779536141369847e-07
2.584500000000000000e+03 6.688758445490641239e-07
2.585399999999998727e+03 -3.634086378656849059e-07
2.586199999999997999e+03 6.728253600095795458e-07
2.587000000000000000e+03 -3.671359373044324516e-07
2.587899999999998727e+03 6.446560499909061170e-07
2.588699999999997999e+03 -3.835359556756066040e-07
2.589600000000001273e+03 6.231002695518093915e-07
2.590399999999998727e+03 -3.929089633507526768e-07
2.591199999999997999e+03 5.993030258819874438e-07
2.592100000000001273e+03 -4.001828939588756936e-07
2.592899999999998727e+03 5.851539834250227806e-07
2.593699999999997999e+03 -3.968796327981681255e-07
2.594600000000001273e+03 5.810044966820897236e-07
2.595399999999998727e+03 -3.910146568769258059e-07
2.596199999999997999e+03 5.748083617065422961e-07
2.597100000000001273e+03 -3.872726157535569945e-07
2.597899999999998727e+03 5.793244073787340806e-07
2.598699999999997999e+03 -3.605477925091367015e-07
2.599600000000001273e+03 5.937824963630715296e-07
2.600399999999998727e+03 -3.413618866118713421e-07
2.601199999999997999e+03 5.776337410819276567e-07
2.602100000000001273e+03 -3.784831672495424562e-07
2.602899999999998727e+03 5.064413202927886887e-07
2.603699999999997999e+03 -4.458176296777200407e-07
2.604600000000001273e+03 4.448001890140194639e-07
2.605399999999998727e+03 -4.666856080646128461e-07
2.606199999999997999e+03 4.519009213543955898e-07
2.607100000000001273e+03 -4.237552773585673081e-07
2.607899999999998727e+03 4.950574675078574605e-07
2.608699999999997999e+03 -3.659252020854294212e-07
2.609600000000001273e+03 5.349410291443626027e-07
2.610399999999998727e+03 -3.321184537171115252e-07
2.611199999999997999e+03 5.441172320245046059e-07
2.612100000000001273e+03 -3.298669720904023998e-07
2.612899999999998727e+03 5.242919799262792559e-07
2.613699999999997999e+03 -3.449916132860407984e-07
2.614600000000001273e+03 5.048901380971073918e-07
2.615399999999998727e+03 -3.484192698056540521e-07
2.616199999999997999e+03 4.964615964414761719e-07
2.617100000000001273e+03 -3.462420783366910730e-07
2.617899999999998727e+03 4.867310929983341633e-07
2.618699999999997999e+03 -3.498215642919715164e-07
2.619600000000001273e+03 4.703658398825066768e-07
2.620399999999998727e+03 -3.598829954176869570e-07
2.621199999999997999e+03 4.527183576825734693e-07
2.622100000000001728e+03 -3.633832035017477888e-07
2.622899999999998272e+03 4.492085476716463652e-07
2.623699999999997999e+03 -3.544564689280599185e-07
2.624600000000001728e+03 4.510262701022725629e-07
2.625399999999998272e+03 -3.448129943091503333e-07
2.626199999999997999e+03 4.485705235948671531e-07
2.627100000000001728e+03 -3.410160288419814116e-07
2.627899999999998272e+03 4.455815974582580261e-07
2.628699999999997999e+03 -3.303368252766336044e-07
2.629600000000001728e+03 4.496057137757013652e-07
2.630399999999998272e+03 -3.151543775064795477e-07
2.631199999999997999e+03 4.579857665269840170e-07
2.632100000000001728e+03 -3.054860800060667533e-07
2.632899999999998272e+03 4.523814473880802014e-07
2.633800000000002001e+03 -3.064792266379362735e-07
2.634600000000001728e+03 4.484855440631157570e-07
2.635399999999998272e+03 -2.993438215909061414e-07
2.636300000000002001e+03 4.490064841277113656e-07
2.637100000000001728e+03 -2.898415828876615457e-07
2.637899999999998272e+03 4.455577000636812560e-07
2.638800000000002001e+03 -2.873631619505470227e-07
2.639600000000001728e+03 4.420503392877995377e-07
2.640399999999998272e+03 -2.836725514578301366e-07
2.641300000000002001e+03 4.393073150276656665e-07
2.642100000000001728e+03 -2.794757657223119004e-07
2.642899999999998272e+03 4.422397699351823201e-07
2.643800000000002001e+03 -2.652624415876538777e-07
2.644600000000001728e+03 4.471881072456152934e-07
2.645399999999998272e+03 -2.583118298374407811e-07
2.646300000000002001e+03 4.376604473996751925e-07
2.647100000000001728e+03 -2.694482801349510643e-07
2.647899999999998272e+03 4.163459612342816954e-07
2.648800000000002001e+03 -2.822907994759792676e-07
2.649600000000001728e+03 4.001434616051690848e-07
2.650399999999998272e+03 -2.907505102091839746e-07
2.651300000000002001e+03 3.882541607457360141e-07
2.652100000000001728e+03 -2.913112891806717007e-07
2.652899999999998272e+03 3.869485961698312142e-07
2.653800000000002001e+03 -2.809852349000744677e-07
2.654600000000001728e+03 3.929005017559924120e-07
2.655399999999998272e+03 -2.732530891038255105e-07
2.656300000000002001e+03 3.928329081572245798e-07
2.657100000000001728e+03 -2.628804629989425530e-07
2.657899999999998272e+03 4.048773272362258966e-07
2.658800000000002001e+03 -2.330325841197222765e-07
2.659600000000001728e+03 4.320736860698983309e-07
2.660399999999998272e+03 -2.086001919932153556e-07
2.661300000000002001e+03 4.363783901917129674e-07
2.662100000000001728e+03 -2.115299530727128854e-07
2.662899999999998272e+03 4.172007145174763028e-07
2.663800000000002001e+03 -2.315582834451821294e-07
2.664600000000001728e+03 3.870275269834531266e-07
2.665399999999998272e+03 -2.569958204805037545e-07
2.666300000000002001e+03 3.580245185091726837e-07
2.667100000000001728e+03 -2.704350805707505711e-07
2.667899999999998272e+03 3.507137931850845240e-07
2.668800000000002001e+03 -2.598320743272801080e-07
2.669600000000001728e+03 3.662108800678983836e-07
2.670399999999998272e+03 -2.355237966082909801e-07
2.671300000000002001e+03 3.842644857632147405e-07
2.672100000000001728e+03 -2.145263492109465345e-07
2.672899999999998272e+03 3.851017209010074415e-07
2.673800000000002001e+03 -2.208006151149864160e-07
2.674600000000001728e+03 3.651704674965481641e-07
2.675500000000000000e+03 -2.403445257980571813e-07
2.676300000000002001e+03 3.415371341720996837e-07
2.677100000000001728e+03 -2.512102711694514966e-07
2.678000000000000000e+03 3.347256826025867431e-07
2.678800000000002001e+03 -2.471517796232947339e-07
2.679600000000001728e+03 3.399313482477314813e-07
2.680500000000000000e+03 -2.299405322969734344e-07
2.681300000000002001e+03 3.517934464021348827e-07
2.682100000000001728e+03 -2.133092347427687729e-07
2.683000000000000000e+03 3.631683417957385438e-07
2.683800000000002001e+03 -1.964615054600892721e-07
2.684600000000001728e+03 3.757496755047555081e-07
2.685500000000000000e+03 -1.811484318208253015e-07
2.686300000000002001e+03 3.808952506058612836e-07
2.687100000000001728e+03 -1.835712904892216825e-07
2.688000000000000000e+03 3.580082563817426492e-07
2.688800000000002001e+03 -2.116780970872246264e-07
2.689600000000001728e+03 3.172180480879278341e-07
2.690500000000000000e+03 -2.462727984144782412e-07
2.691300000000002001e+03 2.873551961523548542e-07
2.692100000000001728e+03 -2.573092961238840277e-07
2.693000000000000000e+03 2.864435915293654356e-07
2.693800000000002001e+03 -2.417582070788858954e-07
2.694600000000001728e+03 3.035208746230189921e-07
2.695500000000000000e+03 -2.197824869467114057e-07
2.696300000000002001e+03 3.173792480787302026e-07
2.697100000000001728e+03 -2.037583088165486247e-07
2.698000000000000000e+03 3.258220686755187010e-07
2.698800000000002001e+03 -1.899212215601559423e-07
2.699600000000001728e+03 3.363859069901188169e-07
2.700500000000000000e+03 -1.755111256835984092e-07
2.701300000000002001e+03 3.421525499253789009e-07
2.702100000000001728e+03 -1.751168682527421542e-07
2.703000000000000000e+03 3.248224766882656753e-07
2.703800000000002001e+03 -1.964765776757558647e-07
2.704600000000001728e+03 2.955920959079099907e-07
2.705500000000000000e+03 -2.204462263388166068e-07
2.706300000000002001e+03 2.757224534902982860e-07
2.707100000000001728e+03 -2.254192311811614274e-07
2.708000000000000000e+03 2.754516824579731469e-07
2.708800000000002001e+03 -2.120092958052551258e-07
2.709600000000001728e+03 2.915204492261497964e-07
2.710500000000000000e+03 -1.923242483658329957e-07
2.711300000000002001e+03 3.024248964776401880e-07
2.712100000000001728e+03 -1.813006083140901905e-07
2.713000000000000000e+03 3.061354412977002573e-07
2.713800000000002001e+03 -1.739501597689754865e-07
2.714600000000001728e+03 3.092169822332077808e-07
2.715500000000000000e+03 -1.670375326464905513e-07
2.716300000000002001e+03 3.134888646222226129e-07
2.717199999999997999e+03 -1.574787731344961271e-07
2.718000000000000000e+03 3.213402990727268479e-07
2.718800000000002001e+03 -1.465884329480199682e-07
2.719699999999997999e+03 3.237835845597238011e-07
2.720500000000000000e+03 -1.487962514236422465e-07
2.721300000000002001e+03 3.090362809107321263e-07
2.722199999999997999e+03 -1.604001849997889198e-07
2.723000000000000000e+03 2.940925757146120302e-07
2.723800000000002001e+03 -1.638726648344580812e-07
2.724699999999997999e+03 2.953101198731484787e-07
2.725500000000000000e+03 -1.514930542223986939e-07
2.726300000000002001e+03 3.089030768994686355e-07
2.727199999999997999e+03 -1.373496638463092544e-07
2.728000000000000000e+03 3.104450372789855743e-07
2.728800000000002001e+03 -1.385230854156062113e-07
2.729699999999997999e+03 2.997436649964284488e-07
2.730500000000000000e+03 -1.460131634955051232e-07
2.731300000000002001e+03 2.938945545653615067e-07
2.732199999999997999e+03 -1.424283394638425960e-07
2.733000000000000000e+03 2.988271354608637640e-07
2.733800000000002001e+03 -1.321132257608451831e-07
2.734699999999997999e+03 3.016216101835120048e-07
2.735500000000000000e+03 -1.353882529596616298e-07
2.736300000000002001e+03 2.798999758764953210e-07
2.737199999999997999e+03 -1.580068625856021530e-07
2.738000000000000000e+03 2.545409664069204629e-07
2.738800000000002001e+03 -1.729916759278286975e-07
2.739699999999997999e+03 2.504143524123234506e-07
2.740500000000000000e+03 -1.659607616601552374e-07
2.741300000000002001e+03 2.576253499094179043e-07
2.742199999999997999e+03 -1.537957318027170700e-07
2.743000000000000000e+03 2.641082496535114902e-07
2.743800000000002001e+03 -1.475245993329868565e-07
2.744699999999997999e+03 2.603670718772334413e-07
2.745500000000000000e+03 -1.518768999253275460e-07
2.746300000000002001e+03 2.498375426851374719e-07
2.747199999999997999e+03 -1.575682148353596228e-07
2.748000000000000000e+03 2.484892734981775908e-07
2.748800000000002001e+03 -1.458900902607805601e-07
