1.998448619960923224e+03 4.254101482695955025e-06
2.000116774067734241e+03 3.174458905185097197e-06
2.001784928174545257e+03 4.774392836384966558e-06
2.003453082281358775e+03 3.731608931431269665e-06
2.005121236388170018e+03 5.340255613176116954e-06
2.006789390494983991e+03 4.272094695362641128e-06
2.008457544601797508e+03 5.844301778015346953e-06
2.010125698708608525e+03 4.736605422843054510e-06
2.011793852815419541e+03 6.251467183784911822e-06
2.013462006922230557e+03 5.114220283161165044e-06
2.015130161029044075e+03 6.603589877087838366e-06
2.016798315135855319e+03 5.361489678774957509e-06
2.018466469242668609e+03 6.771652244067789620e-06
2.020134623349479853e+03 5.525364952576204740e-06
2.021802777456293825e+03 6.924168527741781897e-06
2.023470931563104841e+03 5.646305919548850695e-06
2.025139085669915630e+03 6.979913691790329683e-06
2.026807239776728920e+03 5.531298650318193708e-06
2.028475393883540619e+03 6.635111894489210187e-06
2.030143547990353909e+03 4.991000679867569869e-06
2.031811702097165153e+03 6.103884388858782806e-06
2.033479856203978443e+03 4.573379175316826393e-06
2.035148010310789232e+03 5.852988952988613087e-06
2.036816164417600248e+03 4.532352889288715946e-06
2.038484318524414221e+03 5.882357042598718062e-06
2.040152472631225464e+03 4.480106866698446236e-06
2.041820626738038754e+03 5.678424580833307982e-06
2.043488780844850453e+03 4.103067466868612891e-06
2.045156934951663516e+03 5.148903551814094184e-06
2.046825089058474532e+03 3.451527811478707543e-06
2.048493243165285548e+03 4.540155626542988704e-06
2.050161397272096565e+03 2.938468595999477291e-06
2.051829551378910764e+03 4.190418268675922473e-06
2.053497705485724055e+03 2.729959572966769953e-06
2.055165859592535526e+03 4.004550237855990706e-06
2.056834013699348816e+03 2.466197797341608967e-06
2.058502167806159832e+03 3.658426695086648028e-06
2.060170321912970849e+03 2.105750766420669747e-06
2.061838476019781865e+03 3.389697270024828199e-06
2.063506630126595155e+03 1.983677580030903728e-06
2.065174784233409355e+03 3.392708243041635140e-06
2.066842938340219916e+03 2.008519108252562549e-06
2.068511092447034116e+03 3.450148131176005410e-06
2.070179246553845132e+03 2.070778753844973434e-06
2.071847400660656149e+03 3.542245561305050594e-06
2.073515554767467165e+03 2.190350561111738409e-06
2.075183708874280455e+03 3.648212702978199582e-06
2.076851862981091472e+03 2.222365938706748194e-06
2.078520017087905217e+03 3.608311468007681239e-06
2.080188171194719416e+03 2.142711909623964853e-06
2.081856325301530433e+03 3.558673047408236500e-06
2.083524479408340994e+03 2.135870765721956564e-06
2.085192633515151556e+03 3.612393030654550476e-06
2.086860787621965756e+03 2.226410089261302088e-06
2.088528941728776772e+03 3.756687426077729128e-06
2.090197095835590517e+03 2.398734841567540104e-06
2.091865249942401533e+03 3.950015059622234611e-06
2.093533404049215278e+03 2.622050631919930313e-06
2.095201558156025840e+03 4.228687151302535960e-06
2.096869712262836856e+03 2.932190035956663172e-06
2.098537866369647872e+03 4.677614943036271227e-06
2.100206020476462072e+03 3.471948160545091066e-06
2.101874174583275817e+03 5.295150214145236253e-06
2.103542328690086833e+03 4.123808146380413426e-06
2.105210482796900124e+03 6.026525287371545665e-06
2.106878636903711140e+03 4.921414823488367109e-06
2.108546791010522156e+03 6.882923043972658562e-06
2.110214945117333173e+03 5.823446214934314764e-06
2.111883099224147372e+03 7.736593960007727349e-06
2.113551253330957934e+03 6.538978674553788368e-06
2.115219407437771679e+03 8.538742629125264773e-06
2.116887561544585424e+03 7.396772717456671125e-06
2.118555715651396440e+03 9.500081947565709324e-06
2.120223869758207456e+03 8.392682341874578800e-06
2.121892023865018473e+03 1.040220492277209507e-05
2.123560177971831763e+03 9.092927167023934381e-06
2.125228332078642779e+03 1.097070270919620442e-05
2.126896486185456979e+03 9.827181595150045909e-06
2.128564640292270724e+03 1.209081306703865308e-05
2.130232794399081740e+03 1.142013757562011343e-05
2.131900948505892757e+03 1.440138117347232937e-05
2.133569102612703773e+03 1.395778446856873307e-05
2.135237256719517063e+03 1.685889135262880892e-05
2.136905410826328080e+03 1.607309241549576798e-05
2.138573564933141824e+03 1.880674647804497502e-05
2.140241719039952841e+03 1.839215873749967277e-05
2.141909873146767040e+03 2.200262594859003949e-05
2.143578027253577602e+03 2.265852484090808485e-05
2.145246181360388164e+03 2.720322633207500316e-05
2.146914335467202363e+03 2.814878644475984204e-05
2.148582489574012925e+03 3.273895461379915936e-05
2.150250643680827125e+03 3.346313144791735118e-05
2.151918797787638141e+03 3.781270462190001509e-05
2.153586951894451431e+03 3.877738488969211027e-05
2.155255106001262448e+03 4.371682495562584429e-05
2.156923260108073464e+03 4.538331048385635337e-05
2.158591414214884480e+03 5.227090003328191799e-05
2.160259568321698225e+03 5.569395452175482619e-05
2.161927722428512425e+03 6.489076046037548103e-05
2.163595876535323441e+03 7.060710330260877338e-05
2.165264030642136731e+03 8.205725522954274533e-05
2.166932184748947748e+03 9.042387655081943480e-05
2.168600338855758764e+03 1.048628275548449905e-04
2.170268492962569781e+03 1.179775345116627536e-04
2.171936647069383071e+03 1.410261582421603026e-04
2.173604801176197270e+03 1.651339436320402700e-04
2.175272955283008287e+03 1.991730516666374113e-04
2.176941109389822032e+03 2.332642109774468113e-04
2.178609263496633048e+03 2.782263884711863328e-04
2.180277417603444064e+03 3.222929456426135955e-04
2.181945571710255081e+03 3.886933427322374068e-04
2.183613725817068371e+03 4.637282232031229249e-04
2.185281879923878932e+03 5.851789333812747228e-04
2.186950034030693587e+03 7.350450200535033800e-04
2.188618188137504603e+03 9.680366608716899730e-04
2.190286342244318348e+03 1.281673324756754141e-03
2.191954496351128910e+03 1.734769991201697264e-03
2.193622650457939926e+03 2.408113432158551486e-03
2.195290804564753216e+03 3.499986216591984868e-03
2.196958958671564233e+03 5.195955701849078352e-03
2.198627112778378887e+03 7.717793837232865203e-03
2.200295266885189903e+03 1.119025161177034447e-02
2.201963420992003194e+03 1.517704819695558406e-02
2.203631575098813755e+03 1.902097788810234655e-02
2.205299729205624772e+03 2.168402077667005642e-02
2.206967883312435788e+03 2.239374741870255384e-02
2.208636037419249533e+03 2.098361388032487715e-02
2.210304191526064187e+03 1.796685829490791628e-02
2.211972345632874749e+03 1.425209670236101712e-02
2.213640499739688039e+03 1.064999158296653370e-02
2.215308653846499055e+03 7.650375342773779903e-03
2.216976807953310072e+03 5.433974419254184590e-03
2.218644962060121088e+03 3.757424761372286925e-03
2.220313116166934378e+03 2.638075410372329142e-03
2.221981270273745849e+03 1.851842005303756594e-03
2.223649424380560049e+03 1.338095674505610953e-03
2.225317578487373339e+03 9.926334598342589216e-04
2.226985732594184356e+03 7.729287148079442638e-04
2.228653886700995372e+03 6.182345757650128731e-04
2.230322040807806388e+03 5.132097810200801375e-04
2.231990194914619678e+03 4.284438170250183097e-04
2.233658349021430240e+03 3.668795905672993501e-04
2.235326503128244894e+03 3.049725611579343358e-04
2.236994657235058639e+03 2.585010976650463626e-04
2.238662811341869656e+03 2.139816688010894572e-04
2.240330965448680672e+03 1.838663266675811191e-04
2.241999119555491234e+03 1.609161647285135876e-04
2.243667273662304524e+03 1.466805166422499758e-04
2.245335427769115540e+03 1.328672605377620463e-04
2.247003581875930195e+03 1.236834084440265134e-04
2.248671735982741211e+03 1.111790095499796228e-04
2.250339890089554501e+03 1.014552978532758538e-04
2.252008044196365518e+03 8.993939014972847671e-05
2.253676198303176534e+03 8.103704393685396876e-05
2.255344352409989824e+03 7.178835503916080197e-05
2.257012506516800840e+03 6.530858295837024862e-05
2.258680660623615495e+03 5.883905231178244581e-05
2.260348814730426511e+03 5.475031782631245775e-05
2.262016968837239801e+03 5.060276592239840881e-05
2.263685122944050363e+03 4.804815851135300789e-05
2.265353277050861379e+03 4.489312526634525535e-05
2.267021431157672396e+03 4.201793969750564815e-05
2.268689585264485686e+03 3.812387274533926877e-05
2.270357739371300795e+03 3.504880054115339419e-05
2.272025893478111811e+03 3.129670199965945906e-05
2.273694047584924647e+03 2.915887465399948691e-05
2.275362201691735663e+03 2.671858609055206772e-05
2.277030355798546680e+03 2.503629610375056379e-05
2.278698509905357696e+03 2.254386476820671367e-05
2.280366664012170531e+03 2.057170717636675478e-05
2.282034818118986095e+03 1.781205696200897394e-05
2.283702972225796657e+03 1.594583361005953839e-05
2.285371126332609947e+03 1.395131131296943101e-05
2.287039280439420963e+03 1.296982923951473237e-05
2.288707434546231980e+03 1.178333099714861363e-05
2.290375588653042996e+03 1.147929201763742500e-05
2.292043742759855832e+03 1.060612934299876101e-05
2.293711896866666848e+03 1.024609795110996596e-05
2.295380050973481957e+03 9.263591274513385847e-06
2.297048205080295247e+03 8.718720741585581633e-06
2.298716359187106264e+03 7.466813588144765530e-06
2.300384513293917280e+03 6.740417687581284171e-06
2.302052667400727842e+03 5.563337555372203771e-06
2.303720821507541132e+03 4.976702687912068390e-06
2.305388975614352148e+03 4.008947886789539020e-06
2.307057129721166802e+03 3.630574327071803576e-06
2.308725283827977819e+03 2.882474093837810744e-06
2.310393437934791109e+03 2.639880447641818284e-06
2.312061592041602125e+03 2.009119892217891297e-06
2.313729746148412687e+03 1.867760510027093237e-06
2.315397900255223703e+03 1.337124027500416790e-06
2.317066054362036994e+03 1.281093700779937264e-06
2.318734208468852103e+03 8.348780333008949885e-07
2.320402362575663119e+03 8.651168005087216810e-07
2.322070516682475954e+03 4.960147894616291054e-07
2.323738670789286971e+03 6.057490903725912272e-07
2.325406824896097987e+03 3.133310427339410606e-07
2.327074979002909004e+03 4.958296875481695377e-07
2.328743133109722294e+03 2.747455567561189635e-07
2.330411287216532855e+03 5.399608392971878078e-07
2.332079441323348419e+03 3.819524712294364158e-07
2.333747595430161255e+03 7.348778188921617503e-07
2.335415749536972271e+03 6.760901827601449820e-07
2.337083903643783287e+03 1.137918235984067755e-06
2.338752057750594304e+03 1.154856765510443148e-06
2.340420211857407139e+03 1.694009385846567349e-06
2.342088365964217701e+03 1.704332266141305084e-06
2.343756520071033265e+03 2.220327635576595789e-06
2.345424674177846555e+03 2.181016629420230865e-06
2.347092828284657571e+03 2.717714726664652876e-06
2.348760982391468588e+03 2.720000224210501421e-06
2.350429136498279149e+03 3.371432657607497758e-06
2.352097290605092439e+03 3.504030081943959344e-06
2.353765444711903001e+03 4.253563405493530043e-06
2.355433598818718565e+03 4.341014407703932538e-06
2.357101752925529127e+03 5.128628202523290955e-06
2.358769907032342417e+03 5.171026753969828243e-06
2.360438061139153433e+03 5.952210088197458324e-06
2.362106215245964449e+03 6.077412040422867737e-06
2.363774369352777740e+03 6.984909070758794882e-06
2.365442523459588301e+03 7.186264996051375718e-06
2.367110677566403865e+03 8.291273468441299536e-06
2.368778831673214427e+03 8.669773971960497360e-06
2.370446985780027717e+03 9.995909084333300481e-06
2.372115139886838278e+03 1.033789949067700993e-05
2.373783293993649295e+03 1.156861870304457538e-05
2.375451448100459857e+03 1.159805014692887091e-05
2.377119602207273601e+03 1.254325409322571486e-05
2.378787756314089165e+03 1.241642007652690258e-05
2.380455910420899727e+03 1.338458715567304966e-05
2.382124064527713017e+03 1.340866618438156398e-05
2.383792218634523579e+03 1.458208751760742261e-05
2.385460372741334595e+03 1.451258002272356893e-05
2.387128526848145157e+03 1.576019666704782875e-05
2.388796680954958447e+03 1.568303762261857452e-05
2.390464835061774011e+03 1.719878021518038953e-05
2.392132989168585027e+03 1.749776359998399329e-05
2.393801143275398317e+03 1.957519593818919125e-05
2.395469297382208879e+03 2.000619023123295165e-05
2.397137451489019895e+03 2.215472416803615331e-05
2.398805605595830457e+03 2.254631186385119439e-05
2.400473759702643747e+03 2.453316954739353720e-05
2.402141913809454309e+03 2.490311397399402559e-05
2.403810067916269873e+03 2.691577160457254238e-05
2.405478222023080434e+03 2.696677567176498027e-05
2.407146376129894179e+03 2.885253959304558334e-05
2.408814530236705195e+03 2.845879789232579231e-05
2.410482684343515757e+03 3.055559635633400633e-05
2.412150838450329047e+03 3.060026074432706803e-05
2.413818992557139609e+03 3.339450026193522875e-05
2.415487146663955173e+03 3.371168216095877265e-05
2.417155300770765734e+03 3.686195021625552471e-05
2.418823454877579024e+03 3.739056532290406211e-05
2.420491608984390041e+03 4.074153446208372939e-05
2.422159763091200603e+03 4.137747066164653180e-05
2.423827917198011619e+03 4.549057798459382013e-05
2.425496071304824909e+03 4.603119685669224983e-05
2.427164225411640473e+03 4.996081261943609281e-05
2.428832379518451489e+03 4.982675896832776765e-05
2.430500533625264325e+03 5.373147602987382864e-05
2.432168687732074886e+03 5.363249061489531240e-05
2.433836841838885903e+03 5.827270739952936904e-05
2.435504995945696464e+03 5.966907475197885219e-05
2.437173150052510209e+03 6.600590712858157686e-05
2.438841304159320771e+03 6.812399863328980206e-05
2.440509458266136335e+03 7.643761172409660281e-05
2.442177612372949625e+03 7.947749019335278542e-05
2.443845766479760186e+03 8.901669759334921838e-05
2.445513920586571203e+03 9.368658613618822072e-05
2.447182074693381765e+03 1.052265119754385643e-04
2.448850228800195055e+03 1.122907997624270304e-04
2.450518382907006071e+03 1.301403881547613683e-04
2.452186537013821180e+03 1.445304274466019585e-04
2.453854691120634470e+03 1.712600339296960856e-04
2.455522845227445487e+03 1.934412635530555257e-04
2.457190999334256503e+03 2.292141588716220123e-04
2.458859153441067065e+03 2.644904825327708850e-04
2.460527307547879900e+03 3.172950226859113537e-04
2.462195461654690916e+03 3.823490577672940217e-04
2.463863615761506480e+03 4.852322480499567602e-04
2.465531769868317497e+03 6.109167052508839273e-04
2.467199923975130787e+03 8.246434161624442531e-04
2.468868078081941349e+03 1.101232624096943561e-03
2.470536232188752365e+03 1.526208024660317660e-03
2.472204386295565200e+03 2.171610612957998628e-03
2.473872540402376217e+03 3.251383248333595492e-03
2.475540694509191781e+03 5.134956812131747685e-03
2.477208848616002797e+03 9.110941429266702918e-03
2.478877002722815632e+03 1.546115479212997051e-02
2.480545156829626649e+03 2.480044370718944430e-02
2.482213310936437210e+03 3.622486332963979760e-02
2.483881465043248227e+03 4.630610004287874504e-02
2.485549619150061517e+03 5.173314273735676871e-02
2.487217773256877081e+03 5.063751446519872135e-02
2.488885927363688097e+03 4.350640691862003862e-02
2.490554081470500932e+03 3.280035641086150033e-02
2.492222235577311494e+03 2.193821545042793850e-02
2.493890389684122511e+03 1.375851154778257729e-02
2.495558543790933072e+03 8.158003437743619607e-03
2.497226697897746817e+03 4.779321333404403481e-03
2.498894852004561926e+03 3.067250716436887344e-03
2.500563006111372943e+03 1.995161877108775437e-03
2.502231160218185778e+03 1.374126941698181710e-03
2.503899314324996794e+03 9.563461261894384098e-04
2.505567468431807811e+03 7.113802366331041255e-04
2.507235622538618372e+03 5.278115313426765551e-04
2.508903776645431662e+03 4.238800304691358006e-04
2.510571930752242224e+03 3.250706955459840386e-04
2.512240084859057788e+03 2.695098460436178380e-04
2.513908238965871078e+03 2.124642964035345467e-04
2.515576393072682094e+03 1.820655970385498914e-04
2.517244547179493111e+03 1.454031479210433377e-04
2.518912701286303673e+03 1.313956774725115191e-04
2.520580855393116508e+03 1.069853924209105653e-04
2.522249009499927524e+03 9.714589732700293703e-05
2.523917163606743088e+03 7.751926816132989389e-05
2.525585317713554105e+03 7.088445786071342154e-05
2.527253471820367395e+03 5.426577521453901517e-05
2.528921625927177956e+03 5.094589639029959409e-05
2.530589780033988973e+03 3.921340196256649542e-05
2.532257934140799080e+03 3.911384172634700543e-05
2.533926088247612824e+03 3.016064920942763031e-05
2.535594242354428388e+03 3.161872301848786857e-05
2.537262396461239405e+03 2.385930217242428583e-05
2.538930550568052240e+03 2.565604209318589387e-05
2.540598704674862802e+03 1.882207546603263735e-05
2.542266858781673818e+03 2.090398640773089332e-05
2.543935012888484380e+03 1.489361181870413796e-05
2.545603166995298125e+03 1.740173966475448578e-05
2.547271321102113689e+03 1.200792149658130505e-05
2.548939475208924705e+03 1.464031845584436391e-05
2.550607629315737540e+03 9.783446954937315723e-06
2.552275783422548102e+03 1.237174484874253843e-05
2.553943937529359118e+03 7.687095076817325792e-06
2.555612091636169680e+03 1.047930981404767949e-05
2.557280245742982515e+03 6.096605411714067024e-06
2.558948399849793987e+03 8.962000310307760507e-06
2.560616553956609096e+03 4.796670389766626027e-06
2.562284708063422840e+03 7.580823952977804642e-06
2.563952862170233402e+03 3.467421322476386669e-06
2.565621016277044419e+03 6.207599790804120516e-06
2.567289170383854980e+03 2.470214583020037137e-06
2.568957324490667816e+03 5.335151325225602680e-06
2.570625478597478832e+03 1.940958131506719230e-06
2.572293632704294396e+03 5.014718930392494194e-06
2.573961786811105412e+03 1.841107830635721378e-06
2.575629940917918702e+03 4.836688236962092097e-06
2.577298095024729719e+03 1.684190791503531712e-06
2.578966249131539826e+03 4.475172163485209987e-06
2.580634403238353116e+03 1.196038329019714991e-06
2.582302557345164132e+03 3.810825294563468830e-06
2.583970711451979696e+03 5.336200422367751729e-07
2.585638865558790712e+03 3.132707733026242861e-06
2.587307019665603548e+03 3.114515501713417130e-08
2.588975173772414109e+03 2.696397522023360152e-06
2.590643327879225126e+03 -2.725799995174266121e-07
2.592311481986035687e+03 2.336527403353595149e-06
2.593979636092849432e+03 -5.786984706135748074e-07
2.595647790199664996e+03 2.012035270808544409e-06
2.597315944306476013e+03 -7.897546772574778589e-07
2.598984098413288848e+03 1.845282650446986798e-06
2.600652252520099410e+03 -8.242403684375937235e-07
2.602320406626910426e+03 1.809550435483798423e-06
2.603988560733720988e+03 -8.365898954669801084e-07
2.605656714840534733e+03 1.758932080272112421e-06
2.607324868947350296e+03 -8.688404447549021389e-07
2.608993023054160403e+03 1.658335915692435475e-06
2.610661177160974148e+03 -9.404524779541564821e-07
2.612329331267784710e+03 1.553225988469988563e-06
2.613997485374595726e+03 -1.025317271472104850e-06
2.615665639481406288e+03 1.429027586382324319e-06
2.617333793588219123e+03 -1.079636822881613449e-06
2.619001947695030140e+03 1.368634057629533197e-06
2.620670101801845703e+03 -1.071817278196904294e-06
2.622338255908659448e+03 1.367666128635367249e-06
2.624006410015470010e+03 -1.046216969877590585e-06
2.625674564122281026e+03 1.344248718284539429e-06
2.627342718229091588e+03 -1.074505141127589374e-06
2.629010872335903969e+03 1.293697020186348082e-06
2.630679026442715440e+03 -1.097564079666618439e-06
2.632347180549531458e+03 1.242615506526261037e-06
2.634015334656342475e+03 -1.113389293287347903e-06
2.635683488763155310e+03 1.177421269761068541e-06
2.637351642869965417e+03 -1.154629029274723366e-06
2.639019796976776433e+03 1.121447234405262912e-06
2.640687951083589269e+03 -1.175894629464234128e-06
2.642356105190400285e+03 1.099791306890820795e-06
2.644024259297216304e+03 -1.181188779952682383e-06
2.645692413404027320e+03 1.070735681681908024e-06
2.647360567510840156e+03 -1.207807809553273828e-06
2.649028721617650717e+03 9.990235624116114376e-07
2.650696875724461734e+03 -1.255984351930065054e-06
2.652365029831272295e+03 9.418417277839704838e-07
2.654033183938085585e+03 -1.268024910884210618e-06
2.655701338044901604e+03 9.369385017319902950e-07
2.657369492151712620e+03 -1.247558738705210578e-06
2.659037646258525456e+03 9.345789937977310189e-07
2.660705800365336017e+03 -1.256188509018509859e-06
2.662373954472147034e+03 9.006760102253801357e-07
2.664042108578957595e+03 -1.266655174680701198e-06
2.665710262685770886e+03 8.792603514972027840e-07
2.667378416792581447e+03 -1.252323461482537876e-06
2.669046570899397466e+03 8.796592790138155394e-07
2.670714725006210756e+03 -1.244580739952658405e-06
2.672382879113021318e+03 8.721081537483258840e-07
2.674051033219832334e+03 -1.250239551840989701e-06
2.675719187326642896e+03 8.417669956729586285e-07
2.677387341433455276e+03 -1.269049969244163962e-06
2.679055495540266747e+03 8.091324412252169092e-07
2.680723649647082766e+03 -1.275043581747386384e-06
2.682391803753896056e+03 8.029504775256839036e-07
2.684059957860706618e+03 -1.248794984430394409e-06
2.685728111967517179e+03 8.182615294856207810e-07
2.687396266074328196e+03 -1.228251099168122189e-06
2.689064420181140576e+03 8.195455974332802944e-07
2.690732574287952048e+03 -1.224765595461994782e-06
2.692400728394767611e+03 8.099013316577485363e-07
2.694068882501579083e+03 -1.222260524428599183e-06
2.695737036608391463e+03 7.979882892220154894e-07
2.697405190715202025e+03 -1.221392847156326771e-06
2.699073344822013041e+03 7.839447219309836963e-07
2.700741498928823603e+03 -1.217472300181326342e-06
2.702409653035636893e+03 7.902602069831773369e-07
2.704077807142452912e+03 -1.192376281346514452e-06
2.705745961249263928e+03 8.012510850797443105e-07
2.707414115356076763e+03 -1.178857085149425846e-06
2.709082269462887325e+03 7.959553878391203198e-07
2.710750423569698341e+03 -1.178732339151919312e-06
2.712418577676508903e+03 7.944934620280823989e-07
2.714086731783321738e+03 -1.159526309091976885e-06
2.715754885890138212e+03 8.063759438268072817e-07
2.717423039996949228e+03 -1.144437999532358186e-06
2.719091194103762064e+03 7.986965668989732283e-07
2.720759348210572625e+03 -1.149151960208921900e-06
2.722427502317383642e+03 7.803615937938530318e-07
2.724095656424194203e+03 -1.153801266573000009e-06
2.725763810531007039e+03 7.797383290582723127e-07
2.727431964637818055e+03 -1.135563086535791865e-06
2.729100118744634074e+03 7.903976059749609465e-07
2.730768272851447364e+03 -1.120181876545997430e-06
2.732436426958257925e+03 7.941042618543743360e-07
2.734104581065068942e+03 -1.115777982035770348e-06
2.735772735171879503e+03 7.832061934922166599e-07
2.737440889278691884e+03 -1.116502514870110823e-06
2.739109043385502900e+03 7.766507989778965126e-07
2.740777197492319374e+03 -1.116571661175454658e-06
2.742445351599132664e+03 7.707602742815392354e-07
2.744113505705942771e+03 -1.110712728920247107e-06
2.745781659812753787e+03 7.670115101047333563e-07
2.747449813919564349e+03 -1.107490899942385886e-06
