1.998448619960923224e+03 4.254022915784827335e-06
2.000116774067734241e+03 3.174400277662529367e-06
2.001784928174545257e+03 4.774304660468338637e-06
2.003453082281358775e+03 3.731540014178479443e-06
2.005121236388170018e+03 5.340156986617755271e-06
2.006789390494983991e+03 4.272015796143705966e-06
2.008457544601797508e+03 5.844193842475899734e-06
2.010125698708608525e+03 4.736517944803610827e-06
2.011793852815419541e+03 6.251351728507541506e-06
2.013462006922230557e+03 5.114125831138310402e-06
2.015130161029044075e+03 6.603467918629370310e-06
2.016798315135855319e+03 5.361390660055066915e-06
2.018466469242668609e+03 6.771527181748000090e-06
2.020134623349479853e+03 5.525262907324360761e-06
2.021802777456293825e+03 6.924040648673648872e-06
2.023470931563104841e+03 5.646201640697679289e-06
2.025139085669915630e+03 6.979784783192137601e-06
2.026807239776728920e+03 5.531196495479799452e-06
2.028475393883540619e+03 6.634989353866083379e-06
2.030143547990353909e+03 4.990908503527056058e-06
2.031811702097165153e+03 6.103771659215576355e-06
2.033479856203978443e+03 4.573294711822788205e-06
2.035148010310789232e+03 5.852880857009999034e-06
2.036816164417600248e+03 4.532269183489007704e-06
2.038484318524414221e+03 5.882248404235279516e-06
2.040152472631225464e+03 4.480024125804870657e-06
2.041820626738038754e+03 5.678319708798355909e-06
2.043488780844850453e+03 4.102991689330552240e-06
2.045156934951663516e+03 5.148808459242982440e-06
2.046825089058474532e+03 3.451464066906576183e-06
2.048493243165285548e+03 4.540071776638357122e-06
2.050161397272096565e+03 2.938414326866037595e-06
2.051829551378910764e+03 4.190340877898800509e-06
2.053497705485724055e+03 2.729909154684078492e-06
2.055165859592535526e+03 4.004476279784252113e-06
2.056834013699348816e+03 2.466152250345620359e-06
2.058502167806159832e+03 3.658359129400641780e-06
2.060170321912970849e+03 2.105711876343882992e-06
2.061838476019781865e+03 3.389634667370602525e-06
2.063506630126595155e+03 1.983640944463846918e-06
2.065174784233409355e+03 3.392645584779227646e-06
2.066842938340219916e+03 2.008482013899520819e-06
2.068511092447034116e+03 3.450084412084512293e-06
2.070179246553845132e+03 2.070740509649112071e-06
2.071847400660656149e+03 3.542180141311348566e-06
2.073515554767467165e+03 2.190310108602889516e-06
2.075183708874280455e+03 3.648145325929397421e-06
2.076851862981091472e+03 2.222324894921613115e-06
2.078520017087905217e+03 3.608244827875192672e-06
2.080188171194719416e+03 2.142672336929975537e-06
2.081856325301530433e+03 3.558607324023361170e-06
2.083524479408340994e+03 2.135831319373694156e-06
2.085192633515151556e+03 3.612326315141686140e-06
2.086860787621965756e+03 2.226368970786736344e-06
2.088528941728776772e+03 3.756618045662536764e-06
2.090197095835590517e+03 2.398690540511751466e-06
2.091865249942401533e+03 3.949942108733920950e-06
2.093533404049215278e+03 2.622002206554478575e-06
2.095201558156025840e+03 4.228609053756214251e-06
2.096869712262836856e+03 2.932135882778865205e-06
2.098537866369647872e+03 4.677528554463028581e-06
2.100206020476462072e+03 3.471884038839560920e-06
2.101874174583275817e+03 5.295052420616338562e-06
2.103542328690086833e+03 4.123731985792929024e-06
2.105210482796900124e+03 6.026413986435594458e-06
2.106878636903711140e+03 4.921323932294861269e-06
2.108546791010522156e+03 6.882795926647109695e-06
2.110214945117333173e+03 5.823338664566020737e-06
2.111883099224147372e+03 7.736451076653261819e-06
2.113551253330957934e+03 6.538857909367889994e-06
2.115219407437771679e+03 8.538584931280957809e-06
2.116887561544585424e+03 7.396636110093850782e-06
2.118555715651396440e+03 9.499906495217636475e-06
2.120223869758207456e+03 8.392527341545988630e-06
2.121892023865018473e+03 1.040201280955781850e-05
2.123560177971831763e+03 9.092759234217554201e-06
2.125228332078642779e+03 1.097050009667549497e-05
2.126896486185456979e+03 9.827000101759218864e-06
2.128564640292270724e+03 1.209058976774982380e-05
2.130232794399081740e+03 1.141992666270757328e-05
2.131900948505892757e+03 1.440111520143584381e-05
2.133569102612703773e+03 1.395752668910194415e-05
2.135237256719517063e+03 1.685857999404368816e-05
2.136905410826328080e+03 1.607279556944531826e-05
2.138573564933141824e+03 1.880639914548012180e-05
2.140241719039952841e+03 1.839181906175219939e-05
2.141909873146767040e+03 2.200221959289671645e-05
2.143578027253577602e+03 2.265810637174022832e-05
2.145246181360388164e+03 2.720272392904717244e-05
2.146914335467202363e+03 2.814826657864664784e-05
2.148582489574012925e+03 3.273834997412424262e-05
2.150250643680827125e+03 3.346251343377611864e-05
2.151918797787638141e+03 3.781200627762788905e-05
2.153586951894451431e+03 3.877666872921385936e-05
2.155255106001262448e+03 4.371601757105473174e-05
2.156923260108073464e+03 4.538247232178242073e-05
2.158591414214884480e+03 5.226993466769903554e-05
2.160259568321698225e+03 5.569292593745962843e-05
2.161927722428512425e+03 6.488956202478788282e-05
2.163595876535323441e+03 7.060579929469249112e-05
2.165264030642136731e+03 8.205573975439360546e-05
2.166932184748947748e+03 9.042220655664989976e-05
2.168600338855758764e+03 1.048608908947802116e-04
2.170268492962569781e+03 1.179753556425157163e-04
2.171936647069383071e+03 1.410235536993005969e-04
2.173604801176197270e+03 1.651308938543313311e-04
2.175272955283008287e+03 1.991693732373585172e-04
2.176941109389822032e+03 2.332599029352885065e-04
2.178609263496633048e+03 2.782212500446524552e-04
2.180277417603444064e+03 3.222869933724760438e-04
2.181945571710255081e+03 3.886861641457748382e-04
2.183613725817068371e+03 4.637196588343019165e-04
2.185281879923878932e+03 5.851681259989310749e-04
2.186950034030693587e+03 7.350314448680029264e-04
2.188618188137504603e+03 9.680187826779957250e-04
2.190286342244318348e+03 1.281649654161539330e-03
2.191954496351128910e+03 1.734737952586661979e-03
2.193622650457939926e+03 2.408068957894179095e-03
2.195290804564753216e+03 3.499921577065367301e-03
2.196958958671564233e+03 5.195859740294914500e-03
2.198627112778378887e+03 7.717651301088633911e-03
2.200295266885189903e+03 1.119004494450877470e-02
2.201963420992003194e+03 1.517676789950576574e-02
2.203631575098813755e+03 1.902062659900278715e-02
2.205299729205624772e+03 2.168362030513919236e-02
2.206967883312435788e+03 2.239333383957887308e-02
2.208636037419249533e+03 2.098322634426501299e-02
2.210304191526064187e+03 1.796652647382545112e-02
2.211972345632874749e+03 1.425183348738611779e-02
2.213640499739688039e+03 1.064979489350211667e-02
2.215308653846499055e+03 7.650234051748614622e-03
2.216976807953310072e+03 5.433874061849219318e-03
2.218644962060121088e+03 3.757355367339611403e-03
2.220313116166934378e+03 2.638026689053113525e-03
2.221981270273745849e+03 1.851807804543186215e-03
2.223649424380560049e+03 1.338070961873726950e-03
2.225317578487373339e+03 9.926151273743639546e-04
2.226985732594184356e+03 7.729144399670898665e-04
2.228653886700995372e+03 6.182231578942433544e-04
2.230322040807806388e+03 5.132003028006677922e-04
2.231990194914619678e+03 4.284359043065671968e-04
2.233658349021430240e+03 3.668728148483129769e-04
2.235326503128244894e+03 3.049669287694719687e-04
2.236994657235058639e+03 2.584963235352214948e-04
2.238662811341869656e+03 2.139777168787331213e-04
2.240330965448680672e+03 1.838629309306892480e-04
2.241999119555491234e+03 1.609131928468919342e-04
2.243667273662304524e+03 1.466778076718217624e-04
2.245335427769115540e+03 1.328648066775772556e-04
2.247003581875930195e+03 1.236811241958959420e-04
2.248671735982741211e+03 1.111769562394513989e-04
2.250339890089554501e+03 1.014534241252037133e-04
2.252008044196365518e+03 8.993772910330034745e-05
2.253676198303176534e+03 8.103554730348615416e-05
2.255344352409989824e+03 7.178702921528628655e-05
2.257012506516800840e+03 6.530737680622412489e-05
2.258680660623615495e+03 5.883796564222071166e-05
2.260348814730426511e+03 5.474930666957998274e-05
2.262016968837239801e+03 5.060183136476523034e-05
2.263685122944050363e+03 4.804727113350954040e-05
2.265353277050861379e+03 4.489229615726137655e-05
2.267021431157672396e+03 4.201716368881206512e-05
2.268689585264485686e+03 3.812316865425587883e-05
2.270357739371300795e+03 3.504815324206839508e-05
2.272025893478111811e+03 3.129612399623979619e-05
2.273694047584924647e+03 2.915833613306320442e-05
2.275362201691735663e+03 2.671809263810685217e-05
2.277030355798546680e+03 2.503583372069295384e-05
2.278698509905357696e+03 2.254344841663942972e-05
2.280366664012170531e+03 2.057132724760952081e-05
2.282034818118986095e+03 1.781172799987631032e-05
2.283702972225796657e+03 1.594553911428947293e-05
2.285371126332609947e+03 1.395105365305217431e-05
2.287039280439420963e+03 1.296958970610789169e-05
2.288707434546231980e+03 1.178311337659513056e-05
2.290375588653042996e+03 1.147908001223054442e-05
2.292043742759855832e+03 1.060593346360451504e-05
2.293711896866666848e+03 1.024590872095868618e-05
2.295380050973481957e+03 9.263420189795417697e-06
2.297048205080295247e+03 8.718559719813902040e-06
2.298716359187106264e+03 7.466675687231501324e-06
2.300384513293917280e+03 6.740293202117179578e-06
2.302052667400727842e+03 5.563234808823006439e-06
2.303720821507541132e+03 4.976610775634145342e-06
2.305388975614352148e+03 4.008873847499782006e-06
2.307057129721166802e+03 3.630507275777504285e-06
2.308725283827977819e+03 2.882420858839332346e-06
2.310393437934791109e+03 2.639831692986255827e-06
2.312061592041602125e+03 2.009082786769265565e-06
2.313729746148412687e+03 1.867726015275476244e-06
2.315397900255223703e+03 1.337099332813404245e-06
2.317066054362036994e+03 1.281070040889512982e-06
2.318734208468852103e+03 8.348626143485001178e-07
2.320402362575663119e+03 8.651008230913853310e-07
2.322070516682475954e+03 4.960056288080716305e-07
2.323738670789286971e+03 6.057379030901198980e-07
2.325406824896097987e+03 3.133252559767872842e-07
2.327074979002909004e+03 4.958205303131683224e-07
2.328743133109722294e+03 2.747404826153566631e-07
2.330411287216532855e+03 5.399508670256174355e-07
2.332079441323348419e+03 3.819454171368192207e-07
2.333747595430161255e+03 7.348642467946175434e-07
2.335415749536972271e+03 6.760776963825822926e-07
2.337083903643783287e+03 1.137897220330990001e-06
2.338752057750594304e+03 1.154835437027982211e-06
2.340420211857407139e+03 1.693978100019135078e-06
2.342088365964217701e+03 1.704300789665666184e-06
2.343756520071033265e+03 2.220286629435880017e-06
2.345424674177846555e+03 2.180976349295182541e-06
2.347092828284657571e+03 2.717664534526015223e-06
2.348760982391468588e+03 2.719949989862131693e-06
2.350429136498279149e+03 3.371370392273428785e-06
2.352097290605092439e+03 3.503965367733177827e-06
2.353765444711903001e+03 4.253484848519886911e-06
2.355433598818718565e+03 4.340934235640675403e-06
2.357101752925529127e+03 5.128533484407648183e-06
2.358769907032342417e+03 5.170931252816161333e-06
2.360438061139153433e+03 5.952100159752424015e-06
2.362106215245964449e+03 6.077299799684463650e-06
2.363774369352777740e+03 6.984780069903401335e-06
2.365442523459588301e+03 7.186132276452282862e-06
2.367110677566403865e+03 8.291120340983391488e-06
2.368778831673214427e+03 8.669613854162668904e-06
2.370446985780027717e+03 9.995724474797336166e-06
2.372115139886838278e+03 1.033770856508817928e-05
2.373783293993649295e+03 1.156840504790700908e-05
2.375451448100459857e+03 1.159783594823641845e-05
2.377119602207273601e+03 1.254302243802576197e-05
2.378787756314089165e+03 1.241619076376211818e-05
2.380455910420899727e+03 1.338433996230593880e-05
2.382124064527713017e+03 1.340841854631069715e-05
2.383792218634523579e+03 1.458181820819421265e-05
2.385460372741334595e+03 1.451231199701014762e-05
2.387128526848145157e+03 1.575990559971529663e-05
2.388796680954958447e+03 1.568274798029854162e-05
2.390464835061774011e+03 1.719846257935478531e-05
2.392132989168585027e+03 1.749744044238108216e-05
2.393801143275398317e+03 1.957483441350863437e-05
2.395469297382208879e+03 2.000582074673045880e-05
2.397137451489019895e+03 2.215431500331550380e-05
2.398805605595830457e+03 2.254589546708969842e-05
2.400473759702643747e+03 2.453271645633321699e-05
2.402141913809454309e+03 2.490265405061176912e-05
2.403810067916269873e+03 2.691527451040490854e-05
2.405478222023080434e+03 2.696627763562827560e-05
2.407146376129894179e+03 2.885200672966109674e-05
2.408814530236705195e+03 2.845827230076341028e-05
2.410482684343515757e+03 3.055503204003052185e-05
2.412150838450329047e+03 3.059969560313893512e-05
2.413818992557139609e+03 3.339388351530967033e-05
2.415487146663955173e+03 3.371105955645648986e-05
2.417155300770765734e+03 3.686126943099961073e-05
2.418823454877579024e+03 3.738987477491533033e-05
2.420491608984390041e+03 4.074078202669160608e-05
2.422159763091200603e+03 4.137670648146104499e-05
2.423827917198011619e+03 4.548973784144910319e-05
2.425496071304824909e+03 4.603034672912307895e-05
2.427164225411640473e+03 4.995988991772319903e-05
2.428832379518451489e+03 4.982583874238591333e-05
2.430500533625264325e+03 5.373048368963014634e-05
2.432168687732074886e+03 5.363150010276465592e-05
2.433836841838885903e+03 5.827163118951367884e-05
2.435504995945696464e+03 5.966797275314028224e-05
2.437173150052510209e+03 6.600468809789782065e-05
2.438841304159320771e+03 6.812274048461421398e-05
2.440509458266136335e+03 7.643620003538360039e-05
2.442177612372949625e+03 7.947602236261719290e-05
2.443845766479760186e+03 8.901505358767677716e-05
2.445513920586571203e+03 9.368485588463765093e-05
2.447182074693381765e+03 1.052245685986648229e-04
2.448850228800195055e+03 1.122887259187913656e-04
2.450518382907006071e+03 1.301379846558434921e-04
2.452186537013821180e+03 1.445277581851152294e-04
2.453854691120634470e+03 1.712568710122339382e-04
2.455522845227445487e+03 1.934376909813564677e-04
2.457190999334256503e+03 2.292099256278871033e-04
2.458859153441067065e+03 2.644855977879382496e-04
2.460527307547879900e+03 3.172891627199584969e-04
2.462195461654690916e+03 3.823419963503147702e-04
2.463863615761506480e+03 4.852232865338613208e-04
2.465531769868317497e+03 6.109054225302712081e-04
2.467199923975130787e+03 8.246281862281672117e-04
2.468868078081941349e+03 1.101212285972415954e-03
2.470536232188752365e+03 1.526179837873819275e-03
2.472204386295565200e+03 2.171570506548049003e-03
2.473872540402376217e+03 3.251323200133111446e-03
2.475540694509191781e+03 5.134861977136122996e-03
2.477208848616002797e+03 9.110773163763758592e-03
2.478877002722815632e+03 1.546086924765496806e-02
2.480545156829626649e+03 2.479998567997392794e-02
2.482213310936437210e+03 3.622419431042871174e-02
2.483881465043248227e+03 4.630524483825762538e-02
2.485549619150061517e+03 5.173218730334930293e-02
2.487217773256877081e+03 5.063657926581175556e-02
2.488885927363688097e+03 4.350560342015632326e-02
2.490554081470500932e+03 3.279975063718695849e-02
2.492222235577311494e+03 2.193781028430047755e-02
2.493890389684122511e+03 1.375825744858950005e-02
2.495558543790933072e+03 8.157852771584461413e-03
2.497226697897746817e+03 4.779233066465785051e-03
2.498894852004561926e+03 3.067194068889709125e-03
2.500563006111372943e+03 1.995125029443876093e-03
2.502231160218185778e+03 1.374101563622518634e-03
2.503899314324996794e+03 9.563284639024880341e-04
2.505567468431807811e+03 7.113670985008671522e-04
2.507235622538618372e+03 5.278017834507083310e-04
2.508903776645431662e+03 4.238722020370173211e-04
2.510571930752242224e+03 3.250646919749476823e-04
2.512240084859057788e+03 2.695048685986254798e-04
2.513908238965871078e+03 2.124603725047838636e-04
2.515576393072682094e+03 1.820622345584491943e-04
2.517244547179493111e+03 1.454004625417107269e-04
2.518912701286303673e+03 1.313932507902716815e-04
2.520580855393116508e+03 1.069834165602376541e-04
2.522249009499927524e+03 9.714410318713280576e-05
2.523917163606743088e+03 7.751783649603534530e-05
2.525585317713554105e+03 7.088314873047200850e-05
2.527253471820367395e+03 5.426477300658608306e-05
2.528921625927177956e+03 5.094495549555829058e-05
2.530589780033988973e+03 3.921267774950304809e-05
2.532257934140799080e+03 3.911311935201267146e-05
2.533926088247612824e+03 3.016009218720904435e-05
2.535594242354428388e+03 3.161813906782015414e-05
2.537262396461239405e+03 2.385886152668958556e-05
2.538930550568052240e+03 2.565556826434396115e-05
2.540598704674862802e+03 1.882172785036422983e-05
2.542266858781673818e+03 2.090360034227171698e-05
2.543935012888484380e+03 1.489333675590159607e-05
2.545603166995298125e+03 1.740141828057048027e-05
2.547271321102113689e+03 1.200769972817618381e-05
2.548939475208924705e+03 1.464004807099255035e-05
2.550607629315737540e+03 9.783266269260081817e-06
2.552275783422548102e+03 1.237151636106259362e-05
2.553943937529359118e+03 7.686953107633426156e-06
2.555612091636169680e+03 1.047911627682103277e-05
2.557280245742982515e+03 6.096492816502715090e-06
2.558948399849793987e+03 8.961834795525198136e-06
2.560616553956609096e+03 4.796581802416804379e-06
2.562284708063422840e+03 7.580683946463101821e-06
2.563952862170233402e+03 3.467357284374806244e-06
2.565621016277044419e+03 6.207485145692088676e-06
2.567289170383854980e+03 2.470168961840007271e-06
2.568957324490667816e+03 5.335052792935829768e-06
2.570625478597478832e+03 1.940922284904178308e-06
2.572293632704294396e+03 5.014626316011259167e-06
2.573961786811105412e+03 1.841073828119351148e-06
2.575629940917918702e+03 4.836598910542304435e-06
2.577298095024729719e+03 1.684159687010896752e-06
2.578966249131539826e+03 4.475089513728245165e-06
2.580634403238353116e+03 1.196016239975181622e-06
2.582302557345164132e+03 3.810754914302570901e-06
2.583970711451979696e+03 5.336101870702718271e-07
2.585638865558790712e+03 3.132649876585570351e-06
2.587307019665603548e+03 3.114457981256130705e-08
2.588975173772414109e+03 2.696347723581705726e-06
2.590643327879225126e+03 -2.725749653712774332e-07
2.592311481986035687e+03 2.336484251176432870e-06
2.593979636092849432e+03 -5.786877829157154642e-07
2.595647790199664996e+03 2.011998111517222875e-06
2.597315944306476013e+03 -7.897400916661860021e-07
2.598984098413288848e+03 1.845248570827920003e-06
2.600652252520099410e+03 -8.242251459470072206e-07
2.602320406626910426e+03 1.809517015785461690e-06
2.603988560733720988e+03 -8.365744448990435296e-07
2.605656714840534733e+03 1.758899595419320187e-06
2.607324868947350296e+03 -8.688243985674086699e-07
2.608993023054160403e+03 1.658305288700804552e-06
2.610661177160974148e+03 -9.404351091991901887e-07
2.612329331267784710e+03 1.553197302701985085e-06
2.613997485374595726e+03 -1.025298335390943555e-06
2.615665639481406288e+03 1.429001194373616163e-06
2.617333793588219123e+03 -1.079616883599332930e-06
2.619001947695030140e+03 1.368608780999248572e-06
2.620670101801845703e+03 -1.071797483329954409e-06
2.622338255908659448e+03 1.367640869881287977e-06
2.624006410015470010e+03 -1.046197647810162952e-06
2.625674564122281026e+03 1.344223892015111742e-06
2.627342718229091588e+03 -1.074485296619819183e-06
2.629010872335903969e+03 1.293673127531407114e-06
2.630679026442715440e+03 -1.097543809294636248e-06
2.632347180549531458e+03 1.242592557270709794e-06
2.634015334656342475e+03 -1.113368730647267078e-06
2.635683488763155310e+03 1.177399524545859916e-06
2.637351642869965417e+03 -1.154607704998211305e-06
2.639019796976776433e+03 1.121426522947024803e-06
2.640687951083589269e+03 -1.175872912443795325e-06
2.642356105190400285e+03 1.099770995385272900e-06
2.644024259297216304e+03 -1.181166965157178117e-06
2.645692413404027320e+03 1.070715906790433220e-06
2.647360567510840156e+03 -1.207785503143984308e-06
