1.998399999999999636e+03 3.421906374018086108e-06
2.000100000000000364e+03 4.174352755055523051e-06
2.001800000000001546e+03 3.738883379853632030e-06
2.003500000000000000e+03 4.465302370265319693e-06
2.005100000000000364e+03 3.949835906339209890e-06
2.006800000000001546e+03 4.637345936364050769e-06
2.008500000000000000e+03 4.031513631057530758e-06
2.010100000000000364e+03 4.726379928106451929e-06
2.011800000000001546e+03 4.147376840092871382e-06
2.013500000000000000e+03 4.920344701157525660e-06
2.015100000000000364e+03 4.405076685689715630e-06
2.016800000000001546e+03 5.226354881192128005e-06
2.018500000000000000e+03 4.690319771152590918e-06
2.020100000000000364e+03 5.454963285435777258e-06
2.021800000000001546e+03 4.871892042446319058e-06
2.023500000000000000e+03 5.599610325346230442e-06
2.025100000000000364e+03 4.912030567504961409e-06
2.026800000000001546e+03 5.570573055197126440e-06
2.028500000000000000e+03 4.786920891010837299e-06
2.030100000000000364e+03 5.375263472399639111e-06
2.031800000000001546e+03 4.587889580008608867e-06
2.033500000000000000e+03 5.228177140307565984e-06
2.035100000000000364e+03 4.418629379680896208e-06
2.036800000000001546e+03 5.011118696307586703e-06
2.038500000000000000e+03 4.110088130175278830e-06
2.040199999999998454e+03 4.635400351315894816e-06
2.041800000000001546e+03 3.673407874884752416e-06
2.043500000000000000e+03 4.215561830531016553e-06
2.045199999999998454e+03 3.272482759372331796e-06
2.046800000000001546e+03 3.831993242446724070e-06
2.048500000000000000e+03 2.933985602389584609e-06
2.050199999999998454e+03 3.538654859628103666e-06
2.051800000000001546e+03 2.626314421821561674e-06
2.053500000000000000e+03 3.238822620477124463e-06
2.055199999999998454e+03 2.290499507827254663e-06
2.056800000000001546e+03 2.921116163520468022e-06
2.058500000000000000e+03 2.001776146614001178e-06
2.060199999999998454e+03 2.735168446933557549e-06
2.061800000000001546e+03 1.864233474426992022e-06
2.063500000000000000e+03 2.643437356742494632e-06
2.065199999999998454e+03 1.776958478029764138e-06
2.066800000000001546e+03 2.519481392428004927e-06
2.068500000000000000e+03 1.619063665255657520e-06
2.070199999999998454e+03 2.380899337476142600e-06
2.071800000000001546e+03 1.490199879495431292e-06
2.073500000000000000e+03 2.303115187261598665e-06
2.075199999999998454e+03 1.431737944652591863e-06
2.076899999999999636e+03 2.271543334517233517e-06
2.078500000000000000e+03 1.369256211918191590e-06
2.080199999999998454e+03 2.221135041871448837e-06
2.081899999999999636e+03 1.314568639712439344e-06
2.083500000000000000e+03 2.197438821930076084e-06
2.085199999999998454e+03 1.314478290340128932e-06
2.086899999999999636e+03 2.235846045551076565e-06
2.088500000000000000e+03 1.348323510981042897e-06
2.090199999999998454e+03 2.287414438544554489e-06
2.091899999999999636e+03 1.423334012304261774e-06
2.093500000000000000e+03 2.412591957108108017e-06
2.095199999999998454e+03 1.601225235022046122e-06
2.096899999999999636e+03 2.665558769835822660e-06
2.098500000000000000e+03 1.833753431735801293e-06
2.100199999999998454e+03 2.881068019850214367e-06
2.101899999999999636e+03 2.017534460239412824e-06
2.103500000000000000e+03 3.057726037668122511e-06
2.105199999999998454e+03 2.201244957323039432e-06
2.106899999999999636e+03 3.276767535132420245e-06
2.108500000000000000e+03 2.407996145149581315e-06
2.110199999999998454e+03 3.493906115375804768e-06
2.111899999999999636e+03 2.639603911634939707e-06
2.113600000000000364e+03 3.810869290265625717e-06
2.115199999999998454e+03 3.044855295744629624e-06
2.116899999999999181e+03 4.329552006152714731e-06
2.118600000000000819e+03 3.571044469279625526e-06
2.120199999999998454e+03 4.805544643623396169e-06
2.121899999999999181e+03 3.959481649509197862e-06
2.123600000000000819e+03 5.066953039607250995e-06
2.125199999999998454e+03 4.049508075639571398e-06
2.126899999999999181e+03 5.114533702012960850e-06
2.128600000000000819e+03 4.089100854631455732e-06
2.130199999999998454e+03 5.244502522707729036e-06
2.131899999999999181e+03 4.353490379700556228e-06
2.133600000000000819e+03 5.689957680643166046e-06
2.135199999999998454e+03 4.894742298355275932e-06
2.136899999999999181e+03 6.346978739332961477e-06
2.138600000000000819e+03 5.653265558324304714e-06
2.140199999999998454e+03 7.258967953719551507e-06
2.141899999999999181e+03 6.612884285888842803e-06
2.143600000000000819e+03 8.265437485964504576e-06
2.145199999999998454e+03 7.552891638469388056e-06
2.146899999999999181e+03 9.168781053656883346e-06
2.148600000000000819e+03 8.474432232477789844e-06
2.150300000000001546e+03 1.019313575960942632e-05
2.151899999999999181e+03 9.601926509816077965e-06
2.153600000000000819e+03 1.127317932780288897e-05
2.155300000000001546e+03 1.052987645371878009e-05
2.156899999999999181e+03 1.211435504518864767e-05
2.158600000000000819e+03 1.126606695605992885e-05
2.160300000000001546e+03 1.303585098317135874e-05
2.161899999999999181e+03 1.248805447870857880e-05
2.163600000000000819e+03 1.459866953884573182e-05
2.165300000000001546e+03 1.430534687592144390e-05
2.166899999999999181e+03 1.673725435704094235e-05
2.168600000000000819e+03 1.681911889237318320e-05
2.170300000000001546e+03 1.940545925572914382e-05
2.171899999999999181e+03 1.946422035360786680e-05
2.173600000000000819e+03 2.183578997701982795e-05
2.175300000000001546e+03 2.165546165842338185e-05
2.176899999999999181e+03 2.400666192140066298e-05
2.178600000000000819e+03 2.417067980910540183e-05
2.180300000000001546e+03 2.720056153731416601e-05
2.181899999999999181e+03 2.779515549486484858e-05
2.183600000000000819e+03 3.082985260129554643e-05
2.185300000000001546e+03 3.113223168423919618e-05
2.187000000000000000e+03 3.412932907656993325e-05
2.188600000000000819e+03 3.482483707187157253e-05
2.190300000000001546e+03 3.895552489094958857e-05
2.192000000000000000e+03 4.129580703098388014e-05
2.193600000000000819e+03 4.668652378062352850e-05
2.195300000000001546e+03 4.969045151506551640e-05
2.197000000000000000e+03 5.512816146409436468e-05
2.198600000000000819e+03 5.752897512229001166e-05
2.200300000000001546e+03 6.232597771620430026e-05
2.202000000000000000e+03 6.424424536590939735e-05
2.203600000000000819e+03 6.893997117990817978e-05
2.205300000000001546e+03 7.079705738506713675e-05
2.207000000000000000e+03 7.668269467753165321e-05
2.208600000000000819e+03 8.103621215884228063e-05
2.210300000000001546e+03 8.980525906307485059e-05
2.212000000000000000e+03 9.784747376138408666e-05
2.213600000000000819e+03 1.085547708302875167e-04
2.215300000000001546e+03 1.164634784830503541e-04
2.217000000000000000e+03 1.256398307308649652e-04
2.218600000000000819e+03 1.308829117397065174e-04
2.220300000000001546e+03 1.392485208425875572e-04
2.222000000000000000e+03 1.461773764260580419e-04
2.223600000000000819e+03 1.588407918328025236e-04
2.225300000000001546e+03 1.703439125542593362e-04
2.227000000000000000e+03 1.863682157562648932e-04
2.228699999999998454e+03 1.988456497655082824e-04
2.230300000000001546e+03 2.135301121164170858e-04
2.232000000000000000e+03 2.272682432317713736e-04
2.233699999999998454e+03 2.471120005152158692e-04
2.235300000000001546e+03 2.683081489523601371e-04
2.237000000000000000e+03 2.973269778404965006e-04
2.238699999999998454e+03 3.231458317417449191e-04
2.240300000000001546e+03 3.524278968237620551e-04
2.242000000000000000e+03 3.792789490819452325e-04
2.243699999999998454e+03 4.128177758557419587e-04
2.245300000000001546e+03 4.497761758958992301e-04
2.247000000000000000e+03 5.016322973829809902e-04
2.248699999999998454e+03 5.563289813645513936e-04
2.250300000000001546e+03 6.245935029422285557e-04
2.252000000000000000e+03 6.929722258703770134e-04
2.253699999999998454e+03 7.653414647850850967e-04
2.255300000000001546e+03 8.285648947904567397e-04
2.257000000000000000e+03 9.026728308568417484e-04
2.258699999999998454e+03 9.830466335620502687e-04
2.260300000000001546e+03 1.104496424107831052e-03
2.262000000000000000e+03 1.261552895877709676e-03
2.263699999999998454e+03 1.486760392228510903e-03
2.265399999999998727e+03 1.759196406142345430e-03
2.267000000000000000e+03 2.086993021448661084e-03
2.268699999999998454e+03 2.432645963976229776e-03
2.270399999999998727e+03 2.851453083604515992e-03
2.272000000000000000e+03 3.352373119298702499e-03
2.273699999999998454e+03 4.008558967516384457e-03
2.275399999999998727e+03 4.901617049968417898e-03
2.277000000000000000e+03 6.075618778759481024e-03
2.278699999999998454e+03 7.649274968956571406e-03
2.280399999999998727e+03 9.609280058675130284e-03
2.282000000000000000e+03 1.212156889829426112e-02
2.283699999999998454e+03 1.526230453593157774e-02
2.285399999999998727e+03 1.915804972980043527e-02
2.287000000000000000e+03 2.349024770472513818e-02
2.288699999999998454e+03 2.784706604368466024e-02
2.290399999999998727e+03 3.143317414172776270e-02
2.292000000000000000e+03 3.342446534293504190e-02
2.293699999999998454e+03 3.343206595986854268e-02
2.295399999999998727e+03 3.149314025595041644e-02
2.297000000000000000e+03 2.802220359554382506e-02
2.298699999999998454e+03 2.378988617937003239e-02
2.300399999999998727e+03 1.948728386701202922e-02
2.302100000000001273e+03 1.565011208796985090e-02
2.303699999999998454e+03 1.240731559666515167e-02
2.305399999999998727e+03 9.928803719408492781e-03
2.307100000000001273e+03 8.086803490235527567e-03
2.308699999999998454e+03 6.715130333358206201e-03
2.310399999999998727e+03 5.797332787060932580e-03
2.312100000000001273e+03 5.098487115620617752e-03
2.313699999999998454e+03 4.551969781540998912e-03
2.315399999999998727e+03 4.042734209890030787e-03
2.317100000000001273e+03 3.615977818238069134e-03
2.318699999999998454e+03 3.233736581532817636e-03
2.320399999999998727e+03 2.937604507758001353e-03
2.322100000000001273e+03 2.678984712173930645e-03
2.323699999999998454e+03 2.454872165693077618e-03
2.325399999999998727e+03 2.236445034355663379e-03
2.327100000000001273e+03 2.042192283085577514e-03
2.328699999999998454e+03 1.842087312905315221e-03
2.330399999999998727e+03 1.664410565894515340e-03
2.332100000000001273e+03 1.480247041306216333e-03
2.333699999999998454e+03 1.302014175019362277e-03
2.335399999999998727e+03 1.135506236842825402e-03
2.337100000000001273e+03 9.933910283860449691e-04
2.338800000000001546e+03 8.736752286284646569e-04
2.340399999999998727e+03 7.845043681523211241e-04
2.342100000000001273e+03 7.124361764196927588e-04
2.343800000000002001e+03 6.623677366837324313e-04
2.345399999999998727e+03 6.130388363350812615e-04
2.347100000000001273e+03 5.720730158191435037e-04
2.348800000000002001e+03 5.280782181892830149e-04
2.350399999999998727e+03 4.823792047238257934e-04
2.352100000000001273e+03 4.292409033422488261e-04
2.353800000000002001e+03 3.876201619333381363e-04
2.355399999999998727e+03 3.478087771604014772e-04
2.357100000000001273e+03 3.218037497651834327e-04
2.358800000000002001e+03 2.965299375769762545e-04
2.360399999999998727e+03 2.789841022808342715e-04
2.362100000000001273e+03 2.553795443709726927e-04
2.363800000000002001e+03 2.375039434707230078e-04
2.365399999999998727e+03 2.133667660861106622e-04
2.367100000000001273e+03 1.979370014538407089e-04
2.368800000000002001e+03 1.779962354538481043e-04
2.370399999999998727e+03 1.668646613183783888e-04
2.372100000000001273e+03 1.509566725279964505e-04
2.373800000000002001e+03 1.443132722965864549e-04
2.375500000000000000e+03 1.328143360765330911e-04
2.377100000000001273e+03 1.308241590348426203e-04
2.378800000000002001e+03 1.232903116321471101e-04
2.380500000000000000e+03 1.243356237746586564e-04
2.382100000000001273e+03 1.174772996111735855e-04
2.383800000000002001e+03 1.171652388982380048e-04
2.385500000000000000e+03 1.077466530037556367e-04
2.387100000000001273e+03 1.056590126172084247e-04
2.388800000000002001e+03 9.393866280605542285e-05
2.390500000000000000e+03 9.053146695547580991e-05
2.392100000000001273e+03 7.802359526081249232e-05
2.393800000000002001e+03 7.570190773875971413e-05
2.395500000000000000e+03 6.511972950294871480e-05
2.397100000000001273e+03 6.537201939973783513e-05
2.398800000000002001e+03 5.806011385343013873e-05
2.400500000000000000e+03 6.059466987534603278e-05
2.402100000000001273e+03 5.393455084796859356e-05
2.403800000000002001e+03 5.676939847252198508e-05
2.405500000000000000e+03 4.935614603108782268e-05
2.407100000000001273e+03 5.151915226540874297e-05
2.408800000000002001e+03 4.282602508710049418e-05
2.410500000000000000e+03 4.418010700988297024e-05
2.412199999999997999e+03 3.507952401242567600e-05
2.413800000000002001e+03 3.676675179683819598e-05
2.415500000000000000e+03 2.821899170003617033e-05
2.417199999999997999e+03 3.086925030632374208e-05
2.418800000000002001e+03 2.296419985015872589e-05
2.420500000000000000e+03 2.671306872460120507e-05
2.422199999999997999e+03 1.956707215968151397e-05
2.423800000000002001e+03 2.444486745466645594e-05
2.425500000000000000e+03 1.776803296099364513e-05
2.427199999999997999e+03 2.315690318333067950e-05
2.428800000000002001e+03 1.600402966089006817e-05
2.430500000000000000e+03 2.098430682096899273e-05
2.432199999999997999e+03 1.335043113733836752e-05
2.433800000000002001e+03 1.840416521855223048e-05
2.435500000000000000e+03 1.065595461337287123e-05
2.437199999999997999e+03 1.621305783218885549e-05
2.438800000000002001e+03 8.350932612533658802e-06
2.440500000000000000e+03 1.420555583412481758e-05
2.442199999999997999e+03 6.086082273393889399e-06
2.443800000000002001e+03 1.237749870299900022e-05
2.445500000000000000e+03 4.279824473616027823e-06
2.447199999999997999e+03 1.099433244643265520e-05
2.448899999999998727e+03 2.865497576570909125e-06
2.450500000000000000e+03 9.951192402721544041e-06
2.452199999999997999e+03 1.577223741776288493e-06
2.453899999999998727e+03 9.161170927948187896e-06
2.455500000000000000e+03 6.516039312370378331e-07
2.457199999999997999e+03 8.684661807106102831e-06
2.458899999999998727e+03 -5.016375160037175511e-09
2.460500000000000000e+03 8.469356211364305738e-06
2.462199999999997999e+03 -5.047171425531335229e-07
2.463899999999998727e+03 8.380663511014121265e-06
2.465500000000000000e+03 -9.695947582007083116e-07
2.467199999999997999e+03 8.246095644736941107e-06
2.468899999999998727e+03 -1.613648372964492300e-06
2.470500000000000000e+03 7.928885657901288343e-06
2.472199999999997999e+03 -2.427131194528897000e-06
2.473899999999998727e+03 7.611916512012908455e-06
2.475500000000000000e+03 -3.139551362909555774e-06
2.477199999999997999e+03 7.510091152607760097e-06
2.478899999999998727e+03 -3.664887628124800843e-06
2.480500000000000000e+03 7.621834628765456326e-06
2.482199999999997999e+03 -4.131600533431584985e-06
2.483899999999998727e+03 7.785112945066813175e-06
2.485500000000000000e+03 -4.597419581854769751e-06
2.487199999999997999e+03 7.951387998291480649e-06
2.488899999999998727e+03 -5.140231471106951310e-06
2.490600000000001273e+03 8.183143967202218512e-06
2.492199999999997999e+03 -5.704804866311660339e-06
2.493899999999998727e+03 8.458044354693233698e-06
2.495600000000001273e+03 -6.281072194861504107e-06
2.497199999999997999e+03 8.834698644904753203e-06
2.498899999999998727e+03 -6.883254539203883549e-06
2.500600000000001273e+03 9.345373448119575382e-06
2.502199999999997999e+03 -7.478152425383682565e-06
2.503899999999998727e+03 9.986930830106890760e-06
2.505600000000001273e+03 -8.133994548987219110e-06
2.507199999999997999e+03 1.074995689212605068e-05
2.508899999999998727e+03 -8.878326102861284496e-06
2.510600000000001273e+03 1.169849384336294737e-05
2.512199999999997999e+03 -9.689107474992018643e-06
2.513899999999998727e+03 1.293429543926413458e-05
2.515600000000001273e+03 -1.055566953147557100e-05
2.517199999999997999e+03 1.456510577154712015e-05
2.518899999999998727e+03 -1.145547366731012855e-05
2.520600000000001273e+03 1.678234375236388760e-05
2.522199999999997999e+03 -1.240157895579680387e-05
2.523899999999998727e+03 1.972459126377948310e-05
2.525600000000001273e+03 -1.337983022118572090e-05
2.527300000000002001e+03 2.424934155203589559e-05
2.528899999999998727e+03 -1.380107664580206966e-05
2.530600000000001273e+03 3.240278907005764522e-05
2.532300000000002001e+03 -1.226133860887172915e-05
2.533899999999998727e+03 4.683329028490211050e-05
2.535600000000001273e+03 -7.430195670108897300e-06
2.537300000000002001e+03 7.809356960103943008e-05
2.538899999999998727e+03 9.587048414225009577e-06
2.540600000000001273e+03 1.691660666549746166e-04
2.542300000000002001e+03 9.752645430948335826e-05
2.543899999999998727e+03 1.332987550255906699e-03
2.545600000000001273e+03 3.266624873616336480e-03
2.547300000000002001e+03 7.084319607533271466e-03
2.548899999999998727e+03 1.303673405063665060e-02
2.550600000000001273e+03 1.859225727599994604e-02
2.552300000000002001e+03 2.186365004799442624e-02
2.553899999999998727e+03 2.153987753354056831e-02
2.555600000000001273e+03 1.775039690438950588e-02
2.557300000000002001e+03 1.201585661092314551e-02
2.558899999999998727e+03 6.319760263519324205e-03
2.560600000000001273e+03 3.096194933860306822e-03
2.562300000000002001e+03 1.157933115337008486e-03
2.564000000000000000e+03 2.245194663508547528e-04
2.565600000000001273e+03 2.675115280994624424e-04
2.567300000000002001e+03 8.244047512190731566e-05
2.569000000000000000e+03 1.352351482577335252e-04
2.570600000000001273e+03 3.712370644694010057e-05
2.572300000000002001e+03 8.434437587673989365e-05
2.574000000000000000e+03 1.537519924622446352e-05
2.575600000000001273e+03 5.667889734400208463e-05
2.577300000000002001e+03 4.166053419234244765e-06
2.579000000000000000e+03 4.061180689478324324e-05
2.580600000000001273e+03 -1.278422103379947786e-06
2.582300000000002001e+03 3.199862834566344485e-05
2.584000000000000000e+03 -3.384892073905620019e-06
2.585600000000001273e+03 2.654261451665799925e-05
2.587300000000002001e+03 -4.694101446261908553e-06
2.589000000000000000e+03 2.230411681282205483e-05
2.590600000000001273e+03 -5.575925279016103958e-06
2.592300000000002001e+03 1.922571676732919168e-05
2.594000000000000000e+03 -5.837193764738796141e-06
2.595600000000001273e+03 1.709094474387118134e-05
2.597300000000002001e+03 -5.995929159642599061e-06
2.599000000000000000e+03 1.510250108466340038e-05
2.600699999999997999e+03 -6.289585430100362155e-06
2.602300000000002001e+03 1.332731261550966903e-05
2.604000000000000000e+03 -6.435145248396555669e-06
2.605699999999997999e+03 1.216142731468587807e-05
2.607300000000002001e+03 -6.140189765490760012e-06
2.609000000000000000e+03 1.140476060625350689e-05
2.610699999999997999e+03 -5.930562573371307154e-06
2.612300000000002001e+03 1.052782261910905742e-05
2.614000000000000000e+03 -6.002283166544344275e-06
2.615699999999997999e+03 9.542062943091468146e-06
2.617300000000002001e+03 -6.072075239238833991e-06
2.619000000000000000e+03 8.802066074841597050e-06
2.620699999999997999e+03 -5.933763796985240146e-06
2.622300000000002001e+03 8.344313352425109778e-06
2.624000000000000000e+03 -5.633643864558344241e-06
2.625699999999997999e+03 8.049058487173300840e-06
2.627300000000002001e+03 -5.333079805096478040e-06
2.629000000000000000e+03 7.733375187020352751e-06
2.630699999999997999e+03 -5.180226618563181797e-06
2.632300000000002001e+03 7.284189451636195886e-06
2.634000000000000000e+03 -5.179543116917316609e-06
2.635699999999997999e+03 6.779523618049775014e-06
2.637399999999998272e+03 -5.162006844823692668e-06
2.639000000000000000e+03 6.412412552324659693e-06
2.640699999999997999e+03 -5.057177922667393146e-06
2.642399999999998272e+03 6.142131540625627519e-06
2.644000000000000000e+03 -4.943626754709783800e-06
2.645699999999997999e+03 5.862535835205445152e-06
2.647399999999998272e+03 -4.874358401020341976e-06
2.649000000000000000e+03 5.606450400345215995e-06
2.650699999999997999e+03 -4.751628767753764687e-06
2.652399999999998272e+03 5.441279940873532768e-06
2.654000000000000000e+03 -4.570562062348817209e-06
2.655699999999997999e+03 5.313664102776811435e-06
2.657399999999998272e+03 -4.440259922265275220e-06
2.659000000000000000e+03 5.112990591082206526e-06
2.660699999999997999e+03 -4.401944936965191185e-06
2.662399999999998272e+03 4.864512880724813610e-06
2.664000000000000000e+03 -4.384692497008472786e-06
2.665699999999997999e+03 4.660464810369611861e-06
2.667399999999998272e+03 -4.302978853452166916e-06
2.669000000000000000e+03 4.550040364612267544e-06
2.670699999999997999e+03 -4.158472844365605929e-06
2.672399999999998272e+03 4.478701082929030293e-06
2.674100000000001728e+03 -4.030263947482275953e-06
2.675699999999997999e+03 4.373883548891699318e-06
2.677399999999998272e+03 -3.947539812469965116e-06
2.679100000000001728e+03 4.245693285365804685e-06
2.680699999999997999e+03 -3.874235832139963370e-06
2.682399999999998272e+03 4.138387557789210793e-06
2.684100000000001728e+03 -3.796146856846127567e-06
2.685699999999997999e+03 4.038563411367866527e-06
2.687399999999998272e+03 -3.727263976736631158e-06
2.689100000000001728e+03 3.933800944984815102e-06
2.690699999999997999e+03 -3.671825064017193934e-06
2.692399999999998272e+03 3.821092216089427479e-06
2.694100000000001728e+03 -3.629155956131923497e-06
2.695699999999997999e+03 3.719422790992514454e-06
2.697399999999998272e+03 -3.568915079927275768e-06
2.699100000000001728e+03 3.647877902055919353e-06
2.700699999999997999e+03 -3.486114010279366886e-06
2.702399999999998272e+03 3.591145110767060929e-06
2.704100000000001728e+03 -3.416797664488898569e-06
2.705699999999997999e+03 3.520292582325131031e-06
2.707399999999998272e+03 -3.359265892762189162e-06
2.709100000000001728e+03 3.442920639115721334e-06
2.710800000000002001e+03 -3.318659708851197006e-06
2.712399999999998272e+03 3.350610986377880020e-06
2.714100000000001728e+03 -3.300657676458654580e-06
2.715800000000002001e+03 3.253608064739871097e-06
2.717399999999998272e+03 -3.265836989951143418e-06
2.719100000000001728e+03 3.200565946060027356e-06
2.720800000000002001e+03 -3.193935028897455589e-06
2.722399999999998272e+03 3.170960052435419977e-06
2.724100000000001728e+03 -3.127937978815229044e-06
2.725800000000002001e+03 3.121076260947470652e-06
2.727399999999998272e+03 -3.077946697827414909e-06
2.729100000000001728e+03 3.072058351974746029e-06
2.730800000000002001e+03 -3.022918071148427605e-06
2.732399999999998272e+03 3.035145267491487427e-06
2.734100000000001728e+03 -2.969413441801590742e-06
2.735800000000002001e+03 2.991746385122718240e-06
2.737399999999998272e+03 -2.925836037781510472e-06
2.739100000000001728e+03 2.945440506897470344e-06
2.740800000000002001e+03 -2.887068153041066540e-06
2.742399999999998272e+03 2.896852426579250008e-06
2.744100000000001728e+03 -2.852911800153481800e-06
2.745800000000002001e+03 2.844507093016062539e-06
2.747399999999998272e+03 -2.822823570225694947e-06
