1.998399999999999636e+03 3.633075760690403158e-06
2.000100000000000364e+03 4.298068415907590582e-06
2.001800000000001546e+03 4.058477795007116140e-06
2.003500000000000000e+03 4.606973988451921915e-06
2.005100000000000364e+03 4.324590111258947587e-06
2.006800000000001546e+03 4.909657170804130771e-06
2.008500000000000000e+03 4.708093041879387416e-06
2.010100000000000364e+03 5.364496476701070088e-06
2.011800000000001546e+03 5.178252858683229403e-06
2.013500000000000000e+03 5.791404927266310464e-06
2.015100000000000364e+03 5.484951998232800803e-06
2.016800000000001546e+03 6.051731690873360832e-06
2.018500000000000000e+03 5.653397422570458180e-06
2.020100000000000364e+03 6.125198286890558747e-06
2.021800000000001546e+03 5.716940260671430512e-06
2.023500000000000000e+03 6.201291513996843694e-06
2.025100000000000364e+03 5.752271365914505222e-06
2.026800000000001546e+03 6.246071544708053808e-06
2.028500000000000000e+03 5.754984130642747857e-06
2.030100000000000364e+03 6.223299044385597893e-06
2.031800000000001546e+03 5.686185966300256235e-06
2.033500000000000000e+03 6.130900992262306019e-06
2.035100000000000364e+03 5.544236767679906007e-06
2.036800000000001546e+03 5.928631564084046016e-06
2.038500000000000000e+03 5.340736316581699435e-06
2.040199999999998454e+03 5.818421348258515300e-06
2.041800000000001546e+03 5.280662226058421649e-06
2.043500000000000000e+03 5.813722882816020233e-06
2.045199999999998454e+03 5.227173829349609825e-06
2.046800000000001546e+03 5.723591592827306952e-06
2.048500000000000000e+03 5.107525692043590260e-06
2.050199999999998454e+03 5.683720645661778087e-06
2.051800000000001546e+03 5.091040443153651251e-06
2.053500000000000000e+03 5.600645017639200215e-06
2.055199999999998454e+03 4.823314877060020456e-06
2.056800000000001546e+03 5.142694377242578533e-06
2.058500000000000000e+03 4.243538644518766286e-06
2.060199999999998454e+03 4.679514558867162178e-06
2.061800000000001546e+03 4.013723209905075898e-06
2.063500000000000000e+03 4.810736874274385404e-06
2.065199999999998454e+03 4.381634892964050177e-06
2.066800000000001546e+03 5.323742659734198214e-06
2.068500000000000000e+03 4.877947807125491121e-06
2.070199999999998454e+03 5.796910183727637427e-06
2.071800000000001546e+03 5.257353051470509756e-06
2.073500000000000000e+03 6.252122551500117044e-06
2.075199999999998454e+03 5.816846888214677733e-06
2.076899999999999636e+03 7.028440354876121723e-06
2.078500000000000000e+03 6.764288741600570396e-06
2.080199999999998454e+03 8.151717181058904985e-06
2.081899999999999636e+03 7.922393574270450352e-06
2.083500000000000000e+03 9.481159072465585781e-06
2.085199999999998454e+03 9.302066130360043224e-06
2.086899999999999636e+03 1.102488905413576964e-05
2.088500000000000000e+03 1.093443829258117415e-05
2.090199999999998454e+03 1.292626899022622617e-05
2.091899999999999636e+03 1.304467003760392630e-05
2.093500000000000000e+03 1.556371564369352586e-05
2.095199999999998454e+03 1.636690826957917845e-05
2.096899999999999636e+03 1.989673803356944651e-05
2.098500000000000000e+03 2.164994006052469886e-05
2.100199999999998454e+03 2.628575917848196080e-05
2.101899999999999636e+03 2.922553092200158575e-05
2.103500000000000000e+03 3.636750824138373141e-05
2.105199999999998454e+03 4.264690236698583900e-05
2.106899999999999636e+03 5.480662311652161403e-05
2.108500000000000000e+03 6.661165153140370101e-05
2.110199999999998454e+03 8.567776263350777692e-05
2.111899999999999636e+03 1.057019087808794711e-04
2.113600000000000364e+03 1.385017765334361258e-04
2.115199999999998454e+03 1.842275065528188930e-04
2.116899999999999181e+03 2.733498999382630583e-04
2.118600000000000819e+03 4.528566246057111897e-04
2.120199999999998454e+03 8.715263510612247582e-04
2.121899999999999181e+03 1.518850813886255023e-03
2.123600000000000819e+03 2.490545574687418138e-03
2.125199999999998454e+03 3.608802535939448133e-03
2.126899999999999181e+03 4.445080385815813016e-03
2.128600000000000819e+03 4.696851919781654637e-03
2.130199999999998454e+03 4.259327735473227711e-03
2.131899999999999181e+03 3.288745178253697863e-03
2.133600000000000819e+03 2.124567479118180408e-03
2.135199999999998454e+03 1.143346942897416124e-03
2.136899999999999181e+03 5.596217321477641284e-04
2.138600000000000819e+03 2.185671945257443044e-04
2.140199999999998454e+03 7.553710692605521430e-05
2.141899999999999181e+03 4.463328971820572930e-05
2.143600000000000819e+03 1.877894172712103355e-05
2.145199999999998454e+03 1.231206188244263129e-05
2.146899999999999181e+03 4.375685710133151387e-06
2.148600000000000819e+03 4.386815012733770992e-06
2.150300000000001546e+03 6.709737502647920051e-07
2.151899999999999181e+03 1.845107717367131886e-06
2.153600000000000819e+03 -2.625323067914930593e-07
2.155300000000001546e+03 1.089905839607211494e-06
2.156899999999999181e+03 -3.049931655401611423e-07
2.158600000000000819e+03 1.011819748813581554e-06
2.160300000000001546e+03 -5.632843397342463832e-08
2.161899999999999181e+03 1.133555470115708379e-06
2.163600000000000819e+03 2.588144173659386228e-07
2.165300000000001546e+03 1.352991830871480451e-06
2.166899999999999181e+03 6.346026370310402254e-07
2.168600000000000819e+03 1.673821959161418329e-06
2.170300000000001546e+03 1.097685733024471534e-06
2.171899999999999181e+03 2.018948892175840824e-06
2.173600000000000819e+03 1.511689264491825323e-06
2.175300000000001546e+03 2.336739813990790011e-06
2.176899999999999181e+03 1.891697438378865611e-06
2.178600000000000819e+03 2.703487981072906196e-06
2.180300000000001546e+03 2.423268588250086616e-06
2.181899999999999181e+03 3.356034533054501853e-06
2.183600000000000819e+03 3.292577917573717730e-06
2.185300000000001546e+03 4.350273765452972153e-06
2.187000000000000000e+03 4.500790609237955579e-06
2.188600000000000819e+03 5.569596602101600926e-06
2.190300000000001546e+03 5.755093162067520108e-06
2.192000000000000000e+03 6.743889217104784842e-06
2.193600000000000819e+03 6.815716367264305194e-06
2.195300000000001546e+03 7.680693506734257236e-06
2.197000000000000000e+03 7.723962313255172969e-06
2.198600000000000819e+03 8.542966571956778091e-06
2.200300000000001546e+03 8.702631466679734535e-06
2.202000000000000000e+03 9.613281116613720724e-06
2.203600000000000819e+03 9.835657736936692777e-06
2.205300000000001546e+03 1.072649347620804757e-05
2.207000000000000000e+03 1.103500833304005350e-05
2.208600000000000819e+03 1.204161900469000823e-05
2.210300000000001546e+03 1.257302316979019643e-05
2.212000000000000000e+03 1.397165604150065882e-05
2.213600000000000819e+03 1.489060468536349926e-05
2.215300000000001546e+03 1.627991121780783746e-05
2.217000000000000000e+03 1.716664961782980259e-05
2.218600000000000819e+03 1.845590528447771037e-05
2.220300000000001546e+03 1.925783289668913032e-05
2.222000000000000000e+03 2.071577109246512495e-05
2.223600000000000819e+03 2.210997961963291142e-05
2.225300000000001546e+03 2.399937672629978507e-05
2.227000000000000000e+03 2.536153573903115422e-05
2.228699999999998454e+03 2.686452770083371942e-05
2.230300000000001546e+03 2.761922447776444167e-05
2.232000000000000000e+03 2.880421810296601999e-05
2.233699999999998454e+03 3.028765888543366008e-05
2.235300000000001546e+03 3.295899893904855738e-05
2.237000000000000000e+03 3.568093773035202465e-05
2.238699999999998454e+03 3.877913210440424801e-05
2.240300000000001546e+03 4.121737581478671574e-05
2.242000000000000000e+03 4.333409487026269636e-05
2.243699999999998454e+03 4.528607770538799519e-05
2.245300000000001546e+03 4.805550555492758548e-05
2.247000000000000000e+03 5.113287955386211384e-05
2.248699999999998454e+03 5.449030533501519435e-05
2.250300000000001546e+03 5.757112527272285397e-05
2.252000000000000000e+03 6.037297781039089478e-05
2.253699999999998454e+03 6.226680519366924367e-05
2.255300000000001546e+03 6.453466221019519677e-05
2.257000000000000000e+03 6.630705937371525482e-05
2.258699999999998454e+03 6.829929544818069556e-05
2.260300000000001546e+03 7.050379458851127948e-05
2.262000000000000000e+03 7.376317276350587181e-05
2.263699999999998454e+03 7.857414582310002474e-05
2.265399999999998727e+03 8.449374839286710661e-05
2.267000000000000000e+03 9.110458528099642510e-05
2.268699999999998454e+03 9.743197605713276456e-05
2.270399999999998727e+03 1.025177403403226107e-04
2.272000000000000000e+03 1.068202164613198536e-04
2.273699999999998454e+03 1.105860865356527632e-04
2.275399999999998727e+03 1.148334626354862386e-04
2.277000000000000000e+03 1.198612231498287305e-04
2.278699999999998454e+03 1.260920250155275302e-04
2.280399999999998727e+03 1.349716735680166896e-04
2.282000000000000000e+03 1.455385626566036968e-04
2.283699999999998454e+03 1.567571725531936475e-04
2.285399999999998727e+03 1.678493700633916584e-04
2.287000000000000000e+03 1.779536111732326102e-04
2.288699999999998454e+03 1.868958786441053547e-04
2.290399999999998727e+03 1.953542376016084053e-04
2.292000000000000000e+03 2.056222038106708455e-04
2.293699999999998454e+03 2.184741198737164989e-04
2.295399999999998727e+03 2.345139890372211497e-04
2.297000000000000000e+03 2.546159016406886254e-04
2.298699999999998454e+03 2.768676553024495418e-04
2.300399999999998727e+03 3.032840475342832775e-04
2.302100000000001273e+03 3.309966264619652160e-04
2.303699999999998454e+03 3.625166147758388077e-04
2.305399999999998727e+03 3.962449640068398181e-04
2.307100000000001273e+03 4.295817373755357995e-04
2.308699999999998454e+03 4.635806482650691785e-04
2.310399999999998727e+03 4.954816830191057734e-04
2.312100000000001273e+03 5.284527443455189254e-04
2.313699999999998454e+03 5.628707855569906960e-04
2.315399999999998727e+03 5.940477519917888253e-04
2.317100000000001273e+03 6.217331917046538519e-04
2.318699999999998454e+03 6.400133956361848779e-04
2.320399999999998727e+03 6.562867213678007369e-04
2.322100000000001273e+03 6.705822953573701509e-04
2.323699999999998454e+03 6.886353900344190917e-04
2.325399999999998727e+03 7.161460413397278350e-04
2.327100000000001273e+03 7.397948268671476670e-04
2.328699999999998454e+03 7.718971070556439849e-04
2.330399999999998727e+03 8.097416298545205343e-04
2.332100000000001273e+03 8.598348366389121965e-04
2.333699999999998454e+03 9.273101914573293574e-04
2.335399999999998727e+03 9.928447216620566070e-04
2.337100000000001273e+03 1.057993667393980052e-03
2.338800000000001546e+03 1.112374721817677853e-03
2.340399999999998727e+03 1.165674953303760591e-03
2.342100000000001273e+03 1.239059390167906050e-03
2.343800000000002001e+03 1.331326788475607368e-03
2.345399999999998727e+03 1.471742119902401868e-03
2.347100000000001273e+03 1.628930375896191132e-03
2.348800000000002001e+03 1.811829701140022170e-03
2.350399999999998727e+03 2.021998153507465965e-03
2.352100000000001273e+03 2.264965607545420083e-03
2.353800000000002001e+03 2.535301254256153679e-03
2.355399999999998727e+03 2.881660218642217910e-03
2.357100000000001273e+03 3.282427228365077370e-03
2.358800000000002001e+03 3.735510339358043882e-03
2.360399999999998727e+03 4.291374254214887565e-03
2.362100000000001273e+03 5.029442552454193791e-03
2.363800000000002001e+03 6.041392094933388870e-03
2.365399999999998727e+03 7.584265355361555043e-03
2.367100000000001273e+03 9.920252063556270553e-03
2.368800000000002001e+03 1.353498488868744819e-02
2.370399999999998727e+03 1.862650624465972404e-02
2.372100000000001273e+03 2.555444483718899429e-02
2.373800000000002001e+03 3.349794767832828951e-02
2.375500000000000000e+03 4.163897061471327765e-02
2.377100000000001273e+03 4.818007306791866756e-02
2.378800000000002001e+03 5.146640952963110749e-02
2.380500000000000000e+03 5.057730512396332867e-02
2.382100000000001273e+03 4.575672211289311120e-02
2.383800000000002001e+03 3.817711313494584480e-02
2.385500000000000000e+03 2.970887135080136146e-02
2.387100000000001273e+03 2.184146805442164704e-02
2.388800000000002001e+03 1.568248574583428270e-02
2.390500000000000000e+03 1.106344180663016048e-02
2.392100000000001273e+03 8.010243064330131724e-03
2.393800000000002001e+03 5.942250318682465449e-03
2.395500000000000000e+03 4.550098172828836128e-03
2.397100000000001273e+03 3.600503868274374398e-03
2.398800000000002001e+03 2.938415880211509793e-03
2.400500000000000000e+03 2.437081914705553718e-03
2.402100000000001273e+03 2.067080393464323408e-03
2.403800000000002001e+03 1.772743892942155565e-03
2.405500000000000000e+03 1.523356457432007652e-03
2.407100000000001273e+03 1.317201049616135468e-03
2.408800000000002001e+03 1.128471509181437713e-03
2.410500000000000000e+03 9.706030228569333639e-04
2.412199999999997999e+03 8.312452903183522451e-04
2.413800000000002001e+03 7.227119517047064833e-04
2.415500000000000000e+03 6.330657863034737593e-04
2.417199999999997999e+03 5.578394420730857896e-04
2.418800000000002001e+03 4.915498188292306359e-04
2.420500000000000000e+03 4.336086333077853231e-04
2.422199999999997999e+03 3.798944620599748411e-04
2.423800000000002001e+03 3.334376312537764230e-04
2.425500000000000000e+03 2.934732955289346443e-04
2.427199999999997999e+03 2.617259013571385912e-04
2.428800000000002001e+03 2.328735347278466418e-04
2.430500000000000000e+03 2.115970428391845113e-04
2.432199999999997999e+03 1.908609327589857985e-04
2.433800000000002001e+03 1.732353326209007296e-04
2.435500000000000000e+03 1.582198546243988348e-04
2.437199999999997999e+03 1.458292043680660790e-04
2.438800000000002001e+03 1.351985574038836856e-04
2.440500000000000000e+03 1.275801408317658132e-04
2.442199999999997999e+03 1.189048609479661839e-04
2.443800000000002001e+03 1.107666290499574716e-04
2.445500000000000000e+03 1.006078129070426451e-04
2.447199999999997999e+03 9.127608732243103608e-05
2.448899999999998727e+03 8.238354126592998541e-05
2.450500000000000000e+03 7.488493884006383378e-05
2.452199999999997999e+03 6.820050900285165834e-05
2.453899999999998727e+03 6.299986397843784921e-05
2.455500000000000000e+03 5.775110928274884199e-05
2.457199999999997999e+03 5.378453744806271019e-05
2.458899999999998727e+03 4.879996186078817987e-05
2.460500000000000000e+03 4.498676330932193767e-05
2.462199999999997999e+03 4.057727029412186377e-05
2.463899999999998727e+03 3.706083125600488062e-05
2.465500000000000000e+03 3.379956905595550061e-05
2.467199999999997999e+03 3.166363009752742262e-05
2.468899999999998727e+03 2.923015253749262270e-05
2.470500000000000000e+03 2.760165368994217802e-05
2.472199999999997999e+03 2.552535723437094378e-05
2.473899999999998727e+03 2.412744801573491100e-05
2.475500000000000000e+03 2.222985192981934681e-05
2.477199999999997999e+03 2.123882016702774016e-05
2.478899999999998727e+03 1.982867021337838385e-05
2.480500000000000000e+03 1.904593168702158781e-05
2.482199999999997999e+03 1.789792471848757871e-05
2.483899999999998727e+03 1.718804062830688005e-05
2.485500000000000000e+03 1.604358412159845705e-05
2.487199999999997999e+03 1.526517852660393471e-05
2.488899999999998727e+03 1.398756798560022018e-05
2.490600000000001273e+03 1.334995565413653784e-05
2.492199999999997999e+03 1.220767915305630493e-05
2.493899999999998727e+03 1.160699638209788207e-05
2.495600000000001273e+03 1.065028080689622730e-05
2.497199999999997999e+03 1.016052161269835622e-05
2.498899999999998727e+03 9.203386165666162136e-06
2.500600000000001273e+03 8.675138297181213032e-06
2.502199999999997999e+03 7.766216587707448267e-06
2.503899999999998727e+03 7.274334632345412641e-06
2.505600000000001273e+03 6.419394968550819875e-06
2.507199999999997999e+03 6.096882238602592119e-06
2.508899999999998727e+03 5.443884167203340783e-06
2.510600000000001273e+03 5.234303760817268309e-06
2.512199999999997999e+03 4.837874398451396955e-06
2.513899999999998727e+03 4.862544567586932020e-06
2.515600000000001273e+03 4.532530054437542684e-06
2.517199999999997999e+03 4.551358826432498083e-06
2.518899999999998727e+03 4.080181541185956108e-06
2.520600000000001273e+03 3.910209261656676571e-06
2.522199999999997999e+03 3.360294233027294768e-06
2.523899999999998727e+03 3.243712471071423079e-06
2.525600000000001273e+03 2.863562663109419900e-06
2.527300000000002001e+03 2.914582459042306347e-06
2.528899999999998727e+03 2.706382326427494655e-06
2.530600000000001273e+03 2.833231520706234711e-06
2.532300000000002001e+03 2.602752892663458135e-06
2.533899999999998727e+03 2.688115825574922192e-06
2.535600000000001273e+03 2.368078300574831168e-06
2.537300000000002001e+03 2.381473900829048918e-06
2.538899999999998727e+03 2.079175932195343454e-06
2.540600000000001273e+03 2.105292229964062897e-06
2.542300000000002001e+03 1.851337309090793130e-06
2.543899999999998727e+03 1.952322742668259492e-06
2.545600000000001273e+03 1.724513207463129784e-06
2.547300000000002001e+03 1.813500824245157068e-06
2.548899999999998727e+03 1.564727108710199328e-06
2.550600000000001273e+03 1.618452629785268203e-06
2.552300000000002001e+03 1.354460017902543492e-06
2.553899999999998727e+03 1.424075307224336623e-06
2.555600000000001273e+03 1.199558930360054025e-06
2.557300000000002001e+03 1.305458816005477482e-06
2.558899999999998727e+03 1.119369375422105323e-06
2.560600000000001273e+03 1.244631139188549849e-06
2.562300000000002001e+03 1.042186234482750958e-06
2.564000000000000000e+03 1.135732026245898227e-06
2.565600000000001273e+03 9.002621228780097999e-07
2.567300000000002001e+03 9.855333578697708181e-07
2.569000000000000000e+03 7.775236061053914869e-07
2.570600000000001273e+03 8.870158132199734141e-07
2.572300000000002001e+03 6.972835662958149007e-07
2.574000000000000000e+03 7.849479847066563908e-07
2.575600000000001273e+03 5.678605155781772975e-07
2.577300000000002001e+03 6.438407960942740812e-07
2.579000000000000000e+03 4.312869105556533557e-07
2.580600000000001273e+03 5.432501713566153057e-07
2.582300000000002001e+03 3.839616367394604615e-07
2.584000000000000000e+03 5.378072016178195128e-07
2.585600000000001273e+03 3.906132654987786997e-07
2.587300000000002001e+03 5.277300700624510680e-07
2.589000000000000000e+03 3.614438297914645209e-07
2.590600000000001273e+03 4.687517216298501076e-07
2.592300000000002001e+03 2.935599927146272587e-07
2.594000000000000000e+03 4.199334647349583599e-07
2.595600000000001273e+03 2.587171263951574204e-07
2.597300000000002001e+03 3.807585568635296343e-07
2.599000000000000000e+03 2.040947554121722542e-07
2.600699999999997999e+03 3.042286405116220433e-07
2.602300000000002001e+03 1.299443994833168213e-07
2.604000000000000000e+03 2.510081597586529086e-07
2.605699999999997999e+03 1.145852945367205057e-07
2.607300000000002001e+03 2.692284557272477084e-07
2.609000000000000000e+03 1.437758484090060128e-07
2.610699999999997999e+03 2.873735567915763705e-07
2.612300000000002001e+03 1.353705814673739243e-07
2.614000000000000000e+03 2.542169700130564070e-07
2.615699999999997999e+03 8.406466405946133317e-08
2.617300000000002001e+03 1.905051272716195193e-07
2.619000000000000000e+03 2.574210286803406633e-08
2.620699999999997999e+03 1.449174750519478449e-07
2.622300000000002001e+03 7.676393646655014081e-10
2.624000000000000000e+03 1.390752177613908614e-07
2.625699999999997999e+03 3.035231988884863801e-09
2.627300000000002001e+03 1.337046785827942581e-07
2.629000000000000000e+03 -6.217579284316052295e-09
2.630699999999997999e+03 1.283198431183595002e-07
2.632300000000002001e+03 -1.187087052285487555e-08
2.634000000000000000e+03 1.192775906276544441e-07
2.635699999999997999e+03 -3.126292211188922915e-08
2.637399999999998272e+03 7.834530737055926538e-08
2.639000000000000000e+03 -8.042583220478024146e-08
2.640699999999997999e+03 4.206557534335538097e-08
2.642399999999998272e+03 -9.039173746991628193e-08
2.644000000000000000e+03 5.072698901630601423e-08
2.645699999999997999e+03 -7.439318516568984122e-08
2.647399999999998272e+03 5.587291040932227719e-08
2.649000000000000000e+03 -9.369020501235018012e-08
2.650699999999997999e+03 1.842186173477039647e-08
2.652399999999998272e+03 -1.332990437174039831e-07
2.654000000000000000e+03 -1.250242822896436531e-08
2.655699999999997999e+03 -1.405041641572600689e-07
2.657399999999998272e+03 4.682893761866296010e-09
2.659000000000000000e+03 -1.157323193622814967e-07
2.660699999999997999e+03 2.438050621542616056e-08
2.662399999999998272e+03 -1.056152649838058731e-07
2.664000000000000000e+03 2.513387895459802130e-08
2.665699999999997999e+03 -1.072818767506085769e-07
2.667399999999998272e+03 2.040068124920284966e-08
2.669000000000000000e+03 -1.173455751361513655e-07
2.670699999999997999e+03 3.164758711402764709e-10
2.672399999999998272e+03 -1.471328358102737109e-07
2.674100000000001728e+03 -3.079752165321423802e-08
2.675699999999997999e+03 -1.700057512275506537e-07
2.677399999999998272e+03 -4.308787842213627571e-08
2.679100000000001728e+03 -1.725827753911951079e-07
2.680699999999997999e+03 -4.767722345883120848e-08
2.682399999999998272e+03 -1.802995664264632024e-07
2.684100000000001728e+03 -5.306517325939225751e-08
2.685699999999997999e+03 -1.810625194567669508e-07
2.687399999999998272e+03 -4.278718185403690988e-08
2.689100000000001728e+03 -1.631189337360288178e-07
2.690699999999997999e+03 -3.023934363831368315e-08
2.692399999999998272e+03 -1.622607976955961926e-07
2.694100000000001728e+03 -4.458222587666187920e-08
2.695699999999997999e+03 -1.883863109332149661e-07
2.697399999999998272e+03 -7.365618493644055743e-08
2.699100000000001728e+03 -2.135020377572469289e-07
2.700699999999997999e+03 -8.381778915169673734e-08
2.702399999999998272e+03 -2.067427300848472775e-07
2.704100000000001728e+03 -6.736430649024921512e-08
2.705699999999997999e+03 -1.881235974017211693e-07
2.707399999999998272e+03 -5.516895180335764231e-08
2.709100000000001728e+03 -1.830504150364822761e-07
2.710800000000002001e+03 -5.762619266750811016e-08
2.712399999999998272e+03 -1.891337249092647055e-07
2.714100000000001728e+03 -5.938238163941214310e-08
2.715800000000002001e+03 -1.931705540907404425e-07
2.717399999999998272e+03 -6.539634266174341329e-08
2.719100000000001728e+03 -1.957381907554895470e-07
2.720800000000002001e+03 -6.705397624239857344e-08
2.722399999999998272e+03 -1.953381320347828266e-07
2.724100000000001728e+03 -6.640150206165642293e-08
2.725800000000002001e+03 -1.929223681957682104e-07
2.727399999999998272e+03 -6.638192623457561168e-08
2.729100000000001728e+03 -1.967704300495310779e-07
2.730800000000002001e+03 -6.981867030102587981e-08
2.732399999999998272e+03 -2.025617308689896667e-07
2.734100000000001728e+03 -7.667317581372679181e-08
2.735800000000002001e+03 -2.096983952347512171e-07
2.737399999999998272e+03 -8.271237778885459266e-08
2.739100000000001728e+03 -2.101822236651920306e-07
2.740800000000002001e+03 -7.934655160505625571e-08
2.742399999999998272e+03 -2.036834910134788279e-07
2.744100000000001728e+03 -7.495628679770471782e-08
2.745800000000002001e+03 -2.054516835266248353e-07
2.747399999999998272e+03 -8.147806257071948072e-08
