1.998399999999999636e+03 5.149427413001642827e-06
2.000100000000000364e+03 4.746020307737554824e-06
2.001800000000001546e+03 5.422981543940090598e-06
2.003500000000000000e+03 5.114061376336535035e-06
2.005100000000000364e+03 5.858445076737012822e-06
2.006800000000001546e+03 5.640049400089175467e-06
2.008500000000000000e+03 6.466552824061587791e-06
2.010100000000000364e+03 6.402296294413732388e-06
2.011800000000001546e+03 7.284977666490964655e-06
2.013500000000000000e+03 7.233622777639706823e-06
2.015100000000000364e+03 8.018285677284315487e-06
2.016800000000001546e+03 7.817883985702761180e-06
2.018500000000000000e+03 8.341746303976354593e-06
2.020100000000000364e+03 8.048225387929069100e-06
2.021800000000001546e+03 8.522080298451684135e-06
2.023500000000000000e+03 8.292463729491951491e-06
2.025100000000000364e+03 8.732761533986590694e-06
2.026800000000001546e+03 8.532484639082631362e-06
2.028500000000000000e+03 8.864984048733319180e-06
2.030100000000000364e+03 8.698271279282212645e-06
2.031800000000001546e+03 9.077201264879787313e-06
2.033500000000000000e+03 9.272477316512619294e-06
2.035100000000000364e+03 9.939371877479974207e-06
2.036800000000001546e+03 1.039902916259437868e-05
2.038500000000000000e+03 1.101460439772587095e-05
2.040199999999998454e+03 1.129000320867325323e-05
2.041800000000001546e+03 1.146241239670529406e-05
2.043500000000000000e+03 1.157335533859504615e-05
2.045199999999998454e+03 1.158592942693720735e-05
2.046800000000001546e+03 1.211594563772510908e-05
2.048500000000000000e+03 1.231875210351349775e-05
2.050199999999998454e+03 1.331233020109017192e-05
2.051800000000001546e+03 1.363251962049467396e-05
2.053500000000000000e+03 1.498023133683208823e-05
2.055199999999998454e+03 1.541615349276026644e-05
2.056800000000001546e+03 1.750340640705888662e-05
2.058500000000000000e+03 1.836099507454393636e-05
2.060199999999998454e+03 2.137313048490584966e-05
2.061800000000001546e+03 2.259233153352150508e-05
2.063500000000000000e+03 2.693353851535347594e-05
2.065199999999998454e+03 2.888663540500643672e-05
2.066800000000001546e+03 3.691697579531116804e-05
2.068500000000000000e+03 4.286113534869920983e-05
2.070199999999998454e+03 5.833409490385274879e-05
2.071800000000001546e+03 7.312440514056637230e-05
2.073500000000000000e+03 1.081799192213990128e-04
2.075199999999998454e+03 1.439541230190749185e-04
2.076899999999999636e+03 2.705376728668609722e-04
2.078500000000000000e+03 5.180243619973375546e-04
2.080199999999998454e+03 8.996310468670355547e-04
2.081899999999999636e+03 1.509168489529219646e-03
2.083500000000000000e+03 2.131618257422321795e-03
2.085199999999998454e+03 2.552126532815847913e-03
2.086899999999999636e+03 2.601729019141779415e-03
2.088500000000000000e+03 2.261476064590923866e-03
2.090199999999998454e+03 1.652740979462933701e-03
2.091899999999999636e+03 9.824484267287171644e-04
2.093500000000000000e+03 4.978401610738697816e-04
2.095199999999998454e+03 2.257203222645389753e-04
2.096899999999999636e+03 5.830178256548236907e-05
2.098500000000000000e+03 2.852747659240333574e-05
2.100199999999998454e+03 6.064850094169373309e-06
2.101899999999999636e+03 6.562187176789769814e-06
2.103500000000000000e+03 -1.247873479127022950e-06
2.105199999999998454e+03 2.647592698881712858e-06
2.106899999999999636e+03 -1.926458234381160174e-06
2.108500000000000000e+03 2.122516249944774596e-06
2.110199999999998454e+03 -1.587333407009261654e-06
2.111899999999999636e+03 2.165753316804393877e-06
2.113600000000000364e+03 -1.127656349479484564e-06
2.115199999999998454e+03 2.404718362021018636e-06
2.116899999999999181e+03 -5.953634845183675847e-07
2.118600000000000819e+03 2.732576534157983187e-06
2.120199999999998454e+03 -8.089888407773925924e-08
2.121899999999999181e+03 3.024611475231073162e-06
2.123600000000000819e+03 2.747844311265206851e-07
2.125199999999998454e+03 3.165826773961962467e-06
2.126899999999999181e+03 4.826112392786600220e-07
2.128600000000000819e+03 3.244100650930476725e-06
2.130199999999998454e+03 6.592045325444633573e-07
2.131899999999999181e+03 3.359229744868589369e-06
2.133600000000000819e+03 8.641661481250735646e-07
2.135199999999998454e+03 3.519479903772364008e-06
2.136899999999999181e+03 1.174264398849909207e-06
2.138600000000000819e+03 3.806644410685884567e-06
2.140199999999998454e+03 1.483049830767200252e-06
2.141899999999999181e+03 3.998956721370297585e-06
2.143600000000000819e+03 1.628954757560272361e-06
2.145199999999998454e+03 4.051521125457748843e-06
2.146899999999999181e+03 1.775611912012563831e-06
2.148600000000000819e+03 4.307847817373499807e-06
2.150300000000001546e+03 2.227100667555479351e-06
2.151899999999999181e+03 4.877685939828573383e-06
2.153600000000000819e+03 2.890230580514295800e-06
2.155300000000001546e+03 5.456256910131712284e-06
2.156899999999999181e+03 3.345275886071744492e-06
2.158600000000000819e+03 5.746279139830560031e-06
2.160300000000001546e+03 3.546736920680388484e-06
2.161899999999999181e+03 5.977515705084506416e-06
2.163600000000000819e+03 3.990070284778897953e-06
2.165300000000001546e+03 6.581279173838738521e-06
2.166899999999999181e+03 4.688484486056521589e-06
2.168600000000000819e+03 7.273452081444565278e-06
2.170300000000001546e+03 5.257098566793046579e-06
2.171899999999999181e+03 7.661220641094916220e-06
2.173600000000000819e+03 5.567192739418386690e-06
2.175300000000001546e+03 8.050241360540529546e-06
2.176899999999999181e+03 6.190411538107237954e-06
2.178600000000000819e+03 8.996152842204748382e-06
2.180300000000001546e+03 7.416923535143277757e-06
2.181899999999999181e+03 1.026557250250559990e-05
2.183600000000000819e+03 8.591202239953788934e-06
2.185300000000001546e+03 1.119210397328525684e-05
2.187000000000000000e+03 9.367170289822856910e-06
2.188600000000000819e+03 1.210644487721977190e-05
2.190300000000001546e+03 1.069255209750280310e-05
2.192000000000000000e+03 1.387513389698167441e-05
2.193600000000000819e+03 1.278209169816149884e-05
2.195300000000001546e+03 1.616346317519404450e-05
2.197000000000000000e+03 1.485442296132978571e-05
2.198600000000000819e+03 1.787252603203107930e-05
2.200300000000001546e+03 1.621435058898443613e-05
2.202000000000000000e+03 1.886897749701391431e-05
2.203600000000000819e+03 1.706718462107873749e-05
2.205300000000001546e+03 2.006893855052964431e-05
2.207000000000000000e+03 1.873573141967130217e-05
2.208600000000000819e+03 2.224584626146606939e-05
2.210300000000001546e+03 2.138058269148692780e-05
2.212000000000000000e+03 2.517572867236166531e-05
2.213600000000000819e+03 2.423562039150277213e-05
2.215300000000001546e+03 2.816077282984451411e-05
2.217000000000000000e+03 2.751714461850763722e-05
2.218600000000000819e+03 3.184969491014546492e-05
2.220300000000001546e+03 3.149529191319038634e-05
2.222000000000000000e+03 3.626495788040051080e-05
2.223600000000000819e+03 3.591712643173967939e-05
2.225300000000001546e+03 4.052907523988844111e-05
2.227000000000000000e+03 4.012032729650230763e-05
2.228699999999998454e+03 4.455655412079209611e-05
2.230300000000001546e+03 4.437143418304869856e-05
2.232000000000000000e+03 4.912035433322675166e-05
2.233699999999998454e+03 4.905468233344742902e-05
2.235300000000001546e+03 5.393212038818792837e-05
2.237000000000000000e+03 5.362895577626688298e-05
2.238699999999998454e+03 5.914254318679618529e-05
2.240300000000001546e+03 5.978293525691047552e-05
2.242000000000000000e+03 6.661780826799387864e-05
2.243699999999998454e+03 6.845572664509406557e-05
2.245300000000001546e+03 7.559458734225390196e-05
2.247000000000000000e+03 7.769457874230989967e-05
2.248699999999998454e+03 8.452897965048155986e-05
2.250300000000001546e+03 8.660239041422888146e-05
2.252000000000000000e+03 9.445179705300392795e-05
2.253699999999998454e+03 9.671006095423067726e-05
2.255300000000001546e+03 1.038106471501948526e-04
2.257000000000000000e+03 1.044730696542116934e-04
2.258699999999998454e+03 1.098047390407590315e-04
2.260300000000001546e+03 1.094254757877770323e-04
2.262000000000000000e+03 1.152283939525364069e-04
2.263699999999998454e+03 1.169160127769824377e-04
2.265399999999998727e+03 1.259501709906636841e-04
2.267000000000000000e+03 1.310247710239318590e-04
2.268699999999998454e+03 1.449247324403307410e-04
2.270399999999998727e+03 1.550743766563170839e-04
2.272000000000000000e+03 1.723178268007913619e-04
2.273699999999998454e+03 1.810073436770004700e-04
2.275399999999998727e+03 1.931971837321389733e-04
2.277000000000000000e+03 1.971517413488155441e-04
2.278699999999998454e+03 2.062430022732394551e-04
2.280399999999998727e+03 2.120945936270142635e-04
2.282000000000000000e+03 2.280793459720862758e-04
2.283699999999998454e+03 2.401541854850459609e-04
2.285399999999998727e+03 2.594082504941217903e-04
2.287000000000000000e+03 2.719191950718286683e-04
2.288699999999998454e+03 2.909999486172416805e-04
2.290399999999998727e+03 3.035907779771241950e-04
2.292000000000000000e+03 3.270254385075275377e-04
2.293699999999998454e+03 3.436553878122171292e-04
2.295399999999998727e+03 3.694218329545346504e-04
2.297000000000000000e+03 3.890365908000826775e-04
2.298699999999998454e+03 4.218151929146738994e-04
2.300399999999998727e+03 4.524645177189782260e-04
2.302100000000001273e+03 4.997899460994776732e-04
2.303699999999998454e+03 5.442827570093602442e-04
2.305399999999998727e+03 5.939349073192334806e-04
2.307100000000001273e+03 6.312001643033478921e-04
2.308699999999998454e+03 6.744089795308256304e-04
2.310399999999998727e+03 7.086079281029966778e-04
2.312100000000001273e+03 7.596238656992444554e-04
2.313699999999998454e+03 8.087998753750763733e-04
2.315399999999998727e+03 8.784946889130933016e-04
2.317100000000001273e+03 9.403423445130462818e-04
2.318699999999998454e+03 1.019004939216537229e-03
2.320399999999998727e+03 1.082034405066018652e-03
2.322100000000001273e+03 1.154187259685445985e-03
2.323699999999998454e+03 1.196071484591987137e-03
2.325399999999998727e+03 1.246168747193213524e-03
2.327100000000001273e+03 1.273548541917699081e-03
2.328699999999998454e+03 1.315672545408376600e-03
2.330399999999998727e+03 1.350642636815640573e-03
2.332100000000001273e+03 1.404864277420411539e-03
2.333699999999998454e+03 1.455599189546547207e-03
2.335399999999998727e+03 1.544384353985222853e-03
2.337100000000001273e+03 1.642338253920895726e-03
2.338800000000001546e+03 1.813676203174848000e-03
2.340399999999998727e+03 1.972220474113867313e-03
2.342100000000001273e+03 2.218644217326613821e-03
2.343800000000002001e+03 2.461152922905903914e-03
2.345399999999998727e+03 2.756461059068259813e-03
2.347100000000001273e+03 3.033693554996240438e-03
2.348800000000002001e+03 3.382247134755674185e-03
2.350399999999998727e+03 3.715529427695449336e-03
2.352100000000001273e+03 4.122299508356482185e-03
2.353800000000002001e+03 4.647017668454669036e-03
2.355399999999998727e+03 5.444908860627659455e-03
2.357100000000001273e+03 6.588147991670367278e-03
2.358800000000002001e+03 8.284030170042425839e-03
2.360399999999998727e+03 1.076550867627011458e-02
2.362100000000001273e+03 1.419610970938769978e-02
2.363800000000002001e+03 1.881154307185694749e-02
2.365399999999998727e+03 2.476787294135998629e-02
2.367100000000001273e+03 3.179962529041210906e-02
2.368800000000002001e+03 3.913301102286220745e-02
2.370399999999998727e+03 4.527024637983902838e-02
2.372100000000001273e+03 4.876016465906828773e-02
2.373800000000002001e+03 4.863825650586463961e-02
2.375500000000000000e+03 4.484721732337186573e-02
2.377100000000001273e+03 3.848757801178866872e-02
2.378800000000002001e+03 3.091797620862272652e-02
2.380500000000000000e+03 2.359953004857794773e-02
2.382100000000001273e+03 1.728916026653028876e-02
2.383800000000002001e+03 1.240157199918674735e-02
2.385500000000000000e+03 8.955702164001671031e-03
2.387100000000001273e+03 6.655582612518287124e-03
2.388800000000002001e+03 5.182480207517883679e-03
2.390500000000000000e+03 4.209396594291559338e-03
2.392100000000001273e+03 3.468299692998461341e-03
2.393800000000002001e+03 2.886731645690641165e-03
2.395500000000000000e+03 2.383234822070512057e-03
2.397100000000001273e+03 1.990874751009180741e-03
2.398800000000002001e+03 1.678814415735509430e-03
2.400500000000000000e+03 1.442818866774513284e-03
2.402100000000001273e+03 1.252705508957096094e-03
2.403800000000002001e+03 1.106374416107946306e-03
2.405500000000000000e+03 9.845501232899473137e-04
2.407100000000001273e+03 8.857397914010424348e-04
2.408800000000002001e+03 7.878833248097255213e-04
2.410500000000000000e+03 7.029440597754547113e-04
2.412199999999997999e+03 6.216808923943614208e-04
2.413800000000002001e+03 5.468916225473203141e-04
2.415500000000000000e+03 4.834272318903714118e-04
2.417199999999997999e+03 4.328937710461915793e-04
2.418800000000002001e+03 3.849493287820361458e-04
2.420500000000000000e+03 3.518309678679815318e-04
2.422199999999997999e+03 3.167715496203061154e-04
2.423800000000002001e+03 2.907796753376186883e-04
2.425500000000000000e+03 2.627617651971919871e-04
2.427199999999997999e+03 2.414202909518467109e-04
2.428800000000002001e+03 2.197571655384565354e-04
2.430500000000000000e+03 2.043503044286729511e-04
2.432199999999997999e+03 1.884970886514525878e-04
2.433800000000002001e+03 1.766957582332982389e-04
2.435500000000000000e+03 1.610984098104961204e-04
2.437199999999997999e+03 1.490218930898235526e-04
2.438800000000002001e+03 1.335633801943641725e-04
2.440500000000000000e+03 1.217499055499925923e-04
2.442199999999997999e+03 1.083145710472802292e-04
2.443800000000002001e+03 9.892348129071970911e-05
2.445500000000000000e+03 8.849175247901092209e-05
2.447199999999997999e+03 8.118662769652257197e-05
2.448899999999998727e+03 7.312409144060529097e-05
2.450500000000000000e+03 6.895557119362240924e-05
2.452199999999997999e+03 6.292110518628130523e-05
2.453899999999998727e+03 5.977731639365658172e-05
2.455500000000000000e+03 5.433809162102720572e-05
2.457199999999997999e+03 5.112132028397501499e-05
2.458899999999998727e+03 4.535294669681423912e-05
2.460500000000000000e+03 4.230539008828909268e-05
2.462199999999997999e+03 3.814509188622755082e-05
2.463899999999998727e+03 3.635493261993924064e-05
2.465500000000000000e+03 3.345363722060854753e-05
2.467199999999997999e+03 3.270442294457921132e-05
2.468899999999998727e+03 2.998334102924373818e-05
2.470500000000000000e+03 2.918861044182743643e-05
2.472199999999997999e+03 2.660773719000112552e-05
2.473899999999998727e+03 2.612276481497556390e-05
2.475500000000000000e+03 2.402751986615783505e-05
2.477199999999997999e+03 2.375372724560043851e-05
2.478899999999998727e+03 2.155501198303092373e-05
2.480500000000000000e+03 2.086491586234584446e-05
2.482199999999997999e+03 1.837110459933023572e-05
2.483899999999998727e+03 1.772139812512314180e-05
2.485500000000000000e+03 1.573575377742593190e-05
2.487199999999997999e+03 1.574801944590533757e-05
2.488899999999998727e+03 1.451526960279112562e-05
2.490600000000001273e+03 1.483440222603951412e-05
2.492199999999997999e+03 1.359288766813069937e-05
2.493899999999998727e+03 1.347494368853462054e-05
2.495600000000001273e+03 1.173924453694033274e-05
2.497199999999997999e+03 1.119166479333970808e-05
2.498899999999998727e+03 9.458336530144557914e-06
2.500600000000001273e+03 9.238956674222695270e-06
2.502199999999997999e+03 8.037006048587279499e-06
2.503899999999998727e+03 8.310006328267657472e-06
2.505600000000001273e+03 7.541549976158444020e-06
2.507199999999997999e+03 7.825419962597224995e-06
2.508899999999998727e+03 6.919720464525077962e-06
2.510600000000001273e+03 6.953813922943990819e-06
2.512199999999997999e+03 5.852615786033938036e-06
2.513899999999998727e+03 5.800848676798141757e-06
2.515600000000001273e+03 4.840072941778659213e-06
2.517199999999997999e+03 4.916251933512819016e-06
2.518899999999998727e+03 4.123589917805417747e-06
2.520600000000001273e+03 4.306744835886476624e-06
2.522199999999997999e+03 3.700275844734978538e-06
2.523899999999998727e+03 3.963302080740970606e-06
2.525600000000001273e+03 3.468980763567494227e-06
2.527300000000002001e+03 3.843043181788309985e-06
2.528899999999998727e+03 3.384636794525660622e-06
2.530600000000001273e+03 3.686034487688625296e-06
2.532300000000002001e+03 3.202558709952788909e-06
2.533899999999998727e+03 3.449421477814078963e-06
2.535600000000001273e+03 2.952286532888424848e-06
2.537300000000002001e+03 3.180643506432033963e-06
2.538899999999998727e+03 2.721972046739969648e-06
2.540600000000001273e+03 2.887454584333688090e-06
2.542300000000002001e+03 2.387381211872318925e-06
2.543899999999998727e+03 2.494724316258844931e-06
2.545600000000001273e+03 2.009914568262639430e-06
2.547300000000002001e+03 2.158827877682756192e-06
2.548899999999998727e+03 1.769908846719584870e-06
2.550600000000001273e+03 2.014201728592537284e-06
2.552300000000002001e+03 1.723662185916238347e-06
2.553899999999998727e+03 1.962332744517886132e-06
2.555600000000001273e+03 1.646605691530467339e-06
2.557300000000002001e+03 1.822369644406510922e-06
2.558899999999998727e+03 1.482971902727356471e-06
2.560600000000001273e+03 1.611459866026178025e-06
2.562300000000002001e+03 1.291745966067670032e-06
2.564000000000000000e+03 1.423696555749103359e-06
2.565600000000001273e+03 1.142812312739184341e-06
2.567300000000002001e+03 1.315281818130082913e-06
2.569000000000000000e+03 1.117272402451951082e-06
2.570600000000001273e+03 1.336290087109804648e-06
2.572300000000002001e+03 1.153225197811645239e-06
2.574000000000000000e+03 1.319083892718138475e-06
2.575600000000001273e+03 1.075076384631588186e-06
2.577300000000002001e+03 1.162950483628755706e-06
2.579000000000000000e+03 9.324076860274140025e-07
2.580600000000001273e+03 1.047424341824021619e-06
2.582300000000002001e+03 8.674123215345202059e-07
2.584000000000000000e+03 9.712954923885955033e-07
2.585600000000001273e+03 7.830727824952068179e-07
2.587300000000002001e+03 8.450402963278255902e-07
2.589000000000000000e+03 6.352796304114699606e-07
2.590600000000001273e+03 7.021036544737010984e-07
2.592300000000002001e+03 5.523885155292262367e-07
2.594000000000000000e+03 6.758302577704682792e-07
2.595600000000001273e+03 6.151440032869304026e-07
2.597300000000002001e+03 7.798174155027413684e-07
2.599000000000000000e+03 7.331236421825483246e-07
2.600699999999997999e+03 8.303780222643475741e-07
2.602300000000002001e+03 7.086685249964747037e-07
2.604000000000000000e+03 7.244269785379183634e-07
2.605699999999997999e+03 5.731949605141675334e-07
2.607300000000002001e+03 5.918610604814805141e-07
2.609000000000000000e+03 4.924978196767639451e-07
2.610699999999997999e+03 5.517853419406364740e-07
2.612300000000002001e+03 4.964382949605330552e-07
2.614000000000000000e+03 5.582203531032718866e-07
2.615699999999997999e+03 5.136731882397313844e-07
2.617300000000002001e+03 5.465590384697393226e-07
2.619000000000000000e+03 4.902606109442141357e-07
2.620699999999997999e+03 5.031347020511583443e-07
2.622300000000002001e+03 4.479968712035340431e-07
2.624000000000000000e+03 4.568820654188505119e-07
2.625699999999997999e+03 4.134378509829321421e-07
2.627300000000002001e+03 4.093013604337605984e-07
2.629000000000000000e+03 3.647972122209271920e-07
2.630699999999997999e+03 3.324180961360193399e-07
2.632300000000002001e+03 2.947933172548912951e-07
2.634000000000000000e+03 2.745210101255141992e-07
2.635699999999997999e+03 2.710028712735459717e-07
2.637399999999998272e+03 2.701751785850672885e-07
2.639000000000000000e+03 2.923955717907581152e-07
2.640699999999997999e+03 2.814503006130112951e-07
2.642399999999998272e+03 2.905239322208089488e-07
2.644000000000000000e+03 2.551086477677458209e-07
2.645699999999997999e+03 2.704374441763162847e-07
2.647399999999998272e+03 2.306999768115578444e-07
2.649000000000000000e+03 2.592905974790044732e-07
2.650699999999997999e+03 2.272724164939052280e-07
2.652399999999998272e+03 2.703185736326368510e-07
2.654000000000000000e+03 2.300396601350029150e-07
2.655699999999997999e+03 2.839791726608881860e-07
2.657399999999998272e+03 2.402258395256679802e-07
2.659000000000000000e+03 3.001267228620153674e-07
2.660699999999997999e+03 2.473946290626816593e-07
2.662399999999998272e+03 2.998625005284349004e-07
2.664000000000000000e+03 2.347413703045984373e-07
2.665699999999997999e+03 2.857110293917312008e-07
2.667399999999998272e+03 2.123974849161967622e-07
2.669000000000000000e+03 2.743714280450481037e-07
2.670699999999997999e+03 1.910384310492684868e-07
2.672399999999998272e+03 2.583547155752253004e-07
2.674100000000001728e+03 1.673030223284269665e-07
2.675699999999997999e+03 2.416178287491398919e-07
2.677399999999998272e+03 1.523372668471270820e-07
2.679100000000001728e+03 2.359178693963688922e-07
2.680699999999997999e+03 1.464691829508424842e-07
2.682399999999998272e+03 2.389287988943850173e-07
2.684100000000001728e+03 1.497910791825849032e-07
2.685699999999997999e+03 2.615466592686231186e-07
2.687399999999998272e+03 1.714507135191801189e-07
2.689100000000001728e+03 2.850234363482604192e-07
2.690699999999997999e+03 1.822487662369600390e-07
2.692399999999998272e+03 2.857858204319640898e-07
2.694100000000001728e+03 1.599126239575003832e-07
2.695699999999997999e+03 2.597276343258142446e-07
2.697399999999998272e+03 1.270308425091662784e-07
2.699100000000001728e+03 2.374076025582183659e-07
2.700699999999997999e+03 1.079393734700319507e-07
2.702399999999998272e+03 2.376847157860424183e-07
2.704100000000001728e+03 1.173015469232463990e-07
2.705699999999997999e+03 2.520993830536816389e-07
2.707399999999998272e+03 1.228836047856833269e-07
2.709100000000001728e+03 2.522759557545637608e-07
2.710800000000002001e+03 1.053162516665125829e-07
2.712399999999998272e+03 2.322524872369120718e-07
2.714100000000001728e+03 8.142029689626682885e-08
2.715800000000002001e+03 2.206700013658845441e-07
2.717399999999998272e+03 6.942260893809902753e-08
2.719100000000001728e+03 2.129878309717235489e-07
2.720800000000002001e+03 5.750453243936855044e-08
2.722399999999998272e+03 2.005486336128448513e-07
2.724100000000001728e+03 4.116439419150308872e-08
2.725800000000002001e+03 1.944473557256675633e-07
2.727399999999998272e+03 3.898063359620811055e-08
2.729100000000001728e+03 2.041366468016951479e-07
2.730800000000002001e+03 4.549379332044230528e-08
2.732399999999998272e+03 2.154621471798291226e-07
2.734100000000001728e+03 5.171651346979186157e-08
2.735800000000002001e+03 2.235837770541631617e-07
2.737399999999998272e+03 5.556399690370258065e-08
2.739100000000001728e+03 2.295351312074512553e-07
2.740800000000002001e+03 5.274657990446854136e-08
2.742399999999998272e+03 2.208768880432066383e-07
2.744100000000001728e+03 3.284367156196980954e-08
2.745800000000002001e+03 2.037419749793362218e-07
2.747399999999998272e+03 1.376549594693013715e-08
