1.999899999999999636e+03 3.987512417358126360e-06
2.000800000000001546e+03 5.210292875392960181e-06
2.001600000000000364e+03 4.028925715574571968e-06
2.002399999999999636e+03 5.309815071250918797e-06
2.003300000000001546e+03 4.200111899266138487e-06
2.004100000000000364e+03 5.625988478277697984e-06
2.004899999999999636e+03 4.630512653012203222e-06
2.005800000000001546e+03 6.062824350644851503e-06
2.006600000000000364e+03 5.001508329112511734e-06
2.007399999999999636e+03 6.340894898621066212e-06
2.008300000000001546e+03 5.163823611460671364e-06
2.009100000000000364e+03 6.421147978822972553e-06
2.009899999999999636e+03 5.180307332983625586e-06
2.010800000000001546e+03 6.410333882780403789e-06
2.011600000000000364e+03 5.140359614114787558e-06
2.012399999999999636e+03 6.371292844102299740e-06
2.013300000000001546e+03 5.130247780010178501e-06
2.014100000000000364e+03 6.405391883929492452e-06
2.014899999999999636e+03 5.222653244346846650e-06
2.015800000000001546e+03 6.547474032225512595e-06
2.016600000000000364e+03 5.351736802966197172e-06
2.017399999999999636e+03 6.613237088936672242e-06
2.018300000000001546e+03 5.330029119777661019e-06
2.019100000000000364e+03 6.546504246415355596e-06
2.019899999999999636e+03 5.213804800441039470e-06
2.020800000000001546e+03 6.458877290281539881e-06
2.021600000000000364e+03 5.127909198779274732e-06
2.022399999999999636e+03 6.311037683529563957e-06
2.023300000000001546e+03 4.890164347215585709e-06
2.024100000000000364e+03 6.005573457098373880e-06
2.024899999999999636e+03 4.572005078555908162e-06
2.025800000000001546e+03 5.762705798095581707e-06
2.026600000000000364e+03 4.478968432441666339e-06
2.027399999999999636e+03 5.829265555403023274e-06
2.028300000000001546e+03 4.559769385584756990e-06
2.029100000000000364e+03 5.869336053946427276e-06
2.029899999999999636e+03 4.473301736192276861e-06
2.030800000000001546e+03 5.625775143609043508e-06
2.031600000000000364e+03 4.103898111263821360e-06
2.032399999999999636e+03 5.215929638857492584e-06
2.033300000000001546e+03 3.686519993261054476e-06
2.034100000000000364e+03 4.852897778903643479e-06
2.034899999999999636e+03 3.401884608510627095e-06
2.035800000000001546e+03 4.674620561178099308e-06
2.036600000000000364e+03 3.313995873941605142e-06
2.037399999999999636e+03 4.634953912226515442e-06
2.038300000000001546e+03 3.271344826501172136e-06
2.039100000000000364e+03 4.550915893229396713e-06
2.039899999999999636e+03 3.096461761784114927e-06
2.040800000000001546e+03 4.350239813105543461e-06
2.041600000000000364e+03 2.879998592802849097e-06
2.042500000000000000e+03 4.157244116988601087e-06
2.043300000000001546e+03 2.672294895083165537e-06
2.044100000000000364e+03 3.922449456272617303e-06
2.045000000000000000e+03 2.422966181363658310e-06
2.045800000000001546e+03 3.680912697923083787e-06
2.046600000000000364e+03 2.214346453774899592e-06
2.047500000000000000e+03 3.517576925498409901e-06
2.048300000000001546e+03 2.059011280851765688e-06
2.049100000000000364e+03 3.358351087064820068e-06
2.050000000000000000e+03 1.861013287051739815e-06
2.050800000000001546e+03 3.134980709777088628e-06
2.051600000000000364e+03 1.621459144006222179e-06
2.052500000000000000e+03 2.901059776188085195e-06
2.053300000000001546e+03 1.395977397113346473e-06
2.054100000000000364e+03 2.688451657287088309e-06
2.055000000000000000e+03 1.192636586451985219e-06
2.055800000000001546e+03 2.501936405951813839e-06
2.056600000000000364e+03 1.013816264811921799e-06
2.057500000000000000e+03 2.362028892999095465e-06
2.058300000000001546e+03 9.217915691082817519e-07
2.059100000000000364e+03 2.316002417023523077e-06
2.060000000000000000e+03 9.108886071673102906e-07
2.060800000000001546e+03 2.349360235826609892e-06
2.061600000000000364e+03 9.460907803157952113e-07
2.062500000000000000e+03 2.355751579241149187e-06
2.063300000000001546e+03 9.006936839971219643e-07
2.064100000000000364e+03 2.266342532973102290e-06
2.065000000000000000e+03 7.542199654119785270e-07
2.065800000000001546e+03 2.101678650984506801e-06
2.066600000000000364e+03 5.835331732200455612e-07
2.067500000000000000e+03 1.948371400688471627e-06
2.068300000000001546e+03 4.580758110532642717e-07
2.069100000000000364e+03 1.874303801440121620e-06
2.070000000000000000e+03 4.157957681425562325e-07
2.070800000000001546e+03 1.850129702617389863e-06
2.071600000000000364e+03 3.719786481593042844e-07
2.072500000000000000e+03 1.782278195257395590e-06
2.073300000000001546e+03 2.592807713028178990e-07
2.074100000000000364e+03 1.653127458979396639e-06
2.075000000000000000e+03 1.219067448971182755e-07
2.075800000000001546e+03 1.548048125762369486e-06
2.076600000000000364e+03 6.042080497477418381e-08
2.077500000000000000e+03 1.541318963211006744e-06
2.078300000000001546e+03 8.604322485705852537e-08
2.079100000000000364e+03 1.591255538716151729e-06
2.080000000000000000e+03 1.159486011526424939e-07
2.080800000000001546e+03 1.597615580487622828e-06
2.081600000000000364e+03 8.676510918911878790e-08
2.082500000000000000e+03 1.552502974347982893e-06
2.083300000000001546e+03 1.299024466490914001e-08
2.084199999999998454e+03 1.469780988822519344e-06
2.085000000000000000e+03 -6.894618578412064399e-08
2.085800000000001546e+03 1.408118698519920867e-06
2.086699999999998454e+03 -1.207364339171732697e-07
2.087500000000000000e+03 1.382988471073320797e-06
2.088300000000001546e+03 -1.380696324275815767e-07
2.089199999999998454e+03 1.380822190160529263e-06
2.090000000000000000e+03 -1.343985807518914502e-07
2.090800000000001546e+03 1.408293014764312339e-06
2.091699999999998454e+03 -1.047223940193936559e-07
2.092500000000000000e+03 1.430649106308694331e-06
2.093300000000001546e+03 -1.112548930881294850e-07
2.094199999999998454e+03 1.400904897369706463e-06
2.095000000000000000e+03 -1.570934022261405833e-07
2.095800000000001546e+03 1.368440707510590469e-06
2.096699999999998454e+03 -1.887905699675996016e-07
2.097500000000000000e+03 1.355314459247279629e-06
2.098300000000001546e+03 -2.040183640806711973e-07
2.099199999999998454e+03 1.345757568424892817e-06
2.100000000000000000e+03 -2.086776309190601214e-07
2.100800000000001546e+03 1.362014144253328816e-06
2.101699999999998454e+03 -1.775274099417823969e-07
2.102500000000000000e+03 1.405628277633680506e-06
2.103300000000001546e+03 -1.473773031469850424e-07
2.104199999999998454e+03 1.418615486321774175e-06
2.105000000000000000e+03 -1.832487349363458382e-07
2.105800000000001546e+03 1.359225940193396593e-06
2.106699999999998454e+03 -2.496290022804795274e-07
2.107500000000000000e+03 1.319547763948665643e-06
2.108300000000001546e+03 -2.643433803764078648e-07
2.109199999999998454e+03 1.335378640570960108e-06
2.110000000000000000e+03 -2.480100731380831609e-07
2.110800000000001546e+03 1.355442428652640937e-06
2.111699999999998454e+03 -2.345218309484185618e-07
2.112500000000000000e+03 1.386092046251225634e-06
2.113300000000001546e+03 -1.932315102002758999e-07
2.114199999999998454e+03 1.432455371232457228e-06
2.115000000000000000e+03 -1.510956997351592826e-07
2.115800000000001546e+03 1.468687409252460475e-06
2.116699999999998454e+03 -1.365322727925624044e-07
2.117500000000000000e+03 1.490307049113360535e-06
2.118300000000001546e+03 -1.278249217492917502e-07
2.119199999999998454e+03 1.500229632290942235e-06
2.120000000000000000e+03 -1.267647473429500805e-07
2.120800000000001546e+03 1.495136669728367039e-06
2.121699999999998454e+03 -1.302607358674390520e-07
2.122500000000000000e+03 1.508696591738782215e-06
2.123300000000001546e+03 -9.922068285959538232e-08
2.124199999999998454e+03 1.556680220999788236e-06
2.125000000000000000e+03 -5.486041500765964566e-08
2.125800000000001546e+03 1.611848880271883637e-06
2.126699999999998454e+03 -8.003739084596354751e-10
2.127500000000000000e+03 1.678156246497457766e-06
2.128399999999999181e+03 7.236972215042692657e-08
2.129199999999998454e+03 1.759950705000696152e-06
2.130000000000000000e+03 1.426907219360095339e-07
2.130899999999999181e+03 1.816497390067719810e-06
2.131699999999998454e+03 2.013526068995044578e-07
2.132500000000000000e+03 1.882458366094727862e-06
2.133399999999999181e+03 2.539237917823171691e-07
2.134199999999998454e+03 1.935789992529112123e-06
2.135000000000000000e+03 2.865499904062866573e-07
2.135899999999999181e+03 1.944114816772841870e-06
2.136699999999998454e+03 2.847146592225910728e-07
2.137500000000000000e+03 1.960490285472025550e-06
2.138399999999999181e+03 3.285052183331897131e-07
2.139199999999998454e+03 2.055674814542351361e-06
2.140000000000000000e+03 4.772794161692696302e-07
2.140899999999999181e+03 2.251477366982161611e-06
2.141699999999998454e+03 6.858346975366378687e-07
2.142500000000000000e+03 2.456669206742498513e-06
2.143399999999999181e+03 8.582514627840744790e-07
2.144199999999998454e+03 2.574705505044040688e-06
2.145000000000000000e+03 9.458905377084847184e-07
2.145899999999999181e+03 2.660978230282908191e-06
2.146699999999998454e+03 1.064253917772799759e-06
2.147500000000000000e+03 2.824530574286367405e-06
2.148399999999999181e+03 1.252321598741760999e-06
2.149199999999998454e+03 3.018886494762309684e-06
2.150000000000000000e+03 1.411343175901728578e-06
2.150899999999999181e+03 3.167003860427248444e-06
2.151699999999998454e+03 1.569913500789060581e-06
2.152500000000000000e+03 3.315494805080019584e-06
2.153399999999999181e+03 1.692501503813494831e-06
2.154199999999998454e+03 3.433463445366706071e-06
2.155000000000000000e+03 1.835322581237987556e-06
2.155899999999999181e+03 3.624322278464090936e-06
2.156699999999998454e+03 2.150487265345548639e-06
2.157500000000000000e+03 4.053793599461014004e-06
2.158399999999999181e+03 2.596702334413287123e-06
2.159199999999998454e+03 4.456059648382153890e-06
2.160000000000000000e+03 2.973555813183601497e-06
2.160899999999999181e+03 4.796635935648954684e-06
2.161699999999998454e+03 3.276234193381733945e-06
2.162500000000000000e+03 5.122909695325110539e-06
2.163399999999999181e+03 3.634281381271778769e-06
2.164199999999998454e+03 5.457317580970174666e-06
2.165000000000000000e+03 3.970440997282925614e-06
2.165899999999999181e+03 5.833519580558465352e-06
2.166699999999998454e+03 4.428563085790435972e-06
2.167500000000000000e+03 6.329442704299451371e-06
2.168399999999999181e+03 5.000247629536383488e-06
2.169199999999998454e+03 6.902746770568993571e-06
2.170100000000000819e+03 5.647581598080525190e-06
2.170899999999999181e+03 7.726335760811069785e-06
2.171699999999998454e+03 6.681629452269719233e-06
2.172600000000000819e+03 8.919553170128413866e-06
2.173399999999999181e+03 7.809430289261957015e-06
2.174199999999998454e+03 9.806384414450177933e-06
2.175100000000000819e+03 8.479514797460842757e-06
2.175899999999999181e+03 1.039415184915032005e-05
2.176699999999998454e+03 9.382282910728871841e-06
2.177600000000000819e+03 1.162862476123971738e-05
2.178399999999999181e+03 1.094322784716440105e-05
2.179199999999998454e+03 1.335480012370547017e-05
2.180100000000000819e+03 1.275137388351156706e-05
2.180899999999999181e+03 1.514116322105824227e-05
2.181699999999998454e+03 1.460027999642455034e-05
2.182600000000000819e+03 1.719088340818912634e-05
2.183399999999999181e+03 1.678977467237408467e-05
2.184199999999998454e+03 1.942871950028473777e-05
2.185100000000000819e+03 1.912881177073766644e-05
2.185899999999999181e+03 2.180424326313333430e-05
2.186699999999998454e+03 2.158596572910400651e-05
2.187600000000000819e+03 2.443751392258690375e-05
2.188399999999999181e+03 2.459022876809569759e-05
2.189199999999998454e+03 2.756814822497713041e-05
2.190100000000000819e+03 2.829390940838239185e-05
2.190899999999999181e+03 3.205754352670599840e-05
2.191699999999998454e+03 3.354305131497249475e-05
2.192600000000000819e+03 3.792320488706038431e-05
2.193399999999999181e+03 3.964895928481123764e-05
2.194199999999998454e+03 4.349064378326051184e-05
2.195100000000000819e+03 4.432961327693550320e-05
2.195899999999999181e+03 4.730609279544414377e-05
2.196699999999998454e+03 4.754586055572079887e-05
2.197600000000000819e+03 5.002819481788349433e-05
2.198399999999999181e+03 5.120097351011058918e-05
2.199199999999998454e+03 5.507588741841593609e-05
2.200100000000000819e+03 5.855984851417575092e-05
2.200899999999999181e+03 6.452884438446380099e-05
2.201699999999998454e+03 6.917703932622638982e-05
2.202600000000000819e+03 7.556358545785619388e-05
2.203399999999999181e+03 7.956488673562118195e-05
2.204199999999998454e+03 8.610567744320796527e-05
2.205100000000000819e+03 9.134674795269861266e-05
2.205899999999999181e+03 9.906359382138973512e-05
2.206699999999998454e+03 1.053943370037825877e-04
2.207600000000000819e+03 1.115789263157538057e-04
2.208399999999999181e+03 1.165448519291347146e-04
2.209199999999998454e+03 1.207686648768257755e-04
2.210100000000000819e+03 1.257433248102685173e-04
2.210899999999999181e+03 1.324070537413696389e-04
2.211800000000001546e+03 1.394269463930896584e-04
2.212600000000000819e+03 1.498244354620492669e-04
2.213399999999999181e+03 1.596126444848343449e-04
2.214300000000001546e+03 1.710441081395334582e-04
2.215100000000000819e+03 1.829909751674504872e-04
2.215899999999999181e+03 1.943435191228714859e-04
2.216800000000001546e+03 2.077764136028425513e-04
2.217600000000000819e+03 2.205900881166836280e-04
2.218399999999999181e+03 2.377549673002950529e-04
2.219300000000001546e+03 2.582970457438895219e-04
2.220100000000000819e+03 2.852242666115295034e-04
2.220899999999999181e+03 3.192626625663669043e-04
2.221800000000001546e+03 3.609933726297709974e-04
2.222600000000000819e+03 4.010420510709369218e-04
2.223399999999999181e+03 4.468369200044695140e-04
2.224300000000001546e+03 4.934911242162532590e-04
2.225100000000000819e+03 5.560629203343368061e-04
2.225899999999999181e+03 6.281652347771370494e-04
2.226800000000001546e+03 7.257956246313895798e-04
2.227600000000000819e+03 8.340267538824793110e-04
2.228399999999999181e+03 9.682401620257296247e-04
2.229300000000001546e+03 1.146553723564727257e-03
2.230100000000000819e+03 1.426988534561244790e-03
2.230899999999999181e+03 1.823497749803456615e-03
2.231800000000001546e+03 2.493587783668518767e-03
2.232600000000000819e+03 3.463792728166509120e-03
2.233399999999999181e+03 5.216460573748088123e-03
2.234300000000001546e+03 8.178276983552116436e-03
2.235100000000000819e+03 1.362414218182568700e-02
2.235899999999999181e+03 2.207797189332645280e-02
2.236800000000001546e+03 3.375076901837219950e-02
2.237600000000000819e+03 4.712722949291205804e-02
2.238399999999999181e+03 5.883764824171755503e-02
2.239300000000001546e+03 6.513826712468834268e-02
2.240100000000000819e+03 6.381584020609820662e-02
2.240899999999999181e+03 5.527712244793001051e-02
2.241800000000001546e+03 4.243534866573793474e-02
2.242600000000000819e+03 2.898959445356965453e-02
2.243399999999999181e+03 1.823571875359408442e-02
2.244300000000001546e+03 1.092090779771954720e-02
2.245100000000000819e+03 6.661751621692443663e-03
2.245899999999999181e+03 4.424901986593030544e-03
2.246800000000001546e+03 3.212179634977972448e-03
2.247600000000000819e+03 2.491774674453692967e-03
2.248399999999999181e+03 1.957738817673430366e-03
2.249300000000001546e+03 1.613844650428906177e-03
2.250100000000000819e+03 1.350289054232902851e-03
2.250899999999999181e+03 1.174868398709171934e-03
2.251800000000001546e+03 1.006288612101933740e-03
2.252600000000000819e+03 8.850490913958713969e-04
2.253500000000000000e+03 7.549383334110162718e-04
2.254300000000001546e+03 6.650066721474717909e-04
2.255100000000000819e+03 5.780871896594907185e-04
2.256000000000000000e+03 5.234438768201518134e-04
2.256800000000001546e+03 4.622480971638408395e-04
2.257600000000000819e+03 4.226010090705310438e-04
2.258500000000000000e+03 3.749675626244225587e-04
2.259300000000001546e+03 3.462186517475070624e-04
2.260100000000001273e+03 3.107132639466422710e-04
2.261000000000000000e+03 2.987608398567162017e-04
2.261800000000001546e+03 2.755152727227880858e-04
2.262600000000001273e+03 2.697886104370290764e-04
2.263500000000000000e+03 2.485614498539565021e-04
2.264300000000001546e+03 2.420629838655472747e-04
2.265100000000001273e+03 2.197549590237943891e-04
2.266000000000000000e+03 2.153213968112997008e-04
2.266800000000001546e+03 1.997147178150329510e-04
2.267600000000001273e+03 2.019899519925747442e-04
2.268500000000000000e+03 1.922597778486211161e-04
2.269300000000001546e+03 1.956274735906937906e-04
2.270100000000001273e+03 1.836588586709479395e-04
2.271000000000000000e+03 1.854332662454422900e-04
2.271800000000001546e+03 1.727112794872513290e-04
2.272600000000001273e+03 1.751713412332565564e-04
2.273500000000000000e+03 1.649033568257728035e-04
2.274300000000001546e+03 1.685720852100014606e-04
2.275100000000001273e+03 1.567768757416032762e-04
2.276000000000000000e+03 1.577626954024301774e-04
2.276800000000001546e+03 1.432147685813805473e-04
2.277600000000001273e+03 1.429812432540940922e-04
2.278500000000000000e+03 1.296238683049515832e-04
2.279300000000001546e+03 1.336132234691885575e-04
2.280100000000001273e+03 1.243697164086998751e-04
2.281000000000000000e+03 1.314004045167578680e-04
2.281800000000001546e+03 1.243775967621703381e-04
2.282600000000001273e+03 1.306964252268658414e-04
2.283500000000000000e+03 1.216284114404570031e-04
2.284300000000001546e+03 1.250463279530929543e-04
2.285100000000001273e+03 1.130129716911499411e-04
2.286000000000000000e+03 1.146692838489937847e-04
2.286800000000001546e+03 1.024137298754302462e-04
2.287600000000001273e+03 1.047601223889773502e-04
2.288500000000000000e+03 9.259816566547852447e-05
2.289300000000001546e+03 9.558482904954586346e-05
2.290100000000001273e+03 8.406962015641170842e-05
2.291000000000000000e+03 8.743082638030760280e-05
2.291800000000001546e+03 7.698968266478784883e-05
2.292600000000001273e+03 8.172551325932933270e-05
2.293500000000000000e+03 7.182022918438701756e-05
2.294300000000001546e+03 7.650990916383889489e-05
2.295199999999998454e+03 6.603658095449570816e-05
2.296000000000000000e+03 7.023341797665327835e-05
2.296800000000001546e+03 5.891843285333082941e-05
2.297699999999998454e+03 6.311990766757863381e-05
2.298500000000000000e+03 5.305856433767302041e-05
2.299300000000001546e+03 5.808904291826789013e-05
2.300199999999998454e+03 4.800016638683627626e-05
2.301000000000000000e+03 5.278879880317144640e-05
2.301800000000001546e+03 4.208903852654016976e-05
2.302699999999998454e+03 4.641239038522940771e-05
2.303500000000000000e+03 3.583494983425042601e-05
2.304300000000001546e+03 4.096625392697978525e-05
2.305199999999998454e+03 3.065234087292847308e-05
2.306000000000000000e+03 3.566454613826265468e-05
2.306800000000001546e+03 2.520543929828812180e-05
2.307699999999998454e+03 3.009834040749525766e-05
2.308500000000000000e+03 1.954333456353434973e-05
2.309300000000001546e+03 2.470617149822801665e-05
2.310199999999998454e+03 1.451040064061472041e-05
2.311000000000000000e+03 2.047586746256871892e-05
2.311800000000001546e+03 1.094192105222985079e-05
2.312699999999998454e+03 1.766813689140235883e-05
2.313500000000000000e+03 8.324424888766040445e-06
2.314300000000001546e+03 1.519468074220536673e-05
2.315199999999998454e+03 5.745255838491320581e-06
2.316000000000000000e+03 1.256666561920416142e-05
2.316800000000001546e+03 2.985675043321292570e-06
2.317699999999998454e+03 9.971156922872926470e-06
2.318500000000000000e+03 4.103456089365371400e-07
2.319300000000001546e+03 7.741611716128219043e-06
2.320199999999998454e+03 -1.605995975351443994e-06
2.321000000000000000e+03 6.171704167988635790e-06
2.321800000000001546e+03 -2.967003001012494490e-06
2.322699999999998454e+03 5.199763831514787181e-06
2.323500000000000000e+03 -3.819597249088009585e-06
2.324300000000001546e+03 4.668894997746409511e-06
2.325199999999998454e+03 -4.224573794248862285e-06
2.326000000000000000e+03 4.619596950643188481e-06
2.326800000000001546e+03 -4.118548975594528116e-06
2.327699999999998454e+03 5.123538020082104183e-06
2.328500000000000000e+03 -3.501756566479352748e-06
2.329300000000001546e+03 6.080523279185450146e-06
2.330199999999998454e+03 -2.509468925015539775e-06
2.331000000000000000e+03 7.325837108775460096e-06
2.331800000000001546e+03 -1.236219619122583491e-06
2.332699999999998454e+03 9.012565515869800623e-06
2.333500000000000000e+03 5.690126957736542381e-07
2.334300000000001546e+03 1.122821888388341335e-05
2.335199999999998454e+03 2.881253295775339586e-06
2.336000000000000000e+03 1.383564499795349715e-05
2.336899999999998727e+03 5.180179865911552388e-06
2.337699999999998454e+03 1.608140247787013437e-05
2.338500000000000000e+03 7.190640518221151031e-06
2.339399999999998727e+03 1.815382838082848862e-05
2.340199999999998454e+03 9.155040548449859764e-06
2.341000000000000000e+03 2.045762240355553468e-05
2.341899999999998727e+03 1.137741384864065247e-05
2.342699999999997999e+03 2.279647090716493998e-05
2.343500000000000000e+03 1.355524874103691277e-05
2.344399999999998727e+03 2.549920411962785467e-05
2.345199999999997999e+03 1.626935801293233867e-05
2.346000000000000000e+03 2.862736220146600970e-05
2.346899999999998727e+03 1.926522665451977089e-05
2.347699999999997999e+03 3.166842297483188589e-05
2.348500000000000000e+03 2.176503018472250830e-05
2.349399999999998727e+03 3.387048568431696874e-05
2.350199999999997999e+03 2.316981998332817680e-05
2.351000000000000000e+03 3.482001022662107925e-05
2.351899999999998727e+03 2.333428609984049471e-05
2.352699999999997999e+03 3.480911625016681258e-05
2.353500000000000000e+03 2.283394048091728874e-05
2.354399999999998727e+03 3.448956502852177470e-05
2.355199999999997999e+03 2.198239388031171198e-05
2.356000000000000000e+03 3.361623066338265229e-05
2.356899999999998727e+03 2.069516740182021365e-05
2.357699999999997999e+03 3.273718382687319963e-05
2.358500000000000000e+03 1.976907039688394658e-05
2.359399999999998727e+03 3.223103657242085628e-05
2.360199999999997999e+03 1.881442742371950522e-05
2.361000000000000000e+03 3.079278415572968795e-05
2.361899999999998727e+03 1.614579312864003685e-05
2.362699999999997999e+03 2.797364013269662745e-05
2.363500000000000000e+03 1.301662469757864985e-05
2.364399999999998727e+03 2.584847708335553861e-05
2.365199999999997999e+03 1.149255774326021996e-05
2.366000000000000000e+03 2.547501645780633208e-05
2.366899999999998727e+03 1.121796996616382687e-05
2.367699999999997999e+03 2.568516790319934527e-05
2.368500000000000000e+03 1.114711412898590820e-05
2.369399999999998727e+03 2.609682877766552337e-05
2.370199999999997999e+03 1.125622710432575952e-05
2.371000000000000000e+03 2.687121290362948716e-05
2.371899999999998727e+03 1.170190457630766123e-05
2.372699999999997999e+03 2.777505899273978815e-05
2.373500000000000000e+03 1.190604271548191438e-05
2.374399999999998727e+03 2.820286994523756683e-05
2.375199999999997999e+03 1.158023675368110038e-05
2.376000000000000000e+03 2.836143609447942479e-05
2.376899999999998727e+03 1.157816255673933829e-05
2.377699999999997999e+03 2.935650170182281816e-05
2.378500000000000000e+03 1.263509534357557254e-05
2.379399999999998727e+03 3.154737760594199941e-05
2.380199999999997999e+03 1.453438234578778885e-05
2.381100000000001273e+03 3.424058887114195043e-05
2.381899999999998727e+03 1.648046006128305033e-05
2.382699999999997999e+03 3.680974481778042181e-05
2.383600000000001273e+03 1.791108696446038111e-05
2.384399999999998727e+03 3.880120373074576445e-05
2.385199999999997999e+03 1.919182100496294449e-05
2.386100000000001273e+03 4.050354980537706302e-05
2.386899999999998727e+03 2.004771153268475778e-05
2.387699999999997999e+03 4.308968141480752802e-05
2.388600000000001273e+03 2.297755034718876088e-05
2.389399999999998727e+03 4.877053498607164002e-05
2.390199999999997999e+03 2.910114751286062816e-05
2.391100000000001273e+03 5.660734495124815038e-05
2.391899999999998727e+03 3.537956335864708690e-05
2.392699999999997999e+03 6.289845686276717438e-05
2.393600000000001273e+03 3.921355766817154816e-05
2.394399999999998727e+03 6.697728292305844095e-05
2.395199999999997999e+03 4.155106626052432542e-05
2.396100000000001273e+03 7.148799379602919525e-05
2.396899999999998727e+03 4.589778478006595574e-05
2.397699999999997999e+03 7.912286169758743558e-05
2.398600000000001273e+03 5.288368767770539714e-05
2.399399999999998727e+03 8.883449315005419612e-05
2.400199999999997999e+03 6.299329845518025924e-05
2.401100000000001273e+03 1.042794428043584970e-04
2.401899999999998727e+03 8.015559068514526743e-05
2.402699999999997999e+03 1.280282750554936010e-04
2.403600000000001273e+03 1.050001122433593867e-04
2.404399999999998727e+03 1.585507747036425772e-04
2.405199999999997999e+03 1.358746337485765602e-04
2.406100000000001273e+03 1.948723065386570748e-04
2.406899999999998727e+03 1.677178172188029711e-04
2.407699999999997999e+03 2.274884019843525444e-04
2.408600000000001273e+03 1.910577225443970458e-04
2.409399999999998727e+03 2.520674379504786412e-04
2.410199999999997999e+03 2.089167415646030624e-04
2.411100000000001273e+03 2.817398446249770355e-04
2.411899999999998727e+03 2.459141534211587159e-04
2.412699999999997999e+03 3.454339977314088012e-04
2.413600000000001273e+03 3.295465238453648238e-04
2.414399999999998727e+03 4.788120413130403461e-04
2.415199999999997999e+03 4.911008707855391182e-04
2.416100000000001273e+03 7.155336462462915824e-04
2.416899999999998727e+03 7.850282230027995009e-04
2.417699999999997999e+03 1.135260235166589676e-03
2.418600000000001273e+03 1.340466491892319421e-03
2.419399999999998727e+03 1.999584310893361399e-03
2.420199999999997999e+03 2.679938049914200142e-03
2.421100000000001273e+03 4.521787949908882658e-03
2.421899999999998727e+03 7.248702011298104042e-03
2.422800000000002001e+03 1.378750285114399739e-02
2.423600000000001273e+03 2.434720601368993084e-02
2.424399999999998727e+03 3.988387544739148416e-02
2.425300000000002001e+03 6.011790742028289003e-02
2.426100000000001273e+03 7.906683583795358350e-02
2.426899999999998727e+03 9.059319966968561177e-02
2.427800000000002001e+03 9.052187148223693469e-02
2.428600000000001273e+03 7.881867377446018230e-02
2.429399999999998727e+03 5.973767565595685530e-02
2.430300000000002001e+03 3.912477135820265767e-02
2.431100000000001273e+03 2.348083806939372034e-02
2.431899999999998727e+03 1.322776668142582740e-02
2.432800000000002001e+03 7.006988651401671771e-03
2.433600000000001273e+03 4.442616142111452740e-03
2.434399999999998727e+03 2.786513049103263567e-03
2.435300000000002001e+03 2.083931219025276019e-03
2.436100000000001273e+03 1.417874199366427838e-03
2.436899999999998727e+03 1.195729672282900549e-03
2.437800000000002001e+03 8.737570472059387732e-04
2.438600000000001273e+03 8.159127096702195256e-04
2.439399999999998727e+03 6.275876770781600115e-04
2.440300000000002001e+03 6.174119430396097282e-04
2.441100000000001273e+03 4.849022610375151171e-04
2.441899999999998727e+03 4.930949747658334992e-04
2.442800000000002001e+03 3.883469052362079044e-04
2.443600000000001273e+03 4.013310748079038461e-04
2.444399999999998727e+03 3.110504865626846182e-04
2.445300000000002001e+03 3.267747115485669196e-04
2.446100000000001273e+03 2.517349215694375010e-04
2.446899999999998727e+03 2.732450716108433169e-04
2.447800000000002001e+03 2.132080743854959139e-04
2.448600000000001273e+03 2.371472130914855628e-04
2.449399999999998727e+03 1.819990772738272196e-04
2.450300000000002001e+03 2.049452317904562105e-04
2.451100000000001273e+03 1.527638512607072837e-04
2.451899999999998727e+03 1.762288783898310397e-04
2.452800000000002001e+03 1.313775734687748400e-04
2.453600000000001273e+03 1.570119278481298488e-04
2.454399999999998727e+03 1.180718164046555644e-04
2.455300000000002001e+03 1.421945007873469489e-04
2.456100000000001273e+03 1.048089805804944648e-04
2.456899999999998727e+03 1.259938651079268079e-04
2.457800000000002001e+03 8.977522839819724655e-05
2.458600000000001273e+03 1.092685963090208229e-04
2.459399999999998727e+03 7.498831871263505371e-05
2.460300000000002001e+03 9.423271109399533423e-05
2.461100000000001273e+03 6.329807900600521850e-05
2.461899999999998727e+03 8.355163918550476381e-05
2.462800000000002001e+03 5.503011920454255846e-05
2.463600000000001273e+03 7.524832422529050447e-05
2.464500000000000000e+03 4.809030287449838508e-05
2.465300000000002001e+03 6.686804238645903192e-05
2.466100000000001273e+03 4.110243930724049476e-05
2.467000000000000000e+03 5.912926904178835525e-05
2.467800000000002001e+03 3.492069414355974786e-05
2.468600000000001273e+03 5.260526756855171514e-05
2.469500000000000000e+03 3.001202761803702126e-05
2.470300000000002001e+03 4.804588185571431150e-05
2.471100000000001273e+03 2.686277087875027313e-05
2.472000000000000000e+03 4.493349920546167503e-05
2.472800000000002001e+03 2.477810845083126113e-05
2.473600000000001273e+03 4.215863523393350746e-05
2.474500000000000000e+03 2.256336870148694453e-05
2.475300000000002001e+03 3.910987905993495252e-05
2.476100000000001273e+03 2.009978592250311787e-05
2.477000000000000000e+03 3.532746762908266908e-05
2.477800000000002001e+03 1.598617860982411409e-05
2.478600000000001273e+03 3.007710172464237485e-05
2.479500000000000000e+03 1.131319430514730278e-05
2.480300000000002001e+03 2.573941644486522757e-05
2.481100000000001273e+03 8.692454977503338999e-06
2.482000000000000000e+03 2.375057911514746317e-05
2.482800000000002001e+03 7.788660377555159172e-06
2.483600000000001273e+03 2.223420677656594304e-05
2.484500000000000000e+03 6.305731380019167027e-06
2.485300000000002001e+03 1.976477262163861938e-05
2.486100000000001273e+03 3.899639380704384154e-06
2.487000000000000000e+03 1.690841763230953822e-05
2.487800000000002001e+03 1.827931186432629858e-06
2.488600000000001273e+03 1.506555948661226084e-05
2.489500000000000000e+03 8.679350671786003124e-07
2.490300000000002001e+03 1.418127256039905888e-05
2.491100000000001273e+03 6.344375252021933064e-07
2.492000000000000000e+03 1.367251263911502005e-05
2.492800000000002001e+03 4.351168250606854819e-07
2.493600000000001273e+03 1.301756092124593486e-05
2.494500000000000000e+03 -1.207437491456929245e-07
2.495300000000002001e+03 1.195789858090084054e-05
2.496100000000001273e+03 -9.399297881100724064e-07
2.497000000000000000e+03 1.090563560990206566e-05
2.497800000000002001e+03 -1.563518232895701137e-06
2.498600000000001273e+03 1.017141930955623827e-05
2.499500000000000000e+03 -1.925858612239808006e-06
2.500300000000002001e+03 9.635982351045589619e-06
2.501100000000001273e+03 -2.087442842673384307e-06
2.502000000000000000e+03 9.247216289494327013e-06
2.502800000000002001e+03 -2.182471648424133461e-06
2.503600000000001273e+03 8.948892354015678573e-06
2.504500000000000000e+03 -2.325413223046317463e-06
2.505300000000002001e+03 8.511450165368755915e-06
2.506199999999997999e+03 -2.551668594600013430e-06
2.507000000000000000e+03 8.056333003199951258e-06
2.507800000000002001e+03 -2.758964149662003304e-06
2.508699999999997999e+03 7.632318346625140831e-06
2.509500000000000000e+03 -2.949684935292414820e-06
2.510300000000002001e+03 7.220089546700798323e-06
2.511199999999997999e+03 -3.190050754745396236e-06
2.512000000000000000e+03 6.765429131074978890e-06
2.512800000000002001e+03 -3.459831704599767214e-06
2.513699999999997999e+03 6.362304217813046173e-06
2.514500000000000000e+03 -3.596110801414696187e-06
2.515300000000002001e+03 6.118324612679319852e-06
2.516199999999997999e+03 -3.594013528537474770e-06
2.517000000000000000e+03 5.916756617823838969e-06
2.517800000000002001e+03 -3.704633315369211400e-06
2.518699999999997999e+03 5.586826355299877211e-06
2.519500000000000000e+03 -3.841234596197345431e-06
2.520300000000002001e+03 5.376329744145677801e-06
2.521199999999997999e+03 -3.785807706218894523e-06
2.522000000000000000e+03 5.347850868807407203e-06
2.522800000000002001e+03 -3.654917892094531038e-06
2.523699999999997999e+03 5.279615484627160214e-06
2.524500000000000000e+03 -3.609737941898340934e-06
2.525300000000002001e+03 5.163748292863159241e-06
2.526199999999997999e+03 -3.563213276883445961e-06
2.527000000000000000e+03 5.074374755279473517e-06
2.527800000000002001e+03 -3.525988810380281855e-06
2.528699999999997999e+03 4.951081102706963525e-06
2.529500000000000000e+03 -3.541302723256579525e-06
2.530300000000002001e+03 4.792330091675176572e-06
2.531199999999997999e+03 -3.553885230270008663e-06
2.532000000000000000e+03 4.679405285755401817e-06
2.532800000000002001e+03 -3.504205598242165902e-06
2.533699999999997999e+03 4.628043779084472987e-06
2.534500000000000000e+03 -3.436000385455086480e-06
2.535300000000002001e+03 4.540156677098644221e-06
2.536199999999997999e+03 -3.434436000289120545e-06
2.537000000000000000e+03 4.396834302447601121e-06
2.537800000000002001e+03 -3.479789155003343516e-06
2.538699999999997999e+03 4.256780987257765055e-06
2.539500000000000000e+03 -3.462149438999181070e-06
2.540300000000002001e+03 4.204357026843195571e-06
2.541199999999997999e+03 -3.371948684071908286e-06
2.542000000000000000e+03 4.201897841668778737e-06
2.542800000000002001e+03 -3.283273232780719865e-06
2.543699999999997999e+03 4.155399266589080647e-06
2.544500000000000000e+03 -3.254640831831012725e-06
2.545300000000002001e+03 4.073816227608830724e-06
2.546199999999997999e+03 -3.239895560237813905e-06
2.547000000000000000e+03 3.991353446060466634e-06
2.547899999999998727e+03 -3.222507952753045434e-06
2.548699999999997999e+03 3.913949600273518218e-06
2.549500000000000000e+03 -3.198622601383970090e-06
2.550399999999998727e+03 3.851350709553660450e-06
2.551199999999997999e+03 -3.164053500042059213e-06
2.552000000000000000e+03 3.794855796211230143e-06
2.552899999999998727e+03 -3.130624726661906963e-06
2.553699999999997999e+03 3.740500822679753080e-06
2.554500000000000000e+03 -3.108369572398816056e-06
2.555399999999998727e+03 3.679552347980759896e-06
2.556199999999997999e+03 -3.089624063846507968e-06
2.557000000000000000e+03 3.610911926190461583e-06
2.557899999999998727e+03 -3.074208522666689822e-06
2.558699999999997999e+03 3.553553062382687305e-06
2.559500000000000000e+03 -3.038861275664354259e-06
2.560399999999998727e+03 3.513967598025600017e-06
2.561199999999997999e+03 -2.988273691914639523e-06
2.562000000000000000e+03 3.488777781292597930e-06
2.562899999999998727e+03 -2.938396438831337106e-06
2.563699999999997999e+03 3.461970325785836813e-06
2.564500000000000000e+03 -2.907120873140132170e-06
2.565399999999998727e+03 3.398409655192610972e-06
2.566199999999997999e+03 -2.919706563690780313e-06
2.567000000000000000e+03 3.305560253811828437e-06
2.567899999999998727e+03 -2.935205774759041318e-06
2.568699999999997999e+03 3.242735118457792096e-06
2.569500000000000000e+03 -2.897261056507006351e-06
2.570399999999998727e+03 3.233860161087038011e-06
2.571199999999997999e+03 -2.827735115315770126e-06
2.572000000000000000e+03 3.238194879492223476e-06
2.572899999999998727e+03 -2.761493900105185874e-06
2.573699999999997999e+03 3.223086986056058033e-06
2.574500000000000000e+03 -2.732754941706557019e-06
2.575399999999998727e+03 3.172255503796639302e-06
2.576199999999997999e+03 -2.731436442406370902e-06
2.577000000000000000e+03 3.112694812716711946e-06
2.577899999999998727e+03 -2.720150269236752206e-06
2.578699999999997999e+03 3.085346381932740748e-06
2.579500000000000000e+03 -2.665925933756234100e-06
2.580399999999998727e+03 3.091224164909317959e-06
2.581199999999997999e+03 -2.596837085318049032e-06
2.582000000000000000e+03 3.091127076442893517e-06
2.582899999999998727e+03 -2.557916898610522920e-06
2.583699999999997999e+03 3.050391363041590755e-06
2.584500000000000000e+03 -2.556608383184454797e-06
2.585399999999998727e+03 3.009420940376229674e-06
2.586199999999997999e+03 -2.523539625793330761e-06
2.587000000000000000e+03 3.001557534689027097e-06
2.587899999999998727e+03 -2.471015468725112221e-06
2.588699999999997999e+03 2.986136131907642785e-06
2.589600000000001273e+03 -2.459776954426285195e-06
2.590399999999998727e+03 2.919517403811658611e-06
2.591199999999997999e+03 -2.479172064689955988e-06
2.592100000000001273e+03 2.859112136633427599e-06
2.592899999999998727e+03 -2.468694688930137439e-06
2.593699999999997999e+03 2.846385838913742777e-06
2.594600000000001273e+03 -2.416219917503390393e-06
2.595399999999998727e+03 2.849483208077822488e-06
2.596199999999997999e+03 -2.377599749352693241e-06
2.597100000000001273e+03 2.819581806494387654e-06
2.597899999999998727e+03 -2.374235089587436179e-06
2.598699999999997999e+03 2.771239605452558932e-06
2.599600000000001273e+03 -2.367715148850923903e-06
2.600399999999998727e+03 2.749461231411932633e-06
2.601199999999997999e+03 -2.322123756295248961e-06
2.602100000000001273e+03 2.760712972774174704e-06
2.602899999999998727e+03 -2.267756695369004663e-06
2.603699999999997999e+03 2.756254877859679451e-06
2.604600000000001273e+03 -2.253681492429110180e-06
2.605399999999998727e+03 2.702552196662243381e-06
2.606199999999997999e+03 -2.278758422313751007e-06
2.607100000000001273e+03 2.635797521480353269e-06
2.607899999999998727e+03 -2.289787862358132616e-06
2.608699999999997999e+03 2.602319236875408928e-06
2.609600000000001273e+03 -2.266816264660417367e-06
2.610399999999998727e+03 2.597466568581189509e-06
2.611199999999997999e+03 -2.224199156112820269e-06
2.612100000000001273e+03 2.598012042880917445e-06
2.612899999999998727e+03 -2.185243806075068018e-06
2.613699999999997999e+03 2.595392720133147248e-06
2.614600000000001273e+03 -2.151003984204066202e-06
2.615399999999998727e+03 2.588297450801627452e-06
2.616199999999997999e+03 -2.119517865514795392e-06
2.617100000000001273e+03 2.578126834283459227e-06
2.617899999999998727e+03 -2.098048887965585858e-06
2.618699999999997999e+03 2.553885319193766431e-06
2.619600000000001273e+03 -2.092510741316506331e-06
2.620399999999998727e+03 2.519312302791781952e-06
2.621199999999997999e+03 -2.092874038797745327e-06
2.622100000000001728e+03 2.480054359739095022e-06
2.622899999999998272e+03 -2.096897709604783897e-06
2.623699999999997999e+03 2.439676822531149061e-06
2.624600000000001728e+03 -2.095219872465508082e-06
2.625399999999998272e+03 2.417792000927008688e-06
2.626199999999997999e+03 -2.066504241168986104e-06
2.627100000000001728e+03 2.427353663915641756e-06
2.627899999999998272e+03 -2.019258335436558279e-06
2.628699999999997999e+03 2.432819269870295163e-06
2.629600000000001728e+03 -1.997993546950558861e-06
2.630399999999998272e+03 2.400662759150667104e-06
2.631199999999997999e+03 -2.010599004316128424e-06
2.632100000000001728e+03 2.355991795019927259e-06
2.632899999999998272e+03 -2.004702113837073944e-06
2.633800000000002001e+03 2.356397234496609834e-06
2.634600000000001728e+03 -1.944573447065659359e-06
2.635399999999998272e+03 2.403155581817944398e-06
2.636300000000002001e+03 -1.868280731118049343e-06
2.637100000000001728e+03 2.430323175757472074e-06
2.637899999999998272e+03 -1.834388451672595084e-06
2.638800000000002001e+03 2.406049363776882043e-06
2.639600000000001728e+03 -1.849880137160270187e-06
2.640399999999998272e+03 2.352404259393109274e-06
2.641300000000002001e+03 -1.875400332218252026e-06
2.642100000000001728e+03 2.305033329184227595e-06
2.642899999999998272e+03 -1.877536441737876205e-06
2.643800000000002001e+03 2.281926459410962247e-06
2.644600000000001728e+03 -1.865633371893589064e-06
2.645399999999998272e+03 2.263471307348629240e-06
2.646300000000002001e+03 -1.858721736775014349e-06
2.647100000000001728e+03 2.239449492432233782e-06
2.647899999999998272e+03 -1.851935433812034289e-06
2.648800000000002001e+03 2.224036619898013497e-06
2.649600000000001728e+03 -1.838515913955881206e-06
2.650399999999998272e+03 2.214364726148286327e-06
2.651300000000002001e+03 -1.816161181537004887e-06
2.652100000000001728e+03 2.210438583349297257e-06
2.652899999999998272e+03 -1.794486495366384910e-06
2.653800000000002001e+03 2.197444194434754413e-06
2.654600000000001728e+03 -1.792668080256194903e-06
2.655399999999998272e+03 2.166003279462323529e-06
2.656300000000002001e+03 -1.788004104043221690e-06
2.657100000000001728e+03 2.158693909403886069e-06
2.657899999999998272e+03 -1.753903431004927727e-06
2.658800000000002001e+03 2.173848626581745874e-06
2.659600000000001728e+03 -1.725916506354446459e-06
2.660399999999998272e+03 2.156389624978285216e-06
2.661300000000002001e+03 -1.736899835970401793e-06
2.662100000000001728e+03 2.114508842844805603e-06
2.662899999999998272e+03 -1.745577756562105096e-06
2.663800000000002001e+03 2.100392241362734190e-06
2.664600000000001728e+03 -1.709920821087129159e-06
2.665399999999998272e+03 2.124322542142421353e-06
2.666300000000002001e+03 -1.665236394424246030e-06
2.667100000000001728e+03 2.133914329430475916e-06
2.667899999999998272e+03 -1.649505322007719517e-06
2.668800000000002001e+03 2.113554127033312653e-06
2.669600000000001728e+03 -1.652219214020466501e-06
2.670399999999998272e+03 2.085861434688089629e-06
2.671300000000002001e+03 -1.652089930385638778e-06
2.672100000000001728e+03 2.064532080676545755e-06
2.672899999999998272e+03 -1.649299654200888098e-06
2.673800000000002001e+03 2.050993978768368046e-06
2.674600000000001728e+03 -1.644675578948974243e-06
2.675500000000000000e+03 2.028398430910347761e-06
2.676300000000002001e+03 -1.643270235641875137e-06
2.677100000000001728e+03 2.015435880507576378e-06
2.678000000000000000e+03 -1.625236272774624537e-06
2.678800000000002001e+03 2.018604793548460139e-06
2.679600000000001728e+03 -1.596056918781568368e-06
2.680500000000000000e+03 2.017213248708892169e-06
2.681300000000002001e+03 -1.591400703617910778e-06
2.682100000000001728e+03 1.994054406277719326e-06
2.683000000000000000e+03 -1.593444142064470745e-06
2.683800000000002001e+03 1.977622242045836688e-06
2.684600000000001728e+03 -1.582085256151277488e-06
2.685500000000000000e+03 1.976741646453005654e-06
2.686300000000002001e+03 -1.558190865922583806e-06
2.687100000000001728e+03 1.982584473311835797e-06
2.688000000000000000e+03 -1.533988780856491137e-06
2.688800000000002001e+03 1.981202673738074905e-06
2.689600000000001728e+03 -1.523837796151170199e-06
2.690500000000000000e+03 1.961869001975226626e-06
2.691300000000002001e+03 -1.522491323165954511e-06
2.692100000000001728e+03 1.950987853857326855e-06
2.693000000000000000e+03 -1.507327400730573570e-06
2.693800000000002001e+03 1.949812280936180650e-06
2.694600000000001728e+03 -1.497204264126960123e-06
2.695500000000000000e+03 1.937435843596212487e-06
2.696300000000002001e+03 -1.490058174364514101e-06
2.697100000000001728e+03 1.933793688642970420e-06
2.698000000000000000e+03 -1.463351367611360131e-06
2.698800000000002001e+03 1.945737353296169872e-06
2.699600000000001728e+03 -1.438881180989785974e-06
2.700500000000000000e+03 1.940840420020443771e-06
2.701300000000002001e+03 -1.432959308848354602e-06
2.702100000000001728e+03 1.925700879587075522e-06
2.703000000000000000e+03 -1.426608773734376914e-06
2.703800000000002001e+03 1.919304230277171924e-06
2.704600000000001728e+03 -1.416749421759543915e-06
2.705500000000000000e+03 1.907592894770113898e-06
2.706300000000002001e+03 -1.415477413405249949e-06
2.707100000000001728e+03 1.890561629962198077e-06
2.708000000000000000e+03 -1.413302526895301054e-06
2.708800000000002001e+03 1.877815111129925235e-06
2.709600000000001728e+03 -1.410168343922183304e-06
2.710500000000000000e+03 1.860063625968969337e-06
2.711300000000002001e+03 -1.408112419353808164e-06
2.712100000000001728e+03 1.844988258613265075e-06
2.713000000000000000e+03 -1.401254188543014905e-06
2.713800000000002001e+03 1.846275707437028427e-06
2.714600000000001728e+03 -1.378623037813140881e-06
2.715500000000000000e+03 1.854073898018949328e-06
2.716300000000002001e+03 -1.358751674776960504e-06
2.717199999999997999e+03 1.846450500584087061e-06
2.718000000000000000e+03 -1.367672077926409339e-06
2.718800000000002001e+03 1.808503320898936268e-06
2.719699999999997999e+03 -1.392106667955296380e-06
2.720500000000000000e+03 1.772194325419063629e-06
2.721300000000002001e+03 -1.400562880610336374e-06
2.722199999999997999e+03 1.763074087808102069e-06
2.723000000000000000e+03 -1.381194638898458684e-06
2.723800000000002001e+03 1.779819776141245331e-06
2.724699999999997999e+03 -1.344037130283130267e-06
2.725500000000000000e+03 1.800620110407858290e-06
2.726300000000002001e+03 -1.319701509330917257e-06
2.727199999999997999e+03 1.794910386172686030e-06
2.728000000000000000e+03 -1.321924271342885769e-06
2.728800000000002001e+03 1.768687473937201811e-06
2.729699999999997999e+03 -1.335058497286741239e-06
2.730500000000000000e+03 1.742370766657919372e-06
2.731300000000002001e+03 -1.341812807898382613e-06
2.732199999999997999e+03 1.729376220764223027e-06
2.733000000000000000e+03 -1.334438994758137561e-06
2.733800000000002001e+03 1.730601913989275246e-06
2.734699999999997999e+03 -1.317111635872212929e-06
2.735500000000000000e+03 1.727964946784731680e-06
2.736300000000002001e+03 -1.310853693341722173e-06
2.737199999999997999e+03 1.722803283865725898e-06
2.738000000000000000e+03 -1.290703968592632720e-06
2.738800000000002001e+03 1.734483380521376026e-06
2.739699999999997999e+03 -1.259919378434720803e-06
2.740500000000000000e+03 1.746164795801911492e-06
2.741300000000002001e+03 -1.247246839481744559e-06
2.742199999999997999e+03 1.736722386736076848e-06
2.743000000000000000e+03 -1.246442258531990287e-06
2.743800000000002001e+03 1.727455549433900236e-06
2.744699999999997999e+03 -1.241688270472802907e-06
2.745500000000000000e+03 1.722423205940969980e-06
2.746300000000002001e+03 -1.232329377455840933e-06
2.747199999999997999e+03 1.718319394136844707e-06
2.748000000000000000e+03 -1.218764541997942558e-06
2.748800000000002001e+03 1.718511222661564694e-06
