1.999899999999999636e+03 4.191013997134216644e-06
2.000800000000001546e+03 4.930014965150464593e-06
2.001600000000000364e+03 4.325019221519002755e-06
2.002399999999999636e+03 5.118789767749300440e-06
2.003300000000001546e+03 4.625549159296385442e-06
2.004100000000000364e+03 5.490821533719256424e-06
2.004899999999999636e+03 5.044354659711094636e-06
2.005800000000001546e+03 5.868793345689267485e-06
2.006600000000000364e+03 5.303604208883459965e-06
2.007399999999999636e+03 5.959183656195536341e-06
2.008300000000001546e+03 5.261162900667219090e-06
2.009100000000000364e+03 5.867511483061943078e-06
2.009899999999999636e+03 5.161885257120606336e-06
2.010800000000001546e+03 5.835712770064240076e-06
2.011600000000000364e+03 5.235937875650196453e-06
2.012399999999999636e+03 5.936399797320465212e-06
2.013300000000001546e+03 5.322646527616631920e-06
2.014100000000000364e+03 5.952825790848890229e-06
2.014899999999999636e+03 5.230317792197053622e-06
2.015800000000001546e+03 5.760796808767275726e-06
2.016600000000000364e+03 5.002571314807544367e-06
2.017399999999999636e+03 5.611990803342564267e-06
2.018300000000001546e+03 5.013244403863976095e-06
2.019100000000000364e+03 5.752719487306588721e-06
2.019899999999999636e+03 5.245963257155233460e-06
2.020800000000001546e+03 5.937194701776602828e-06
2.021600000000000364e+03 5.248352692843928923e-06
2.022399999999999636e+03 5.741476764141049613e-06
2.023300000000001546e+03 4.923637439343500377e-06
2.024100000000000364e+03 5.386349860170437027e-06
2.024899999999999636e+03 4.668433296414936592e-06
2.025800000000001546e+03 5.256271258929530251e-06
2.026600000000000364e+03 4.579403112468748884e-06
2.027399999999999636e+03 5.111403130948767549e-06
2.028300000000001546e+03 4.379626311359169718e-06
2.029100000000000364e+03 4.903539588317343192e-06
2.029899999999999636e+03 4.203324689777202853e-06
2.030800000000001546e+03 4.826672503766318101e-06
2.031600000000000364e+03 4.196187441875579888e-06
2.032399999999999636e+03 4.798636761088783390e-06
2.033300000000001546e+03 4.169578337657645215e-06
2.034100000000000364e+03 4.737438808401055608e-06
2.034899999999999636e+03 4.055523100677613556e-06
2.035800000000001546e+03 4.611308552362859497e-06
2.036600000000000364e+03 3.919159604231108806e-06
2.037399999999999636e+03 4.445355187493630474e-06
2.038300000000001546e+03 3.698708174593513503e-06
2.039100000000000364e+03 4.168244601094721651e-06
2.039899999999999636e+03 3.347299183801236222e-06
2.040800000000001546e+03 3.774517115288612464e-06
2.041600000000000364e+03 3.037738975077062822e-06
2.042500000000000000e+03 3.573689940490969639e-06
2.043300000000001546e+03 2.919156205995211402e-06
2.044100000000000364e+03 3.493605975720844591e-06
2.045000000000000000e+03 2.815479522930482656e-06
2.045800000000001546e+03 3.314989753554417386e-06
2.046600000000000364e+03 2.585252122193748000e-06
2.047500000000000000e+03 3.073217158432097182e-06
2.048300000000001546e+03 2.363106709934301444e-06
2.049100000000000364e+03 2.912633812183159559e-06
2.050000000000000000e+03 2.262236596753643647e-06
2.050800000000001546e+03 2.857424787808921309e-06
2.051600000000000364e+03 2.249973004416438628e-06
2.052500000000000000e+03 2.836595207570433657e-06
2.053300000000001546e+03 2.202005352494570874e-06
2.054100000000000364e+03 2.720765908231440169e-06
2.055000000000000000e+03 2.031993895330490836e-06
2.055800000000001546e+03 2.506241712573341293e-06
2.056600000000000364e+03 1.786445929572661838e-06
2.057500000000000000e+03 2.274966552783912086e-06
2.058300000000001546e+03 1.574990443269561792e-06
2.059100000000000364e+03 2.099192571378929508e-06
2.060000000000000000e+03 1.447995206860403279e-06
2.060800000000001546e+03 2.002252881934339963e-06
2.061600000000000364e+03 1.373414806822188390e-06
2.062500000000000000e+03 1.916332719196480698e-06
2.063300000000001546e+03 1.266931430976310480e-06
2.064100000000000364e+03 1.773126374802694768e-06
2.065000000000000000e+03 1.103956261762906041e-06
2.065800000000001546e+03 1.594514549279294172e-06
2.066600000000000364e+03 9.186959807479865425e-07
2.067500000000000000e+03 1.435323780564325872e-06
2.068300000000001546e+03 8.127357473532208268e-07
2.069100000000000364e+03 1.376693839166900726e-06
2.070000000000000000e+03 8.034701060701543341e-07
2.070800000000001546e+03 1.394420507793118984e-06
2.071600000000000364e+03 8.195190943721392316e-07
2.072500000000000000e+03 1.377064235602879810e-06
2.073300000000001546e+03 7.785127232408004874e-07
2.074100000000000364e+03 1.306820769043572627e-06
2.075000000000000000e+03 6.901790308417788336e-07
2.075800000000001546e+03 1.215381043446457931e-06
2.076600000000000364e+03 6.163819767893569773e-07
2.077500000000000000e+03 1.165709186938137044e-06
2.078300000000001546e+03 5.911163650117732397e-07
2.079100000000000364e+03 1.162443716286166116e-06
2.080000000000000000e+03 6.008891715111102019e-07
2.080800000000001546e+03 1.161354500976072618e-06
2.081600000000000364e+03 5.997235172898908047e-07
2.082500000000000000e+03 1.148328651791945673e-06
2.083300000000001546e+03 5.859361363516117179e-07
2.084199999999998454e+03 1.134164609739050781e-06
2.085000000000000000e+03 5.703112412921388888e-07
2.085800000000001546e+03 1.118354361304025426e-06
2.086699999999998454e+03 5.493123949058267107e-07
2.087500000000000000e+03 1.095004776446979351e-06
2.088300000000001546e+03 5.221932247932989123e-07
2.089199999999998454e+03 1.050740044259728411e-06
2.090000000000000000e+03 4.849188170489289382e-07
2.090800000000001546e+03 1.011976793698886461e-06
2.091699999999998454e+03 4.653565207716901691e-07
2.092500000000000000e+03 1.008240359930644323e-06
2.093300000000001546e+03 4.648962893356591182e-07
2.094199999999998454e+03 9.981016888251407514e-07
2.095000000000000000e+03 4.433256523037339351e-07
2.095800000000001546e+03 9.664072693616709741e-07
2.096699999999998454e+03 4.106907199241396215e-07
2.097500000000000000e+03 9.292898319123047777e-07
2.098300000000001546e+03 3.863610523637434542e-07
2.099199999999998454e+03 9.142411459557018055e-07
2.100000000000000000e+03 3.988481852715799736e-07
2.100800000000001546e+03 9.525146455092194383e-07
2.101699999999998454e+03 4.462842458753514721e-07
2.102500000000000000e+03 9.863305758104293049e-07
2.103300000000001546e+03 4.640392023368817140e-07
2.104199999999998454e+03 9.836532936541680759e-07
2.105000000000000000e+03 4.699104413344565331e-07
2.105800000000001546e+03 1.010016007661933387e-06
2.106699999999998454e+03 5.200705157090323142e-07
2.107500000000000000e+03 1.058675201451084282e-06
2.108300000000001546e+03 5.492959942905451673e-07
2.109199999999998454e+03 1.058943670121615247e-06
2.110000000000000000e+03 5.212453503421026898e-07
2.110800000000001546e+03 1.014338328678068600e-06
2.111699999999998454e+03 5.038562369797497930e-07
2.112500000000000000e+03 1.029088528352431900e-06
2.113300000000001546e+03 5.640568552865694670e-07
2.114199999999998454e+03 1.111583500321158414e-06
2.115000000000000000e+03 6.493430042801383673e-07
2.115800000000001546e+03 1.174619643064017633e-06
2.116699999999998454e+03 6.753174249646979079e-07
2.117500000000000000e+03 1.172184910584186211e-06
2.118300000000001546e+03 6.705229026442149746e-07
2.119199999999998454e+03 1.164086576795303173e-06
2.120000000000000000e+03 6.896327840469319277e-07
2.120800000000001546e+03 1.200393385107190128e-06
2.121699999999998454e+03 7.570348424725107501e-07
2.122500000000000000e+03 1.288810613723688127e-06
2.123300000000001546e+03 8.521506839511669726e-07
2.124199999999998454e+03 1.361888560093858072e-06
2.125000000000000000e+03 8.907711895539763825e-07
2.125800000000001546e+03 1.363093080516521764e-06
2.126699999999998454e+03 8.771170720640332836e-07
2.127500000000000000e+03 1.348939361818319237e-06
2.128399999999999181e+03 9.005378020404977139e-07
2.129199999999998454e+03 1.397082848736919692e-06
2.130000000000000000e+03 9.649329161108916891e-07
2.130899999999999181e+03 1.458123474728113213e-06
2.131699999999998454e+03 1.017700454810770163e-06
2.132500000000000000e+03 1.476960281892237639e-06
2.133399999999999181e+03 9.928988440298935852e-07
2.134199999999998454e+03 1.413843891964997313e-06
2.135000000000000000e+03 9.146093456063820081e-07
2.135899999999999181e+03 1.340816294992153158e-06
2.136699999999998454e+03 8.957957721351676946e-07
2.137500000000000000e+03 1.382473458391584140e-06
2.138399999999999181e+03 1.010955709457332034e-06
2.139199999999998454e+03 1.540658130163863896e-06
2.140000000000000000e+03 1.178140134373577843e-06
2.140899999999999181e+03 1.687859090510853838e-06
2.141699999999998454e+03 1.285085910481700558e-06
2.142500000000000000e+03 1.745389978686958663e-06
2.143399999999999181e+03 1.341575276631902132e-06
2.144199999999998454e+03 1.808103467436861770e-06
2.145000000000000000e+03 1.434822477231513075e-06
2.145899999999999181e+03 1.909592634714788302e-06
2.146699999999998454e+03 1.553121000115747636e-06
2.147500000000000000e+03 2.041883361882700214e-06
2.148399999999999181e+03 1.695543445486880948e-06
2.149199999999998454e+03 2.210404722680096753e-06
2.150000000000000000e+03 1.875340889862092192e-06
2.150899999999999181e+03 2.349830992552651005e-06
2.151699999999998454e+03 1.992355746604358387e-06
2.152500000000000000e+03 2.416353958950095594e-06
2.153399999999999181e+03 2.010942332241855774e-06
2.154199999999998454e+03 2.393078358135009069e-06
2.155000000000000000e+03 1.970325062482021962e-06
2.155899999999999181e+03 2.362694666750450625e-06
2.156699999999998454e+03 1.999149251374153604e-06
2.157500000000000000e+03 2.471417657527627578e-06
2.158399999999999181e+03 2.192741954390450558e-06
2.159199999999998454e+03 2.715881548145720261e-06
2.160000000000000000e+03 2.435254730971761623e-06
2.160899999999999181e+03 2.905877084364454013e-06
2.161699999999998454e+03 2.568133827908575840e-06
2.162500000000000000e+03 3.003402799316151239e-06
2.163399999999999181e+03 2.663095986589108465e-06
2.164199999999998454e+03 3.074892088934171969e-06
2.165000000000000000e+03 2.747368056474664882e-06
2.165899999999999181e+03 3.160495902299262903e-06
2.166699999999998454e+03 2.888538549295237920e-06
2.167500000000000000e+03 3.434707120150973364e-06
2.168399999999999181e+03 3.283664950130472846e-06
2.169199999999998454e+03 3.835636936157942326e-06
2.170100000000000819e+03 3.580420165554443883e-06
2.170899999999999181e+03 3.916679751931934494e-06
2.171699999999998454e+03 3.519929116868957247e-06
2.172600000000000819e+03 3.825129973228949838e-06
2.173399999999999181e+03 3.547134751221883935e-06
2.174199999999998454e+03 4.033151131365042884e-06
2.175100000000000819e+03 3.922483079232256707e-06
2.175899999999999181e+03 4.493792859296683986e-06
2.176699999999998454e+03 4.357379985875996939e-06
2.177600000000000819e+03 4.836816490170517369e-06
2.178399999999999181e+03 4.613852183944984542e-06
2.179199999999998454e+03 4.976488314553096719e-06
2.180100000000000819e+03 4.714763989959917741e-06
2.180899999999999181e+03 5.055625738305339614e-06
2.181699999999998454e+03 4.795936251384466140e-06
2.182600000000000819e+03 5.177767553968589096e-06
2.183399999999999181e+03 4.997316973063488556e-06
2.184199999999998454e+03 5.511308108208399164e-06
2.185100000000000819e+03 5.455384529488707089e-06
2.185899999999999181e+03 6.061870188213665117e-06
2.186699999999998454e+03 6.087439232880945136e-06
2.187600000000000819e+03 6.663584241851067301e-06
2.188399999999999181e+03 6.635772174930954562e-06
2.189199999999998454e+03 7.175823635819108230e-06
2.190100000000000819e+03 7.150156242763824709e-06
2.190899999999999181e+03 7.697048247279016418e-06
2.191699999999998454e+03 7.712300542972356872e-06
2.192600000000000819e+03 8.213593736776250378e-06
2.193399999999999181e+03 8.116193499742892502e-06
2.194199999999998454e+03 8.522065160944589904e-06
2.195100000000000819e+03 8.429315595199965685e-06
2.195899999999999181e+03 8.884661472898894058e-06
2.196699999999998454e+03 8.891923246266487775e-06
2.197600000000000819e+03 9.460261712911556423e-06
2.198399999999999181e+03 9.514394343213535560e-06
2.199199999999998454e+03 9.961179763379764666e-06
2.200100000000000819e+03 9.997184091254323091e-06
2.200899999999999181e+03 1.051713724025227865e-05
2.201699999999998454e+03 1.083752430440101681e-05
2.202600000000000819e+03 1.174369169598376518e-05
2.203399999999999181e+03 1.232703525084642526e-05
2.204199999999998454e+03 1.321871614916350975e-05
2.205100000000000819e+03 1.340510414607115775e-05
2.205899999999999181e+03 1.369205551119346299e-05
2.206699999999998454e+03 1.347984585774371346e-05
2.207600000000000819e+03 1.376217167481279977e-05
2.208399999999999181e+03 1.379392397880079228e-05
2.209199999999998454e+03 1.445896216912511128e-05
2.210100000000000819e+03 1.482978720866982694e-05
2.210899999999999181e+03 1.555500382823323820e-05
2.211800000000001546e+03 1.586871281869426623e-05
2.212600000000000819e+03 1.639166653061653711e-05
2.213399999999999181e+03 1.679487556513872463e-05
2.214300000000001546e+03 1.766552732908422221e-05
2.215100000000000819e+03 1.848509200598319853e-05
2.215899999999999181e+03 1.984558360111733980e-05
2.216800000000001546e+03 2.085735282779353907e-05
2.217600000000000819e+03 2.230234719521117728e-05
2.218399999999999181e+03 2.323239222967804160e-05
2.219300000000001546e+03 2.451797999038454975e-05
2.220100000000000819e+03 2.552672167822741731e-05
2.220899999999999181e+03 2.697837614563489787e-05
2.221800000000001546e+03 2.843601262839512203e-05
2.222600000000000819e+03 3.036659117765101894e-05
2.223399999999999181e+03 3.230611386912232084e-05
2.224300000000001546e+03 3.429252394718523557e-05
2.225100000000000819e+03 3.618859975581020089e-05
2.225899999999999181e+03 3.822821197966067946e-05
2.226800000000001546e+03 4.013405687714830802e-05
2.227600000000000819e+03 4.235724046889639019e-05
2.228399999999999181e+03 4.468032709670522335e-05
2.229300000000001546e+03 4.773291604176386962e-05
2.230100000000000819e+03 5.096808734047148838e-05
2.230899999999999181e+03 5.487848346119428126e-05
2.231800000000001546e+03 5.918013011610234004e-05
2.232600000000000819e+03 6.306498054260302314e-05
2.233399999999999181e+03 6.660612777882782113e-05
2.234300000000001546e+03 7.049524887884686122e-05
2.235100000000000819e+03 7.446423464608710365e-05
2.235899999999999181e+03 8.045734453271287119e-05
2.236800000000001546e+03 8.842451948574904692e-05
2.237600000000000819e+03 9.865750795504254437e-05
2.238399999999999181e+03 1.085029137534934554e-04
2.239300000000001546e+03 1.167603430351304663e-04
2.240100000000000819e+03 1.225239057563554763e-04
2.240899999999999181e+03 1.261631586588508869e-04
2.241800000000001546e+03 1.288975172913361185e-04
2.242600000000000819e+03 1.336067889800814979e-04
2.243399999999999181e+03 1.398447252115375217e-04
2.244300000000001546e+03 1.480530058003171089e-04
2.245100000000000819e+03 1.580822063321079293e-04
2.245899999999999181e+03 1.693750162024660287e-04
2.246800000000001546e+03 1.832454141180599779e-04
2.247600000000000819e+03 1.988420674286250933e-04
2.248399999999999181e+03 2.161094942475462650e-04
2.249300000000001546e+03 2.321765484202422238e-04
2.250100000000000819e+03 2.472258795865134393e-04
2.250899999999999181e+03 2.583348231359828065e-04
2.251800000000001546e+03 2.667201830544265644e-04
2.252600000000000819e+03 2.742843139622700463e-04
2.253500000000000000e+03 2.837100898328990465e-04
2.254300000000001546e+03 2.965479187748444319e-04
2.255100000000000819e+03 3.128340554266077550e-04
2.256000000000000000e+03 3.337159898210335126e-04
2.256800000000001546e+03 3.565666432589041515e-04
2.257600000000000819e+03 3.805395621040177879e-04
2.258500000000000000e+03 4.053479967452430581e-04
2.259300000000001546e+03 4.309513911462899464e-04
2.260100000000001273e+03 4.575766747647626309e-04
2.261000000000000000e+03 4.861981756482553494e-04
2.261800000000001546e+03 5.156390313618833873e-04
2.262600000000001273e+03 5.478960122075260874e-04
2.263500000000000000e+03 5.814432280440455167e-04
2.264300000000001546e+03 6.201683743653371673e-04
2.265100000000001273e+03 6.667301758686321926e-04
2.266000000000000000e+03 7.184574338031130426e-04
2.266800000000001546e+03 7.744577310247827964e-04
2.267600000000001273e+03 8.303314749786657898e-04
2.268500000000000000e+03 8.849344631287991807e-04
2.269300000000001546e+03 9.367695018021472003e-04
2.270100000000001273e+03 9.909179858274047483e-04
2.271000000000000000e+03 1.063920018671464648e-03
2.271800000000001546e+03 1.160912237400331219e-03
2.272600000000001273e+03 1.273069341274625683e-03
2.273500000000000000e+03 1.396489040772241810e-03
2.274300000000001546e+03 1.516242720383411237e-03
2.275100000000001273e+03 1.619156734896000241e-03
2.276000000000000000e+03 1.705697171484644135e-03
2.276800000000001546e+03 1.781068106987812290e-03
2.277600000000001273e+03 1.871947732216773866e-03
2.278500000000000000e+03 1.969273002031537382e-03
2.279300000000001546e+03 2.102868886968226221e-03
2.280100000000001273e+03 2.285555088649533773e-03
2.281000000000000000e+03 2.479979190409773663e-03
2.281800000000001546e+03 2.688841241089213237e-03
2.282600000000001273e+03 2.889315566081428633e-03
2.283500000000000000e+03 3.084657094541377095e-03
2.284300000000001546e+03 3.272404505206044992e-03
2.285100000000001273e+03 3.484143576520474031e-03
2.286000000000000000e+03 3.735287138488321834e-03
2.286800000000001546e+03 4.006623612373446178e-03
2.287600000000001273e+03 4.315558604326288385e-03
2.288500000000000000e+03 4.675739220558400473e-03
2.289300000000001546e+03 5.034461970182970043e-03
2.290100000000001273e+03 5.390434897650005046e-03
2.291000000000000000e+03 5.670634094435266816e-03
2.291800000000001546e+03 5.940972951276201133e-03
2.292600000000001273e+03 6.156833068914541185e-03
2.293500000000000000e+03 6.383818444689675145e-03
2.294300000000001546e+03 6.660804497327064283e-03
2.295199999999998454e+03 6.955479433883519913e-03
2.296000000000000000e+03 7.295325806556740740e-03
2.296800000000001546e+03 7.676031771306627768e-03
2.297699999999998454e+03 8.124274289973651766e-03
2.298500000000000000e+03 8.644740349933592236e-03
2.299300000000001546e+03 9.124364637893412830e-03
2.300199999999998454e+03 9.618263421656482459e-03
2.301000000000000000e+03 9.983565773683689831e-03
2.301800000000001546e+03 1.031616521281168188e-02
2.302699999999998454e+03 1.063707099480942428e-02
2.303500000000000000e+03 1.100920027961209934e-02
2.304300000000001546e+03 1.155047281515954836e-02
2.305199999999998454e+03 1.225468537135561420e-02
2.306000000000000000e+03 1.303390201527204056e-02
2.306800000000001546e+03 1.380472171622027650e-02
2.307699999999998454e+03 1.441970177529760741e-02
2.308500000000000000e+03 1.478615321501969629e-02
2.309300000000001546e+03 1.491796955024281800e-02
2.310199999999998454e+03 1.514818343230078627e-02
2.311000000000000000e+03 1.541583176482512821e-02
2.311800000000001546e+03 1.575316581394726329e-02
2.312699999999998454e+03 1.622957634327381118e-02
2.313500000000000000e+03 1.667911235370432566e-02
2.314300000000001546e+03 1.699300685730710525e-02
2.315199999999998454e+03 1.738481810941834224e-02
2.316000000000000000e+03 1.782568680330538433e-02
2.316800000000001546e+03 1.824251068355571201e-02
2.317699999999998454e+03 1.856027030031399266e-02
2.318500000000000000e+03 1.883172536988099444e-02
2.319300000000001546e+03 1.885900852156692509e-02
2.320199999999998454e+03 1.869475657459286622e-02
2.321000000000000000e+03 1.849660039576585605e-02
2.321800000000001546e+03 1.838165168472694413e-02
2.322699999999998454e+03 1.841015458992855888e-02
2.323500000000000000e+03 1.876239605481422323e-02
2.324300000000001546e+03 1.928778721524179382e-02
2.325199999999998454e+03 1.981607874674948602e-02
2.326000000000000000e+03 2.013311634316472531e-02
2.326800000000001546e+03 2.030073259769464913e-02
2.327699999999998454e+03 2.021841306130714444e-02
2.328500000000000000e+03 1.997676667841321793e-02
2.329300000000001546e+03 1.963770899774875539e-02
2.330199999999998454e+03 1.923985428174493362e-02
2.331000000000000000e+03 1.878097809325976822e-02
2.331800000000001546e+03 1.836534938710920536e-02
2.332699999999998454e+03 1.808159539229460197e-02
2.333500000000000000e+03 1.802602133286947822e-02
2.334300000000001546e+03 1.799934037687391658e-02
2.335199999999998454e+03 1.809898225664038907e-02
2.336000000000000000e+03 1.817221969884054780e-02
2.336899999999998727e+03 1.821264362076979726e-02
2.337699999999998454e+03 1.808163840627247457e-02
2.338500000000000000e+03 1.781555086665989954e-02
2.339399999999998727e+03 1.732847901567230106e-02
2.340199999999998454e+03 1.654597487487479215e-02
2.341000000000000000e+03 1.556890622240352656e-02
2.341899999999998727e+03 1.467335213044794993e-02
2.342699999999997999e+03 1.388162456382148295e-02
2.343500000000000000e+03 1.340945705617042037e-02
2.344399999999998727e+03 1.314279497271040285e-02
2.345199999999997999e+03 1.296803532542487730e-02
2.346000000000000000e+03 1.255146338418786436e-02
2.346899999999998727e+03 1.194424427569146067e-02
2.347699999999997999e+03 1.111665226879136881e-02
2.348500000000000000e+03 1.011496733126293103e-02
2.349399999999998727e+03 9.153611070427010443e-03
2.350199999999997999e+03 8.278503980100918383e-03
2.351000000000000000e+03 7.516253278032423123e-03
2.351899999999998727e+03 6.864866188074734456e-03
2.352699999999997999e+03 6.255213717400938053e-03
2.353500000000000000e+03 5.702167334378753158e-03
2.354399999999998727e+03 5.109174177339129673e-03
2.355199999999997999e+03 4.510575070010520125e-03
2.356000000000000000e+03 3.977759389757611584e-03
2.356899999999998727e+03 3.467705477629702462e-03
2.357699999999997999e+03 3.048606157949355563e-03
2.358500000000000000e+03 2.671228860602231723e-03
2.359399999999998727e+03 2.369638505372947783e-03
2.360199999999997999e+03 2.096375619764054895e-03
2.361000000000000000e+03 1.857956821424860223e-03
2.361899999999998727e+03 1.646083485050894206e-03
2.362699999999997999e+03 1.455071620707590633e-03
2.363500000000000000e+03 1.278420280123297986e-03
2.364399999999998727e+03 1.125737802780489571e-03
2.365199999999997999e+03 9.884085810819673475e-04
2.366000000000000000e+03 8.715379440626905717e-04
2.366899999999998727e+03 7.619026268146096136e-04
2.367699999999997999e+03 6.714069627867946680e-04
2.368500000000000000e+03 5.872067938376976728e-04
2.369399999999998727e+03 5.178732695459475942e-04
2.370199999999997999e+03 4.570902788477130977e-04
2.371000000000000000e+03 4.140612460722364451e-04
2.371899999999998727e+03 3.744709350343641287e-04
2.372699999999997999e+03 3.480045880641698531e-04
2.373500000000000000e+03 3.229629869385477483e-04
2.374399999999998727e+03 3.052137298290868474e-04
2.375199999999997999e+03 2.833725837278654658e-04
2.376000000000000000e+03 2.690100014427697058e-04
2.376899999999998727e+03 2.473133208586960935e-04
2.377699999999997999e+03 2.316172745349506692e-04
2.378500000000000000e+03 2.115240935978235457e-04
2.379399999999998727e+03 1.982827628190637036e-04
2.380199999999997999e+03 1.806830560934217145e-04
2.381100000000001273e+03 1.708340380425568412e-04
2.381899999999998727e+03 1.581124943173916188e-04
2.382699999999997999e+03 1.518288035031758706e-04
2.383600000000001273e+03 1.411661914227847921e-04
2.384399999999998727e+03 1.356088561460939133e-04
2.385199999999997999e+03 1.237245764279985914e-04
2.386100000000001273e+03 1.174247492272225866e-04
2.386899999999998727e+03 1.076233445774473684e-04
2.387699999999997999e+03 1.035523204373871964e-04
2.388600000000001273e+03 9.655471127010861786e-05
2.389399999999998727e+03 9.444630433348794540e-05
2.390199999999997999e+03 8.684879765123409132e-05
2.391100000000001273e+03 8.376187802145610513e-05
2.391899999999998727e+03 7.612498282516918157e-05
2.392699999999997999e+03 7.318269155116949743e-05
2.393600000000001273e+03 6.585943584704508091e-05
2.394399999999998727e+03 6.438854829391253145e-05
2.395199999999997999e+03 5.855967499212587265e-05
2.396100000000001273e+03 5.721992169542431734e-05
2.396899999999998727e+03 5.255970130360077279e-05
2.397699999999997999e+03 5.195048204513279618e-05
2.398600000000001273e+03 4.699799089087377911e-05
2.399399999999998727e+03 4.611514005555791872e-05
2.400199999999997999e+03 4.146585873279546084e-05
2.401100000000001273e+03 4.181264018767426733e-05
2.401899999999998727e+03 3.826994260478947207e-05
2.402699999999997999e+03 3.960800821734452697e-05
2.403600000000001273e+03 3.627909809284950621e-05
2.404399999999998727e+03 3.657336433516753492e-05
2.405199999999997999e+03 3.206740964231560940e-05
2.406100000000001273e+03 3.164212122570325594e-05
2.406899999999998727e+03 2.719171042104339821e-05
2.407699999999997999e+03 2.715702901878290515e-05
2.408600000000001273e+03 2.335140987867908685e-05
2.409399999999998727e+03 2.402756349537382821e-05
2.410199999999997999e+03 2.093349985835478875e-05
2.411100000000001273e+03 2.221664098399931607e-05
2.411899999999998727e+03 1.982598557251419576e-05
2.412699999999997999e+03 2.151956807219791940e-05
2.413600000000001273e+03 1.913696718169279181e-05
2.414399999999998727e+03 2.067407948531412216e-05
2.415199999999997999e+03 1.810083769530064802e-05
2.416100000000001273e+03 1.965140557003486736e-05
2.416899999999998727e+03 1.711748224271905365e-05
2.417699999999997999e+03 1.865082083788788058e-05
2.418600000000001273e+03 1.624042876989374940e-05
2.419399999999998727e+03 1.762735242371285858e-05
2.420199999999997999e+03 1.503982133801532673e-05
2.421100000000001273e+03 1.623755635789924845e-05
2.421899999999998727e+03 1.351203033852963204e-05
2.422800000000002001e+03 1.452360664751501660e-05
2.423600000000001273e+03 1.182834729078584003e-05
2.424399999999998727e+03 1.303078814124027180e-05
2.425300000000002001e+03 1.058178820146311689e-05
2.426100000000001273e+03 1.187773053271984419e-05
2.426899999999998727e+03 9.463922509672114238e-06
2.427800000000002001e+03 1.079645870609456002e-05
2.428600000000001273e+03 8.469203793396816985e-06
2.429399999999998727e+03 1.003526642440041920e-05
2.430300000000002001e+03 8.042007906573103260e-06
2.431100000000001273e+03 9.741411211365333498e-06
2.431899999999998727e+03 7.686271801778584307e-06
2.432800000000002001e+03 9.068949883807810565e-06
2.433600000000001273e+03 6.749098367999843623e-06
2.434399999999998727e+03 8.005933066499088926e-06
2.435300000000002001e+03 5.804805444947492478e-06
2.436100000000001273e+03 7.247924863793484132e-06
2.436899999999998727e+03 5.227793126706749044e-06
2.437800000000002001e+03 6.723932610099488714e-06
2.438600000000001273e+03 4.673997584593909197e-06
2.439399999999998727e+03 6.164494657206558736e-06
2.440300000000002001e+03 4.232031911373762309e-06
2.441100000000001273e+03 5.866852204750500357e-06
2.441899999999998727e+03 4.076680785394538989e-06
2.442800000000002001e+03 5.736972936427957000e-06
2.443600000000001273e+03 3.894096035252498648e-06
2.444399999999998727e+03 5.435991063074661301e-06
2.445300000000002001e+03 3.541357636025198961e-06
2.446100000000001273e+03 5.053280001745748295e-06
2.446899999999998727e+03 3.238690548756688441e-06
2.447800000000002001e+03 4.888663480584862664e-06
2.448600000000001273e+03 3.199238957797488694e-06
2.449399999999998727e+03 4.918240079195410496e-06
2.450300000000002001e+03 3.307734527528744750e-06
2.451100000000001273e+03 4.985070310413493542e-06
2.451899999999998727e+03 3.310848770251758748e-06
2.452800000000002001e+03 4.935890831223091457e-06
2.453600000000001273e+03 3.211353568149868073e-06
2.454399999999998727e+03 4.745005040848961599e-06
2.455300000000002001e+03 2.936189126751565653e-06
2.456100000000001273e+03 4.391526082254158766e-06
2.456899999999998727e+03 2.540007316520427733e-06
2.457800000000002001e+03 4.012396487620882322e-06
2.458600000000001273e+03 2.297690314987026586e-06
2.459399999999998727e+03 3.884755795749313620e-06
2.460300000000002001e+03 2.218489107650437446e-06
2.461100000000001273e+03 3.786461190580819083e-06
2.461899999999998727e+03 2.058239764939763445e-06
2.462800000000002001e+03 3.530427753520803175e-06
2.463600000000001273e+03 1.818825254461112221e-06
2.464500000000000000e+03 3.394017033871437963e-06
2.465300000000002001e+03 1.811141655302124501e-06
2.466100000000001273e+03 3.441212523441761545e-06
2.467000000000000000e+03 1.850978633068596367e-06
2.467800000000002001e+03 3.373335329544056991e-06
2.468600000000001273e+03 1.638882023425146378e-06
2.469500000000000000e+03 3.081475903634214222e-06
2.470300000000002001e+03 1.380400092484803187e-06
2.471100000000001273e+03 2.885965914002312613e-06
2.472000000000000000e+03 1.295299425908720918e-06
2.472800000000002001e+03 2.837986064545287657e-06
2.473600000000001273e+03 1.266169346185299282e-06
2.474500000000000000e+03 2.812438403969869275e-06
2.475300000000002001e+03 1.231845196518117613e-06
2.476100000000001273e+03 2.734053233242264845e-06
2.477000000000000000e+03 1.091847151054842539e-06
2.477800000000002001e+03 2.488085358887485954e-06
2.478600000000001273e+03 7.762508608656542540e-07
2.479500000000000000e+03 2.187823318309212479e-06
2.480300000000002001e+03 6.051457733138934249e-07
2.481100000000001273e+03 2.148954892427592760e-06
2.482000000000000000e+03 6.887100420485268065e-07
2.482800000000002001e+03 2.259180656405222291e-06
2.483600000000001273e+03 7.564497141140840044e-07
2.484500000000000000e+03 2.227001020836667717e-06
2.485300000000002001e+03 6.300026601287771892e-07
2.486100000000001273e+03 2.007125640535737394e-06
2.487000000000000000e+03 3.647639706454583693e-07
2.487800000000002001e+03 1.762111631864788857e-06
2.488600000000001273e+03 1.830477648896866710e-07
2.489500000000000000e+03 1.664821910030320174e-06
2.490300000000002001e+03 1.853585372301128323e-07
2.491100000000001273e+03 1.710654255917255749e-06
2.492000000000000000e+03 2.669879450667496313e-07
2.492800000000002001e+03 1.789856415706212217e-06
2.493600000000001273e+03 3.295536808026240601e-07
2.494500000000000000e+03 1.820405864526971025e-06
2.495300000000002001e+03 3.467002199091312632e-07
2.496100000000001273e+03 1.818154297854673537e-06
2.497000000000000000e+03 3.226844099832139621e-07
2.497800000000002001e+03 1.761945321391730707e-06
2.498600000000001273e+03 2.441705045646587620e-07
2.499500000000000000e+03 1.658073723558651398e-06
2.500300000000002001e+03 1.556326524644683292e-07
2.501100000000001273e+03 1.587115930013491322e-06
2.502000000000000000e+03 1.053820029421785213e-07
2.502800000000002001e+03 1.523062002815667414e-06
2.503600000000001273e+03 2.590596701118545378e-08
2.504500000000000000e+03 1.416818918412379416e-06
2.505300000000002001e+03 -7.655461872597472407e-08
2.506199999999997999e+03 1.340708606426095495e-06
2.507000000000000000e+03 -1.068871849253920068e-07
2.507800000000002001e+03 1.327561488548607843e-06
2.508699999999997999e+03 -1.141798669085223224e-07
2.509500000000000000e+03 1.298327179811920616e-06
2.510300000000002001e+03 -1.750465720249987497e-07
2.511199999999997999e+03 1.205904028710888884e-06
2.512000000000000000e+03 -2.600087428095779969e-07
2.512800000000002001e+03 1.133873988869909973e-06
2.513699999999997999e+03 -2.953333883850417949e-07
2.514500000000000000e+03 1.135334805007363366e-06
2.515300000000002001e+03 -2.613586228256441311e-07
2.516199999999997999e+03 1.170791257700769651e-06
2.517000000000000000e+03 -2.345996486914837010e-07
2.517800000000002001e+03 1.175279314646115805e-06
2.518699999999997999e+03 -2.492325215963165437e-07
2.519500000000000000e+03 1.146119785709978579e-06
2.520300000000002001e+03 -2.864527225112729531e-07
2.521199999999997999e+03 1.089601206923940412e-06
2.522000000000000000e+03 -3.432360431139015669e-07
2.522800000000002001e+03 1.030700108482366529e-06
2.523699999999997999e+03 -3.840845590912629325e-07
2.524500000000000000e+03 1.014525716000289782e-06
2.525300000000002001e+03 -3.735892099362977673e-07
2.526199999999997999e+03 1.025782043872549144e-06
2.527000000000000000e+03 -3.623303012253656318e-07
2.527800000000002001e+03 1.021720571908005846e-06
2.528699999999997999e+03 -3.755771623727107566e-07
2.529500000000000000e+03 9.950653014020946169e-07
2.530300000000002001e+03 -4.055002662269494387e-07
2.531199999999997999e+03 9.554756662981602875e-07
2.532000000000000000e+03 -4.499881119174815756e-07
2.532800000000002001e+03 9.120295515585660905e-07
2.533699999999997999e+03 -4.746928521477381037e-07
2.534500000000000000e+03 8.909604141875384927e-07
2.535300000000002001e+03 -4.846701348082239834e-07
2.536199999999997999e+03 8.672048695520847626e-07
2.537000000000000000e+03 -5.114818840208203112e-07
2.537800000000002001e+03 8.374325911388664763e-07
2.538699999999997999e+03 -5.345202627478811188e-07
2.539500000000000000e+03 8.285825266379342118e-07
2.540300000000002001e+03 -5.287946352827219597e-07
2.541199999999997999e+03 8.308061649488767685e-07
2.542000000000000000e+03 -5.324043130029960130e-07
2.542800000000002001e+03 8.089769705886531721e-07
2.543699999999997999e+03 -5.604947141567107952e-07
2.544500000000000000e+03 7.703046085630781173e-07
2.545300000000002001e+03 -5.961174465989052003e-07
2.546199999999997999e+03 7.485231904425744630e-07
2.547000000000000000e+03 -5.962082552510705044e-07
2.547899999999998727e+03 7.622788762240082585e-07
2.548699999999997999e+03 -5.687104453809449563e-07
2.549500000000000000e+03 7.790906498303583049e-07
2.550399999999998727e+03 -5.621940735257970635e-07
2.551199999999997999e+03 7.693591367497894267e-07
2.552000000000000000e+03 -5.786223744468912063e-07
2.552899999999998727e+03 7.556926681033396103e-07
2.553699999999997999e+03 -5.797543425785741275e-07
2.554500000000000000e+03 7.600714296033111263e-07
2.555399999999998727e+03 -5.660736270881641794e-07
2.556199999999997999e+03 7.825276448639927008e-07
2.557000000000000000e+03 -5.316669643216949017e-07
2.557899999999998727e+03 8.080260851590048158e-07
2.558699999999997999e+03 -5.107798037289563941e-07
2.559500000000000000e+03 8.103910243872941169e-07
2.560399999999998727e+03 -5.336285522620923057e-07
2.561199999999997999e+03 7.660387587550500829e-07
2.562000000000000000e+03 -5.775969488659982569e-07
2.562899999999998727e+03 7.223098578351434880e-07
2.563699999999997999e+03 -6.053635776633319036e-07
2.564500000000000000e+03 7.095699164171526954e-07
2.565399999999998727e+03 -6.021101232733252559e-07
2.566199999999997999e+03 7.158981942918716832e-07
2.567000000000000000e+03 -5.887495823272886011e-07
2.567899999999998727e+03 7.271021065596526765e-07
2.568699999999997999e+03 -5.783020217017519300e-07
2.569500000000000000e+03 7.313972058726415297e-07
2.570399999999998727e+03 -5.729952827877816101e-07
2.571199999999997999e+03 7.276102859840731009e-07
2.572000000000000000e+03 -5.760023254606308496e-07
2.572899999999998727e+03 7.192863438811924622e-07
2.573699999999997999e+03 -5.826274704485645655e-07
2.574500000000000000e+03 7.158714027285041536e-07
2.575399999999998727e+03 -5.771342106367847111e-07
2.576199999999997999e+03 7.245465539608010155e-07
2.577000000000000000e+03 -5.635144183011920851e-07
2.577899999999998727e+03 7.314059930138376920e-07
2.578699999999997999e+03 -5.715212982282416256e-07
2.579500000000000000e+03 7.019553362581062809e-07
2.580399999999998727e+03 -6.081376719941005384e-07
2.581199999999997999e+03 6.646440901141058345e-07
2.582000000000000000e+03 -6.270191491742574371e-07
2.582899999999998727e+03 6.675400061750937035e-07
2.583699999999997999e+03 -5.984597113159961600e-07
2.584500000000000000e+03 7.025520937526958405e-07
2.585399999999998727e+03 -5.674571409625078127e-07
2.586199999999997999e+03 7.196495354758763142e-07
2.587000000000000000e+03 -5.685123352885227150e-07
2.587899999999998727e+03 6.984679165526844893e-07
2.588699999999997999e+03 -5.956762153586331994e-07
2.589600000000001273e+03 6.713536254542194663e-07
2.590399999999998727e+03 -6.127671128123216493e-07
2.591199999999997999e+03 6.588651621854956587e-07
2.592100000000001273e+03 -6.131324950474503983e-07
2.592899999999998727e+03 6.624989523127998639e-07
2.593699999999997999e+03 -6.060238821653905114e-07
2.594600000000001273e+03 6.733927952485830977e-07
2.595399999999998727e+03 -5.896122276537368809e-07
2.596199999999997999e+03 6.861780887613982538e-07
2.597100000000001273e+03 -5.734250845996449328e-07
2.597899999999998727e+03 6.989869416443851407e-07
2.598699999999997999e+03 -5.629469103115632384e-07
2.599600000000001273e+03 7.070956295122302560e-07
2.600399999999998727e+03 -5.508270461090284343e-07
2.601199999999997999e+03 7.173185557831261837e-07
2.602100000000001273e+03 -5.405566907826624416e-07
2.602899999999998727e+03 7.219114562271355621e-07
2.603699999999997999e+03 -5.449005495120089126e-07
2.604600000000001273e+03 7.052140199188527323e-07
2.605399999999998727e+03 -5.652737729521447101e-07
2.606199999999997999e+03 6.793792656204799764e-07
2.607100000000001273e+03 -5.857458210064671449e-07
2.607899999999998727e+03 6.646914669383169756e-07
2.608699999999997999e+03 -5.874013798563602674e-07
2.609600000000001273e+03 6.736582222163925335e-07
2.610399999999998727e+03 -5.662376639652487957e-07
2.611199999999997999e+03 6.938678174122337576e-07
2.612100000000001273e+03 -5.571089917847127460e-07
2.612899999999998727e+03 6.877948121341167934e-07
2.613699999999997999e+03 -5.801975739688177079e-07
2.614600000000001273e+03 6.526119129779132151e-07
2.615399999999998727e+03 -6.053401657696553849e-07
2.616199999999997999e+03 6.353725251277181212e-07
2.617100000000001273e+03 -6.067426856773700156e-07
2.617899999999998727e+03 6.450744814606272578e-07
2.618699999999997999e+03 -5.860431081204519730e-07
2.619600000000001273e+03 6.706654018080881219e-07
2.620399999999998727e+03 -5.583671813620669674e-07
2.621199999999997999e+03 6.953695244805197059e-07
2.622100000000001728e+03 -5.453391384650679740e-07
2.622899999999998272e+03 6.894815899146720725e-07
2.623699999999997999e+03 -5.637353933952863028e-07
2.624600000000001728e+03 6.599300346565347327e-07
2.625399999999998272e+03 -5.847837550149963364e-07
2.626199999999997999e+03 6.487130645740385569e-07
2.627100000000001728e+03 -5.815343869528884234e-07
2.627899999999998272e+03 6.576769624950118129e-07
2.628699999999997999e+03 -5.730465001457326229e-07
2.629600000000001728e+03 6.610077805966683861e-07
2.630399999999998272e+03 -5.735894468467482831e-07
2.631199999999997999e+03 6.591564282643047667e-07
2.632100000000001728e+03 -5.673226147466782108e-07
2.632899999999998272e+03 6.723713730400604587e-07
2.633800000000002001e+03 -5.424996014393773004e-07
2.634600000000001728e+03 6.956621454996322000e-07
2.635399999999998272e+03 -5.219831629598790721e-07
2.636300000000002001e+03 7.013298515711443997e-07
2.637100000000001728e+03 -5.319970013567118051e-07
2.637899999999998272e+03 6.813358485773079694e-07
2.638800000000002001e+03 -5.511219929553733853e-07
2.639600000000001728e+03 6.676497563396623704e-07
2.640399999999998272e+03 -5.531863935201928279e-07
2.641300000000002001e+03 6.740929706357123586e-07
2.642100000000001728e+03 -5.389320319455097170e-07
2.642899999999998272e+03 6.852943020648211077e-07
2.643800000000002001e+03 -5.282178209117352871e-07
2.644600000000001728e+03 6.881790652158285562e-07
2.645399999999998272e+03 -5.279577123150483818e-07
2.646300000000002001e+03 6.875922623846921672e-07
2.647100000000001728e+03 -5.261326261610365377e-07
2.647899999999998272e+03 6.870419292619456794e-07
2.648800000000002001e+03 -5.289347533156767869e-07
2.649600000000001728e+03 6.804479786252584986e-07
2.650399999999998272e+03 -5.414937963772528766e-07
2.651300000000002001e+03 6.652827555128620651e-07
2.652100000000001728e+03 -5.540880863212779020e-07
2.652899999999998272e+03 6.476767042254821243e-07
2.653800000000002001e+03 -5.698964697931192378e-07
2.654600000000001728e+03 6.337568893941543638e-07
2.655399999999998272e+03 -5.742741497987895329e-07
2.656300000000002001e+03 6.361840759932944491e-07
2.657100000000001728e+03 -5.666136061319479544e-07
2.657899999999998272e+03 6.481379984140095571e-07
2.658800000000002001e+03 -5.533801714905566244e-07
2.659600000000001728e+03 6.587335701374429041e-07
2.660399999999998272e+03 -5.418623247776215312e-07
2.661300000000002001e+03 6.645294578630468176e-07
2.662100000000001728e+03 -5.394742348119502246e-07
2.662899999999998272e+03 6.584060494201319868e-07
2.663800000000002001e+03 -5.453211954914368784e-07
2.664600000000001728e+03 6.537792816133938452e-07
2.665399999999998272e+03 -5.489677976392962384e-07
2.666300000000002001e+03 6.547694326599956155e-07
2.667100000000001728e+03 -5.415233992113177691e-07
2.667899999999998272e+03 6.627616939794185726e-07
2.668800000000002001e+03 -5.306700508632846997e-07
2.669600000000001728e+03 6.696748052595722940e-07
2.670399999999998272e+03 -5.245707302479840816e-07
2.671300000000002001e+03 6.656104913000618155e-07
2.672100000000001728e+03 -5.372626189078257216e-07
2.672899999999998272e+03 6.460219872205847091e-07
2.673800000000002001e+03 -5.589808955812237487e-07
2.674600000000001728e+03 6.302110628516213422e-07
2.675500000000000000e+03 -5.588074601499716402e-07
2.676300000000002001e+03 6.474750915662897053e-07
2.677100000000001728e+03 -5.290903932497933293e-07
2.678000000000000000e+03 6.777805896839103802e-07
2.678800000000002001e+03 -4.998418038724488956e-07
2.679600000000001728e+03 6.955347012280180283e-07
2.680500000000000000e+03 -4.951498453098014571e-07
2.681300000000002001e+03 6.858353564580515894e-07
2.682100000000001728e+03 -5.136707332409365948e-07
2.683000000000000000e+03 6.640948016165371882e-07
2.683800000000002001e+03 -5.290906574785146762e-07
2.684600000000001728e+03 6.593727885730575559e-07
2.685500000000000000e+03 -5.191315236442684363e-07
2.686300000000002001e+03 6.722272393450276693e-07
2.687100000000001728e+03 -5.075904155865795052e-07
2.688000000000000000e+03 6.789280489924849868e-07
2.688800000000002001e+03 -5.055561248062786491e-07
2.689600000000001728e+03 6.761594850303014115e-07
2.690500000000000000e+03 -5.077257559955621476e-07
2.691300000000002001e+03 6.754598934043012371e-07
2.692100000000001728e+03 -5.040695002820949786e-07
2.693000000000000000e+03 6.818965972275554297e-07
2.693800000000002001e+03 -4.912258337288654559e-07
2.694600000000001728e+03 6.945095859622513649e-07
2.695500000000000000e+03 -4.807505791681535063e-07
2.696300000000002001e+03 6.963806632759012517e-07
2.697100000000001728e+03 -4.864891959329051496e-07
2.698000000000000000e+03 6.820105842689456180e-07
2.698800000000002001e+03 -5.052980286492715048e-07
2.699600000000001728e+03 6.610853901024777040e-07
2.700500000000000000e+03 -5.236539865487950956e-07
2.701300000000002001e+03 6.461906327381570868e-07
2.702100000000001728e+03 -5.313207893639043321e-07
2.703000000000000000e+03 6.442512860967523597e-07
2.703800000000002001e+03 -5.290661825250989969e-07
2.704600000000001728e+03 6.447005363714723156e-07
2.705500000000000000e+03 -5.261863905609635665e-07
2.706300000000002001e+03 6.477615646589917194e-07
2.707100000000001728e+03 -5.190883529726086808e-07
2.708000000000000000e+03 6.587711766438206308e-07
2.708800000000002001e+03 -5.029112874790493877e-07
2.709600000000001728e+03 6.728259017443523086e-07
2.710500000000000000e+03 -4.958956032237787178e-07
2.711300000000002001e+03 6.735767107283037076e-07
2.712100000000001728e+03 -4.989804858344613350e-07
2.713000000000000000e+03 6.661847586290732133e-07
2.713800000000002001e+03 -5.056168052393638358e-07
2.714600000000001728e+03 6.597592322952140040e-07
2.715500000000000000e+03 -5.110048282818256495e-07
2.716300000000002001e+03 6.521208807685331181e-07
2.717199999999997999e+03 -5.111298760603858508e-07
2.718000000000000000e+03 6.575926059395287605e-07
2.718800000000002001e+03 -5.000797971396496537e-07
2.719699999999997999e+03 6.707294281141672442e-07
2.720500000000000000e+03 -4.902653316027329877e-07
2.721300000000002001e+03 6.733924250211305393e-07
2.722199999999997999e+03 -4.938950421614777886e-07
2.723000000000000000e+03 6.646194369599247015e-07
2.723800000000002001e+03 -5.005555778214428377e-07
2.724699999999997999e+03 6.610214836210511268e-07
2.725500000000000000e+03 -4.965898365371060427e-07
2.726300000000002001e+03 6.657356619757023483e-07
2.727199999999997999e+03 -4.936766534364251955e-07
2.728000000000000000e+03 6.642157354153559878e-07
2.728800000000002001e+03 -4.977031243126794792e-07
2.729699999999997999e+03 6.600100375829703405e-07
2.730500000000000000e+03 -4.969417154556068221e-07
2.731300000000002001e+03 6.627789118602799899e-07
2.732199999999997999e+03 -4.912236830299711955e-07
2.733000000000000000e+03 6.664315820514481333e-07
2.733800000000002001e+03 -4.905624967413663497e-07
2.734699999999997999e+03 6.624494327780044839e-07
2.735500000000000000e+03 -5.015098613553441593e-07
2.736300000000002001e+03 6.462439086221923760e-07
2.737199999999997999e+03 -5.146276621344773717e-07
2.738000000000000000e+03 6.403584289255114100e-07
2.738800000000002001e+03 -5.115704006424499160e-07
2.739699999999997999e+03 6.468886758609535123e-07
2.740500000000000000e+03 -5.017433719515643212e-07
2.741300000000002001e+03 6.537910182845020816e-07
2.742199999999997999e+03 -4.961043254790300809e-07
2.743000000000000000e+03 6.589901792397863595e-07
2.743800000000002001e+03 -4.906057780203978318e-07
2.744699999999997999e+03 6.628118175533605008e-07
2.745500000000000000e+03 -4.857219494645482984e-07
2.746300000000002001e+03 6.655446491896310815e-07
2.747199999999997999e+03 -4.840556432650382823e-07
2.748000000000000000e+03 6.602968486426416250e-07
2.748800000000002001e+03 -4.975558014384296315e-07
